episode, reward, success, duration, n_steps, success_count, memory length, avg_critic_loss, avg_actor_loss
601, -1305.3443043082952, False, 20.888688564300537, 390, 0, 100000, 0.22210454940795898, 5331.3388671875
602, -655.783364109695, False, 26.97477698326111, 497, 0, 100000, 0.223345547914505, 5315.44287109375
603, -598.6898526772857, False, 27.53925108909607, 497, 0, 100000, 0.18982377648353577, 5325.5205078125
604, -554.8607823848724, False, 27.610663175582886, 497, 0, 100000, 0.17931102216243744, 5312.3134765625
605, -1417.7047090381384, False, 27.398107290267944, 495, 0, 100000, 0.21845665574073792, 5330.38916015625
606, -623.1504618152976, False, 27.281752347946167, 497, 0, 100000, 0.20544220507144928, 5339.087890625
607, -1385.4440705180168, False, 27.919013261795044, 497, 0, 100000, 0.23276224732398987, 5348.78759765625
608, -614.6414375603199, False, 27.61939573287964, 497, 0, 100000, 0.17641791701316833, 5351.21337890625
609, -615.7843384295702, False, 27.63951826095581, 497, 0, 100000, 0.20862914621829987, 5350.7607421875
610, -623.6817253381014, False, 27.658811807632446, 497, 0, 100000, 0.2085537612438202, 5353.61328125
611, -592.1235422044992, False, 27.437854290008545, 497, 0, 100000, 0.2306736260652542, 5360.93994140625
612, -598.4112750440836, False, 27.25502872467041, 497, 0, 100000, 0.17105922102928162, 5359.8974609375
613, -1424.2672409713268, False, 27.385499238967896, 491, 0, 100000, 0.1784599870443344, 5363.486328125
614, -599.5503826439381, False, 27.373965740203857, 497, 0, 100000, 0.21716433763504028, 5372.80078125
615, -648.1485545113683, False, 27.338773727416992, 497, 0, 100000, 0.18437519669532776, 5365.22265625
616, -1423.300851225853, False, 27.369297981262207, 489, 0, 100000, 0.1838187575340271, 5378.970703125
617, -560.2027946710587, False, 27.509974718093872, 497, 0, 100000, 0.21126435697078705, 5377.8515625
618, -654.7964226305485, False, 27.115556716918945, 497, 0, 100000, 0.21311549842357635, 5371.287109375
619, -1356.5696802511811, False, 27.253113508224487, 488, 0, 100000, 0.18694905936717987, 5383.27734375
620, -599.4990935772657, False, 27.425074100494385, 497, 0, 100000, 0.1723678708076477, 5375.6572265625
621, -1414.624576330185, False, 27.217153549194336, 490, 0, 100000, 0.1800263673067093, 5386.79443359375
622, -625.8277374356985, False, 27.9730007648468, 497, 0, 100000, 0.13215908408164978, 5393.75146484375
623, -1385.8879194259644, False, 27.708216190338135, 494, 0, 100000, 0.2053225338459015, 5409.404296875
624, -1409.274033561349, False, 26.93994951248169, 484, 0, 100000, 0.19022080302238464, 5391.78564453125
625, -662.1132850944996, False, 27.61263155937195, 497, 0, 100000, 0.13936355710029602, 5395.73193359375
626, -603.3133056014776, False, 27.500975370407104, 497, 0, 100000, 0.17788279056549072, 5402.34814453125
627, -624.0779251903296, False, 27.411044597625732, 497, 0, 100000, 0.1530628502368927, 5400.87939453125
628, -620.0090805590153, False, 27.871825218200684, 497, 0, 100000, 0.15344159305095673, 5405.8154296875
629, -612.987768009305, False, 27.18006443977356, 497, 0, 100000, 0.1456185281276703, 5420.208984375
630, -1413.8115790113807, False, 27.780635595321655, 496, 0, 100000, 0.14346535503864288, 5421.52197265625
631, -630.3231397643685, False, 27.80321192741394, 497, 0, 100000, 0.16555854678153992, 5420.18408203125
632, -599.7015985399485, False, 27.526833534240723, 497, 0, 100000, 0.16141429543495178, 5418.80322265625
633, -589.2694268226624, False, 26.859444618225098, 497, 0, 100000, 0.11533653736114502, 5420.97705078125
634, -581.9182582944632, False, 22.275557279586792, 497, 0, 100000, 0.12776711583137512, 5419.20263671875
635, -608.9037875980139, False, 22.39292001724243, 497, 0, 100000, 0.10953950136899948, 5426.01611328125
636, -595.5895152688026, False, 22.36837363243103, 497, 0, 100000, 0.08432253450155258, 5437.67041015625
637, -598.2509806901217, False, 22.239152193069458, 497, 0, 100000, 0.12109189480543137, 5431.73828125
638, -601.7079788595438, False, 22.31234622001648, 497, 0, 100000, 0.09010697901248932, 5423.32373046875
639, -591.6801878064871, False, 22.43344211578369, 497, 0, 100000, 0.09601220488548279, 5449.01171875
640, -596.271033897996, False, 22.32143521308899, 497, 0, 100000, 0.11308703571557999, 5437.97412109375
641, -601.9445435851812, False, 22.613680362701416, 497, 0, 100000, 0.0966702550649643, 5447.86328125
642, -597.0668541043997, False, 22.568212032318115, 497, 0, 100000, 0.11419612914323807, 5442.0849609375
643, -605.6009477674961, False, 22.463537216186523, 497, 0, 100000, 0.12487915903329849, 5459.1689453125
644, -595.7799140363932, False, 22.625935554504395, 497, 0, 100000, 0.13760270178318024, 5457.44140625
645, -626.4006281346083, False, 22.421766757965088, 497, 0, 100000, 0.11640419065952301, 5461.5302734375
646, -616.2095572948456, False, 22.413126468658447, 497, 0, 100000, 0.10327138006687164, 5465.80029296875
647, -605.426850527525, False, 22.46321678161621, 497, 0, 100000, 0.11165405064821243, 5470.5986328125
648, -603.9184823930264, False, 22.652132272720337, 497, 0, 100000, 0.09366311877965927, 5475.3505859375
649, -600.1225195378065, False, 22.555405855178833, 497, 0, 100000, 0.12865851819515228, 5472.880859375
650, -607.7050430774689, False, 22.426581859588623, 497, 0, 100000, 0.13553105294704437, 5477.84619140625
651, -599.7176628559828, False, 22.525845527648926, 497, 0, 100000, 0.10477139055728912, 5483.5732421875
652, -606.8033586591482, False, 22.41612410545349, 497, 0, 100000, 0.13002827763557434, 5491.220703125
653, -606.4493609517813, False, 22.477413177490234, 497, 0, 100000, 0.12263989448547363, 5486.06689453125
654, -605.7642624527216, False, 22.508697748184204, 497, 0, 100000, 0.10686132311820984, 5486.37353515625
655, -600.869682982564, False, 22.19239044189453, 497, 0, 100000, 0.12314105033874512, 5500.32666015625
656, -595.6354182809591, False, 22.493029594421387, 497, 0, 100000, 0.1067538931965828, 5502.47412109375
657, -621.3976718485355, False, 22.703920364379883, 497, 0, 100000, 0.09832153469324112, 5500.1474609375
658, -600.1679087728262, False, 22.36421799659729, 497, 0, 100000, 0.11750173568725586, 5515.30419921875
659, -602.3383007273078, False, 22.43064284324646, 497, 0, 100000, 0.09703044593334198, 5511.63330078125
660, -603.1760022938251, False, 22.843940258026123, 497, 0, 100000, 0.0719180703163147, 5511.806640625
661, -618.1626931577921, False, 22.554649591445923, 497, 0, 100000, 0.11222147196531296, 5512.5029296875
662, -588.6477158814669, False, 22.725240230560303, 497, 0, 100000, 0.10776887089014053, 5514.7451171875
663, -604.8793765753508, False, 22.67595648765564, 497, 0, 100000, 0.10603561252355576, 5513.3046875
664, -612.1906638592482, False, 22.688369035720825, 497, 0, 100000, 0.09349069744348526, 5523.75341796875
665, -616.7192735001445, False, 22.51380157470703, 497, 0, 100000, 0.11006361246109009, 5532.1796875
666, -620.908549964428, False, 22.404053211212158, 497, 0, 100000, 0.1048290804028511, 5531.802734375
667, -596.6128460466862, False, 22.266606092453003, 497, 0, 100000, 0.13451851904392242, 5542.31494140625
668, -611.7378108352423, False, 22.832549333572388, 497, 0, 100000, 0.11362821608781815, 5545.70751953125
669, -600.5225388854742, False, 22.810120105743408, 497, 0, 100000, 0.10895571857690811, 5541.126953125
670, -596.4637716859579, False, 22.912976264953613, 497, 0, 100000, 0.10715872794389725, 5549.3408203125
671, -602.4469197839499, False, 22.94230580329895, 497, 0, 100000, 0.08783650398254395, 5549.32373046875
672, -612.1107144057751, False, 22.685575246810913, 497, 0, 100000, 0.09837673604488373, 5551.62353515625
673, -596.2417022585869, False, 22.727104902267456, 497, 0, 100000, 0.10270247608423233, 5548.9140625
674, -606.300847813487, False, 23.041635274887085, 497, 0, 100000, 0.11232669651508331, 5567.583984375
675, -605.1735194772482, False, 22.7327721118927, 497, 0, 100000, 0.11998169124126434, 5559.884765625
676, -608.288493141532, False, 22.564244270324707, 497, 0, 100000, 0.08614879101514816, 5575.2158203125
677, -587.5580389797688, False, 22.907074689865112, 497, 0, 100000, 0.126817524433136, 5566.587890625
678, -608.2662979215384, False, 22.831252813339233, 497, 0, 100000, 0.13232094049453735, 5579.55517578125
679, -599.2626421526074, False, 22.952858448028564, 497, 0, 100000, 0.0922098234295845, 5590.39501953125
680, -615.5734590515494, False, 22.952173471450806, 497, 0, 100000, 0.11589221656322479, 5588.205078125
681, -606.2832045406103, False, 22.76062512397766, 497, 0, 100000, 0.10550466924905777, 5584.4375
682, -610.6467450708151, False, 22.861323833465576, 497, 0, 100000, 0.12678579986095428, 5596.115234375
683, -618.0490508377552, False, 22.952457189559937, 497, 0, 100000, 0.13000480830669403, 5599.24462890625
684, -596.1506474390626, False, 23.06451106071472, 497, 0, 100000, 0.16469621658325195, 5605.044921875
685, -591.623598575592, False, 23.168707370758057, 497, 0, 100000, 0.10631997883319855, 5617.44921875
686, -601.1715360879898, False, 23.01524305343628, 497, 0, 100000, 0.10623852163553238, 5597.4912109375
687, -609.960297755897, False, 22.922231435775757, 497, 0, 100000, 0.09574565291404724, 5619.693359375
688, -601.455013781786, False, 23.277660369873047, 497, 0, 100000, 0.11329390853643417, 5619.8466796875
689, -601.1386796534061, False, 23.11957883834839, 497, 0, 100000, 0.11021449416875839, 5612.08642578125
690, -610.1979683637619, False, 23.19759488105774, 497, 0, 100000, 0.11682465672492981, 5618.97119140625
691, -625.3261314630508, False, 23.137328624725342, 497, 0, 100000, 0.0916762426495552, 5614.6279296875
692, -613.9744548648596, False, 23.509422302246094, 497, 0, 100000, 0.10523561388254166, 5633.1572265625
693, -605.4707788378, False, 23.180007457733154, 497, 0, 100000, 0.11697729676961899, 5643.572265625
694, -591.5479352325201, False, 23.360604763031006, 497, 0, 100000, 0.11836732178926468, 5642.45947265625
695, -608.3815022706985, False, 23.23162603378296, 497, 0, 100000, 0.13848231732845306, 5641.41845703125
696, -595.5523707866669, False, 23.290414333343506, 497, 0, 100000, 0.0932324081659317, 5652.046875
697, -608.0037390738726, False, 23.5925931930542, 497, 0, 100000, 0.13243111968040466, 5654.44677734375
698, -605.1207108646631, False, 23.62101936340332, 497, 0, 100000, 0.08409733325242996, 5646.37255859375
699, -596.3495970070362, False, 23.414472103118896, 497, 0, 100000, 0.0990447923541069, 5654.74560546875
700, -611.7682602331042, False, 23.450218439102173, 497, 0, 100000, 0.08346077799797058, 5658.46875
701, -634.3592803627253, False, 23.75598645210266, 497, 0, 100000, 0.12051358819007874, 5669.43310546875
702, -611.1279856413603, False, 23.42182469367981, 497, 0, 100000, 0.11463815718889236, 5667.36376953125
703, -604.8867232054472, False, 22.771854877471924, 497, 0, 100000, 0.10340193659067154, 5671.15673828125
704, -598.7815197557211, False, 23.073081731796265, 497, 0, 100000, 0.11230983585119247, 5676.3125
705, -609.4795973300934, False, 23.004711389541626, 497, 0, 100000, 0.106917604804039, 5674.46826171875
706, -623.2902428507805, False, 23.000733375549316, 497, 0, 100000, 0.08900082111358643, 5686.72412109375
707, -602.246537655592, False, 23.11318874359131, 497, 0, 100000, 0.12217627465724945, 5682.4833984375
708, -599.5880499184132, False, 23.802388429641724, 497, 0, 100000, 0.10259851068258286, 5676.66015625
709, -605.4600578695536, False, 23.690221071243286, 497, 0, 100000, 0.09958828240633011, 5683.7470703125
710, -621.4296330064535, False, 23.946264505386353, 497, 0, 100000, 0.11778804659843445, 5697.130859375
711, -603.7311142683029, False, 23.79927110671997, 497, 0, 100000, 0.11254492402076721, 5706.23583984375
712, -609.1823310181499, False, 23.195688486099243, 497, 0, 100000, 0.10811906307935715, 5701.42919921875
713, -614.295778721571, False, 22.956974267959595, 497, 0, 100000, 0.09837821871042252, 5714.11279296875
714, -603.3037284687161, False, 23.433930158615112, 497, 0, 100000, 0.11920700967311859, 5701.48876953125
715, -607.4403043538332, False, 22.692476272583008, 497, 0, 100000, 0.1329553872346878, 5712.86669921875
716, -604.7934245169163, False, 23.04600167274475, 497, 0, 100000, 0.10765663534402847, 5719.943359375
717, -612.6123249530792, False, 23.04428720474243, 497, 0, 100000, 0.1314489096403122, 5721.26220703125
718, -601.9689947590232, False, 23.114718675613403, 497, 0, 100000, 0.11466069519519806, 5725.681640625
719, -614.9931405335665, False, 22.98008131980896, 497, 0, 100000, 0.10013724863529205, 5729.1689453125
720, -605.3177652657032, False, 23.115174770355225, 497, 0, 100000, 0.11012603342533112, 5743.404296875
721, -598.309739664197, False, 22.86755871772766, 497, 0, 100000, 0.1211734265089035, 5735.45166015625
722, -610.9489136263728, False, 23.120165586471558, 497, 0, 100000, 0.11571460217237473, 5744.16162109375
723, -592.269942894578, False, 23.028575897216797, 497, 0, 100000, 0.08846122026443481, 5739.28759765625
724, -604.9043475091457, False, 23.163359880447388, 497, 0, 100000, 0.11170969158411026, 5757.6162109375
725, -604.5557354688644, False, 22.95064926147461, 497, 0, 100000, 0.10699815303087234, 5748.44580078125
726, -610.9086674302816, False, 22.966243267059326, 497, 0, 100000, 0.0817580595612526, 5768.6982421875
727, -607.8653067052364, False, 22.886530876159668, 497, 0, 100000, 0.11433383822441101, 5763.798828125
728, -611.9008898660541, False, 22.793498516082764, 497, 0, 100000, 0.1332578957080841, 5764.89208984375
729, -601.2414412274957, False, 22.874741792678833, 497, 0, 100000, 0.10370643436908722, 5771.25390625
730, -604.7522609606385, False, 22.946868658065796, 497, 0, 100000, 0.11302442848682404, 5783.02685546875
731, -608.0543808341026, False, 22.911625623703003, 497, 0, 100000, 0.11328312754631042, 5767.37353515625
732, -611.6223246008158, False, 23.039395570755005, 497, 0, 100000, 0.12524168193340302, 5771.7412109375
733, -614.305565148592, False, 22.511494636535645, 497, 0, 100000, 0.08590467274188995, 5792.0185546875
734, -610.2680926173925, False, 22.84227180480957, 497, 0, 100000, 0.10158614814281464, 5787.2939453125
735, -603.1272968053818, False, 22.61604595184326, 497, 0, 100000, 0.10115025192499161, 5789.0947265625
736, -609.3485443890095, False, 22.900197982788086, 497, 0, 100000, 0.09830249845981598, 5803.6923828125
737, -605.051597610116, False, 22.613576650619507, 497, 0, 100000, 0.13482064008712769, 5798.61474609375
738, -611.2577543109655, False, 22.68847918510437, 497, 0, 100000, 0.12204316258430481, 5804.34912109375
739, -588.4320501387119, False, 22.631619215011597, 497, 0, 100000, 0.09323269873857498, 5817.9482421875
740, -609.204636707902, False, 22.799426794052124, 497, 0, 100000, 0.09500353038311005, 5806.3818359375
741, -608.2915526255965, False, 22.49187421798706, 497, 0, 100000, 0.133697047829628, 5813.56005859375
742, -612.1160499826074, False, 22.779798984527588, 497, 0, 100000, 0.12386097759008408, 5822.8603515625
743, -606.2290673851967, False, 22.664018630981445, 497, 0, 100000, 0.1038823276758194, 5819.1494140625
744, -603.8589005097747, False, 22.94031572341919, 497, 0, 100000, 0.1095878928899765, 5823.6171875
745, -611.2857984602451, False, 22.71682858467102, 497, 0, 100000, 0.10889691114425659, 5824.93994140625
746, -607.4823366254568, False, 22.894859313964844, 497, 0, 100000, 0.1154082790017128, 5833.8134765625
747, -602.2606539130211, False, 22.803634881973267, 497, 0, 100000, 0.12838812172412872, 5834.70458984375
748, -605.7666950002313, False, 22.92879819869995, 497, 0, 100000, 0.11525183171033859, 5833.92724609375
749, -605.6364386081696, False, 22.382481575012207, 497, 0, 100000, 0.08340822160243988, 5821.890625
750, -616.3334987908602, False, 22.671767950057983, 497, 0, 100000, 0.13011372089385986, 5859.4287109375
751, -606.6337550133467, False, 22.712068557739258, 497, 0, 100000, 0.10955020040273666, 5833.80517578125
752, -604.8348794430494, False, 22.554145574569702, 497, 0, 100000, 0.09884347021579742, 5857.79638671875
753, -607.0065694451332, False, 22.857267141342163, 497, 0, 100000, 0.10024844855070114, 5852.30126953125
754, -616.4994428753853, False, 22.65946364402771, 497, 0, 100000, 0.10656242817640305, 5857.11865234375
755, -601.8028654903173, False, 22.611472368240356, 497, 0, 100000, 0.09960600733757019, 5866.96337890625
756, -609.7652106136084, False, 22.774405479431152, 497, 0, 100000, 0.1059870570898056, 5876.0791015625
757, -595.4922841787338, False, 22.739563465118408, 497, 0, 100000, 0.13636542856693268, 5878.51220703125
758, -619.3252538144588, False, 22.89832043647766, 497, 0, 100000, 0.11179044097661972, 5870.890625
759, -607.6055015027523, False, 22.76535654067993, 497, 0, 100000, 0.10489080846309662, 5885.19287109375
760, -599.2956504002213, False, 22.98032784461975, 497, 0, 100000, 0.09988968819379807, 5880.69873046875
761, -599.9029580950737, False, 23.066842555999756, 497, 0, 100000, 0.07955963909626007, 5889.39990234375
762, -600.6898272782564, False, 22.837826251983643, 497, 0, 100000, 0.11145325750112534, 5904.09521484375
763, -607.5642990171909, False, 22.588890075683594, 497, 0, 100000, 0.11763149499893188, 5897.2734375
764, -619.5918898656964, False, 22.603406190872192, 497, 0, 100000, 0.10429203510284424, 5893.4453125
765, -613.3299634307623, False, 22.691534757614136, 497, 0, 100000, 0.08200673758983612, 5898.22216796875
766, -624.7050165981054, False, 22.796715259552002, 497, 0, 100000, 0.1391870528459549, 5917.61376953125
767, -601.9392850100994, False, 22.956875562667847, 497, 0, 100000, 0.13516806066036224, 5925.75390625
768, -613.4698134362698, False, 22.627202033996582, 497, 0, 100000, 0.11577324569225311, 5917.16455078125
769, -597.1839043945074, False, 23.029113292694092, 497, 0, 100000, 0.13738533854484558, 5912.60546875
770, -595.76414296031, False, 22.859716176986694, 497, 0, 100000, 0.08351534605026245, 5931.3212890625
771, -616.8996690288186, False, 22.79169535636902, 497, 0, 100000, 0.09937360137701035, 5929.11669921875
772, -603.9614692628384, False, 22.471278190612793, 497, 0, 100000, 0.101325124502182, 5929.54833984375
773, -621.7752719074488, False, 22.959501266479492, 497, 0, 100000, 0.10123314708471298, 5943.8115234375
774, -597.3741283118725, False, 22.829862356185913, 497, 0, 100000, 0.09966262429952621, 5960.30517578125
775, -602.5232224613428, False, 22.546688556671143, 497, 0, 100000, 0.11072006821632385, 5946.0380859375
776, -597.8929984420538, False, 22.62464475631714, 497, 0, 100000, 0.132608100771904, 5962.5390625
777, -607.0585046410561, False, 22.704914808273315, 497, 0, 100000, 0.10120976716279984, 5956.73681640625
778, -609.1131402850151, False, 22.879002332687378, 497, 0, 100000, 0.10269894450902939, 5960.4072265625
779, -615.4641128405929, False, 22.666115045547485, 497, 0, 100000, 0.11530020833015442, 5956.51806640625
780, -617.4496292620897, False, 23.241469860076904, 497, 0, 100000, 0.10579392313957214, 5964.34912109375
781, -606.4040355980396, False, 22.83046245574951, 497, 0, 100000, 0.11943763494491577, 5969.337890625
782, -615.230738222599, False, 22.950854063034058, 497, 0, 100000, 0.11811214685440063, 5965.48828125
783, -613.2586997225881, False, 22.75709629058838, 497, 0, 100000, 0.10121787339448929, 5986.1806640625
784, -604.4901479631662, False, 22.565239906311035, 497, 0, 100000, 0.13571511209011078, 5991.12890625
785, -621.4083499163389, False, 22.857548475265503, 497, 0, 100000, 0.11319080740213394, 5991.08203125
786, -623.3391061723232, False, 22.513452529907227, 497, 0, 100000, 0.08088469505310059, 5989.5966796875
787, -613.7133271098137, False, 22.778915405273438, 497, 0, 100000, 0.1048661395907402, 5985.52685546875
788, -607.2696423456073, False, 22.85024070739746, 497, 0, 100000, 0.10586756467819214, 5997.02392578125
789, -628.6043612658978, False, 22.369329929351807, 497, 0, 100000, 0.09569255262613297, 6017.15771484375
790, -603.4895457476377, False, 22.730295658111572, 497, 0, 100000, 0.09251582622528076, 6011.9013671875
791, -604.3754101097584, False, 22.543245792388916, 497, 0, 100000, 0.10920388996601105, 6018.8515625
792, -614.0688105076551, False, 22.93945050239563, 497, 0, 100000, 0.10775557905435562, 6020.5146484375
793, -597.5983239561319, False, 22.854722261428833, 497, 0, 100000, 0.10551367700099945, 6030.17724609375
794, -612.9986871927977, False, 22.971702814102173, 497, 0, 100000, 0.1348547339439392, 6025.8984375
795, -612.5863457918167, False, 22.800934314727783, 497, 0, 100000, 0.11076589673757553, 6040.7705078125
796, -623.3891641274095, False, 22.69709324836731, 497, 0, 100000, 0.10983473807573318, 6022.69775390625
797, -601.329398944974, False, 22.81809902191162, 497, 0, 100000, 0.1072753444314003, 6045.9716796875
798, -608.7973079308867, False, 22.768587112426758, 497, 0, 100000, 0.11307145655155182, 6032.12060546875
799, -606.7965249195695, False, 22.683806896209717, 497, 0, 100000, 0.09092839807271957, 6042.0087890625
800, -612.5867993086576, False, 22.747159004211426, 497, 0, 100000, 0.09898454695940018, 6041.2724609375
801, -613.4006229937077, False, 22.68343472480774, 497, 0, 100000, 0.09992410242557526, 6055.13916015625
802, -1571.2187687307596, False, 27.40297269821167, 596, 0, 100000, 0.11148060113191605, 6063.66845703125
803, -1590.640620522201, False, 28.65830945968628, 625, 0, 100000, 0.07886209338903427, 6077.955078125
804, -1501.2096384391189, False, 26.542693376541138, 578, 0, 100000, 0.12337442487478256, 6059.79736328125
805, -1581.5007479041815, False, 28.54413628578186, 616, 0, 100000, 0.11506602168083191, 6067.40625
806, -1549.8732598274946, False, 26.990033626556396, 586, 0, 100000, 0.14067290723323822, 6069.8427734375
807, -1595.7735566347837, False, 28.438795804977417, 615, 0, 100000, 0.13515885174274445, 6074.81396484375
808, -1542.0625196248293, False, 28.977879524230957, 626, 0, 100000, 0.12761664390563965, 6082.60791015625
809, -1516.4518104419112, False, 27.898277044296265, 604, 0, 100000, 0.12529493868350983, 6085.1708984375
810, -1521.4619664102793, False, 27.627851486206055, 597, 0, 100000, 0.1639729142189026, 6071.38916015625
811, -1472.986165329814, False, 28.018933534622192, 603, 0, 100000, 0.1607889086008072, 6087.39111328125
812, -1478.0384780466557, False, 26.788593292236328, 578, 0, 100000, 0.18022088706493378, 6076.38818359375
813, -1569.9978252798319, False, 27.062968969345093, 586, 0, 100000, 0.16383220255374908, 6083.12646484375
814, -1461.4947680309415, False, 26.769339084625244, 579, 0, 100000, 0.16833263635635376, 6074.763671875
815, -1503.835143059492, False, 26.848785877227783, 572, 0, 100000, 0.21072253584861755, 6089.48779296875
816, -1586.9022915810347, False, 27.497373342514038, 588, 0, 100000, 0.16374234855175018, 6095.67236328125
817, -1495.0078229308128, False, 27.04624605178833, 576, 0, 100000, 0.24406522512435913, 6086.55859375
818, -1525.9910935014486, False, 27.558513879776, 593, 0, 100000, 0.18368318676948547, 6095.6845703125
819, -1455.1434574574232, False, 27.064960956573486, 580, 0, 100000, 0.21422545611858368, 6089.5263671875
820, -1514.205584526062, False, 27.708121061325073, 594, 0, 100000, 0.16620099544525146, 6089.34423828125
821, -1001.1998096555471, False, 37.52283430099487, 797, 0, 100000, 0.1728147715330124, 6101.50048828125
822, -1557.0058258771896, False, 27.61150550842285, 597, 0, 100000, 0.18656960129737854, 6103.10009765625
823, -1472.1552944034338, False, 27.77467632293701, 592, 0, 100000, 0.18901708722114563, 6090.03662109375
824, -1592.190199866891, False, 28.762872219085693, 615, 0, 100000, 0.29509827494621277, 6118.72705078125
825, -1555.0957829356194, False, 27.175944566726685, 582, 0, 100000, 0.20952770113945007, 6099.55908203125
826, -1517.6286351829767, False, 27.206834316253662, 581, 0, 100000, 0.22824633121490479, 6097.1015625
827, -937.2010941952467, False, 37.173563718795776, 797, 0, 100000, 0.24407926201820374, 6103.65234375
828, -1629.338874898851, False, 29.857791662216187, 647, 0, 100000, 0.24469703435897827, 6101.1787109375
829, -1483.1032381877303, False, 27.095423221588135, 575, 0, 100000, 0.27401891350746155, 6098.740234375
830, -1659.1394678726792, False, 29.35473871231079, 642, 0, 100000, 0.23323126137256622, 6097.80419921875
831, -1531.7332063615322, False, 27.203282117843628, 592, 0, 100000, 0.24687297642230988, 6096.697265625
832, -1564.8423823267221, False, 27.898875951766968, 603, 0, 100000, 0.2639023959636688, 6104.17333984375
833, -1506.6010125949979, False, 26.546334505081177, 582, 0, 100000, 0.27491405606269836, 6109.40087890625
834, -1559.5128342360258, False, 26.550305128097534, 578, 0, 100000, 0.25664231181144714, 6106.4189453125
835, -1488.8334222733974, False, 27.335134029388428, 591, 0, 100000, 0.2545858919620514, 6104.23876953125
836, -1557.3764304816723, False, 27.177825212478638, 587, 0, 100000, 0.31851083040237427, 6110.92041015625
837, -1509.426027238369, False, 27.534191846847534, 586, 0, 100000, 0.2911022901535034, 6106.86474609375
838, -1598.8487390205264, False, 28.028908729553223, 605, 0, 100000, 0.27938222885131836, 6104.46435546875
839, -1525.9309915825725, False, 27.26676630973816, 589, 0, 100000, 0.3215053677558899, 6117.77978515625
840, -1452.7861980944872, False, 26.726717948913574, 580, 0, 100000, 0.3106701672077179, 6106.90771484375
841, -1576.2555461004376, False, 27.553101301193237, 595, 0, 100000, 0.28644686937332153, 6101.2392578125
842, -1568.2603385150433, False, 27.26171040534973, 588, 0, 100000, 0.3442637026309967, 6120.8564453125
843, -1453.922367632389, False, 26.796043157577515, 574, 0, 100000, 0.27422603964805603, 6121.3974609375
844, -1535.0087221115828, False, 27.404221296310425, 583, 0, 100000, 0.3333989083766937, 6121.3115234375
845, -1496.5688522607088, False, 27.16748881340027, 585, 0, 100000, 0.3802771270275116, 6118.69140625
846, -1465.7902871072292, False, 26.437885284423828, 572, 0, 100000, 0.4036932587623596, 6099.94091796875
847, -1560.5039766654372, False, 29.517897605895996, 637, 0, 100000, 0.39728862047195435, 6109.60107421875
848, -1541.2402714788914, False, 27.823561668395996, 602, 0, 100000, 0.3984817862510681, 6118.28955078125
849, -1048.6392175257206, False, 37.39966678619385, 797, 0, 100000, 0.35429733991622925, 6119.80615234375
850, -1509.8880888819695, False, 26.862943172454834, 578, 0, 100000, 0.3763711154460907, 6115.2861328125
851, -1574.6600352972746, False, 27.48810601234436, 596, 0, 100000, 0.3784584105014801, 6125.0888671875
852, -907.5058767199516, False, 37.05835437774658, 797, 0, 100000, 0.3958045244216919, 6129.46875
853, -1600.126965135336, False, 27.91908860206604, 603, 0, 100000, 0.4341324269771576, 6123.578125
854, -1574.6767956912518, False, 28.40210485458374, 609, 0, 100000, 0.4232669174671173, 6121.2314453125
855, -1524.3707138374448, False, 28.69806456565857, 615, 0, 100000, 0.45444121956825256, 6123.990234375
856, -1491.9214924126863, False, 26.845139026641846, 579, 0, 100000, 0.45748046040534973, 6119.841796875
857, -1480.8328441083431, False, 26.864150524139404, 573, 0, 100000, 0.4082733988761902, 6126.7958984375
858, -925.521152973175, False, 37.07233238220215, 797, 0, 100000, 0.4449200928211212, 6120.10302734375
859, -1552.6601634398103, False, 27.949888706207275, 603, 0, 100000, 0.48082515597343445, 6117.36767578125
860, -1496.2770949453115, False, 27.191596746444702, 590, 0, 100000, 0.4683314859867096, 6125.9375
861, -1586.027296282351, False, 28.06819438934326, 603, 0, 100000, 0.4543999135494232, 6129.0283203125
862, -1495.0898727960885, False, 28.002277612686157, 602, 0, 100000, 0.440080851316452, 6124.9150390625
863, -1518.8797954320908, False, 27.194516897201538, 584, 0, 100000, 0.4609399437904358, 6111.61279296875
864, -976.7435571104288, False, 37.33662486076355, 797, 0, 100000, 0.4557129144668579, 6121.349609375
865, -1610.2190781384706, False, 28.514883995056152, 617, 0, 100000, 0.498320996761322, 6132.380859375
866, -940.45051035285, False, 36.99813485145569, 797, 0, 100000, 0.49699103832244873, 6127.7001953125
867, -1502.8664513453841, False, 28.49567151069641, 612, 0, 100000, 0.4687909781932831, 6123.5498046875
868, -996.7384526729584, False, 37.392741680145264, 797, 0, 100000, 0.5362127423286438, 6133.7802734375
869, -954.7810669839382, False, 37.048704862594604, 797, 0, 100000, 0.4268421530723572, 6128.287109375
870, -1501.4082880169153, False, 27.09093713760376, 583, 0, 100000, 0.5033152103424072, 6124.220703125
871, -1462.0563479214907, False, 26.78217387199402, 577, 0, 100000, 0.4292319715023041, 6123.556640625
872, -1505.392635434866, False, 27.409799337387085, 587, 0, 100000, 0.5392146110534668, 6124.150390625
873, -1520.9304549694061, False, 27.970322847366333, 601, 0, 100000, 0.5217953324317932, 6126.669921875
874, -1508.9008492678404, False, 27.232977867126465, 583, 0, 100000, 0.4740217328071594, 6122.8740234375
875, -1505.6471033394337, False, 28.112730741500854, 600, 0, 100000, 0.5660664439201355, 6125.2626953125
876, -1051.2109294729307, False, 38.16258382797241, 797, 0, 100000, 0.5481104254722595, 6125.46484375
877, -1356.7225876301527, False, 28.135444402694702, 450, 0, 100000, 0.5242116451263428, 6118.1640625
878, -1072.5206461697817, False, 33.05893421173096, 231, 0, 100000, 0.5313024520874023, 6110.5546875
879, -1782.7497317073867, False, 82.63857412338257, 772, 0, 100000, 0.5500391721725464, 6132.07763671875
880, -1247.5022701639682, False, 30.347389936447144, 339, 0, 100000, 0.6299698948860168, 6122.45703125
881, -1261.618078391999, False, 29.598243951797485, 390, 0, 100000, 0.6226580739021301, 6121.30517578125
882, -1372.4990478176624, False, 30.085546731948853, 416, 0, 100000, 0.5537676811218262, 6124.81689453125
883, -1204.0024482365698, False, 31.138916730880737, 337, 0, 100000, 0.637843668460846, 6113.21533203125
884, -1286.471469742246, False, 30.696807622909546, 349, 0, 100000, 0.4891424775123596, 6133.13525390625
885, -1204.4198837278236, False, 30.310476303100586, 321, 0, 100000, 0.5887675881385803, 6126.77783203125
886, -1216.0931784771383, False, 33.55441379547119, 293, 0, 100000, 0.5922848582267761, 6130.28857421875
887, -962.0935799205909, False, 78.21701765060425, 797, 0, 100000, 0.6013258099555969, 6129.8681640625
888, -1188.3073468673974, False, 28.383923530578613, 335, 0, 100000, 0.6104735136032104, 6135.63818359375
889, -1214.805421137251, False, 30.775166749954224, 336, 0, 100000, 0.656440258026123, 6136.70849609375
890, -1276.198874708265, False, 29.461076974868774, 348, 0, 100000, 0.6878786683082581, 6133.2119140625
891, -1239.1041296729818, False, 31.087424755096436, 365, 0, 100000, 0.693172812461853, 6124.78173828125
892, -1247.6718094833195, False, 31.928258180618286, 360, 0, 100000, 0.6423433423042297, 6134.37353515625
893, -1578.1437684274279, False, 89.49548244476318, 618, 0, 100000, 0.7008602023124695, 6130.67236328125
894, -1089.7306881217519, False, 35.415732622146606, 193, 0, 100000, 0.7548237442970276, 6121.6728515625
895, -1086.1001677039312, False, 33.69144034385681, 211, 0, 100000, 0.6510636806488037, 6117.53076171875
896, -1065.8065665411996, False, 33.4623281955719, 220, 0, 100000, 0.6176897287368774, 6137.4404296875
897, -1123.9392438502982, False, 33.048203229904175, 251, 0, 100000, 0.7009211778640747, 6122.591796875
898, -1395.5919826477766, False, 27.53874444961548, 448, 0, 100000, 0.7151293158531189, 6137.46240234375
899, -1200.9131584130228, False, 31.837454080581665, 351, 0, 100000, 0.7237313389778137, 6130.05078125
900, -1091.1805452040862, False, 33.15757775306702, 285, 0, 100000, 0.7128255367279053, 6121.73779296875
901, -1540.5981835718267, False, 87.71100378036499, 566, 0, 100000, 0.73698890209198, 6136.2275390625
902, -1442.2728546708822, False, 88.20725703239441, 538, 0, 100000, 0.7732104659080505, 6146.40673828125
903, -1185.8919424368069, False, 30.655699968338013, 303, 0, 100000, 0.8150147795677185, 6111.8916015625
904, -1399.6984536349773, False, 27.932331085205078, 494, 0, 100000, 0.6803532242774963, 6131.78271484375
905, -1430.758309006691, False, 28.207942962646484, 468, 0, 100000, 0.8118211627006531, 6130.55224609375
906, -1411.4139999598265, False, 27.578806161880493, 492, 0, 100000, 0.7432708740234375, 6148.13330078125
907, -1417.9703593999147, False, 27.716747760772705, 469, 0, 100000, 0.790666937828064, 6149.384765625
908, -918.6929776677862, False, 46.64598321914673, 797, 0, 100000, 0.8062878847122192, 6144.51806640625
909, -1380.0051368512213, False, 28.12869358062744, 487, 0, 100000, 0.8602969646453857, 6150.26123046875
910, -1400.3305563479662, False, 31.09097409248352, 486, 0, 100000, 0.7565985321998596, 6134.75
911, -1096.516536124982, False, 30.684285879135132, 228, 0, 100000, 0.8429070115089417, 6127.69287109375
912, -1307.8641633009538, False, 29.533072233200073, 461, 0, 100000, 0.7935525178909302, 6132.2880859375
913, -1466.6443299800158, False, 29.771625757217407, 526, 0, 100000, 0.8897157907485962, 6152.6279296875
914, -1186.3928328100592, False, 31.799299240112305, 336, 0, 100000, 0.8201159238815308, 6145.75048828125
915, -1153.5628552772105, False, 32.43532419204712, 312, 0, 100000, 0.8704432249069214, 6137.02978515625
916, -1274.216153213696, False, 31.366464138031006, 372, 0, 100000, 0.7121661901473999, 6147.59619140625
917, -1178.1639437784615, False, 34.256534814834595, 303, 0, 100000, 0.8622424602508545, 6145.029296875
918, -1271.6176208425313, False, 29.93849515914917, 368, 0, 100000, 0.9545926451683044, 6151.64892578125
919, -1350.3291681185365, False, 33.02407455444336, 415, 0, 100000, 0.823677659034729, 6142.30126953125
920, -1264.7639057813212, False, 30.46873116493225, 385, 0, 100000, 0.9233896136283875, 6142.03515625
921, -1327.75647023879, False, 30.000374794006348, 386, 0, 100000, 0.9408945441246033, 6141.61474609375
922, -1386.657780110836, False, 36.38303279876709, 456, 0, 100000, 0.8764693737030029, 6146.716796875
923, -1221.768863462843, False, 29.782310724258423, 370, 0, 100000, 0.955341100692749, 6140.4599609375
924, -988.0579550270922, False, 71.75566506385803, 797, 0, 100000, 0.9473510384559631, 6157.1513671875
925, -1119.9461005898193, False, 33.31465530395508, 251, 0, 100000, 0.8216164112091064, 6136.6103515625
926, -1581.3260203535901, False, 113.58227014541626, 675, 0, 100000, 0.9126347303390503, 6155.75537109375
927, -1353.0785602480173, False, 30.743539333343506, 442, 0, 100000, 0.8210800886154175, 6146.6474609375
928, -1006.756399844191, False, 55.27301836013794, 797, 0, 100000, 0.9231635332107544, 6156.1611328125
929, -1406.5874242186546, False, 29.911057949066162, 453, 0, 100000, 0.888667106628418, 6161.63818359375
930, -1279.4873196594417, False, 28.90869951248169, 426, 0, 100000, 0.9051912426948547, 6157.97314453125
931, -1420.6656473577023, False, 31.83902645111084, 460, 0, 100000, 0.9070610404014587, 6159.056640625
932, -1394.2576154619455, False, 28.89906668663025, 495, 0, 100000, 1.005841612815857, 6164.7763671875
933, -1450.1833373382688, False, 28.539245128631592, 497, 0, 100000, 0.8796705603599548, 6159.15673828125
934, -1362.6408063732088, False, 28.47986912727356, 476, 0, 100000, 0.9496853351593018, 6156.587890625
935, -1387.1798408925533, False, 28.69766879081726, 474, 0, 100000, 0.8832263350486755, 6164.396484375
936, -1408.6712150722742, False, 28.16318917274475, 470, 0, 100000, 0.9142705202102661, 6156.2626953125
937, -1371.3057366535068, False, 28.16444969177246, 480, 0, 100000, 1.014524221420288, 6172.20361328125
938, -1394.1465796381235, False, 27.769182205200195, 473, 0, 100000, 0.9814501404762268, 6157.26318359375
939, -992.6053803861141, False, 47.275477170944214, 797, 0, 100000, 0.9559116959571838, 6180.77734375
940, -1332.7096853777766, False, 28.085495471954346, 474, 0, 100000, 1.008055567741394, 6158.40625
941, -1427.2078167423606, False, 28.36281394958496, 479, 0, 100000, 0.976477324962616, 6163.046875
942, -1356.1004067268223, False, 28.42394518852234, 472, 0, 100000, 1.0537549257278442, 6168.33544921875
943, -1455.2164889723063, False, 28.603158235549927, 485, 0, 100000, 1.0489590167999268, 6165.908203125
944, -1432.1587708219886, False, 30.20191478729248, 521, 0, 100000, 0.9866310954093933, 6170.44921875
945, -949.8379951079842, False, 61.2281436920166, 797, 0, 100000, 1.0171802043914795, 6183.927734375
946, -1292.0252933604643, False, 30.76302456855774, 383, 0, 100000, 1.0767333507537842, 6168.44775390625
947, -1125.7001941874623, False, 31.836939334869385, 281, 0, 100000, 0.9984738826751709, 6184.8203125
948, -1159.9015975874354, False, 32.64385223388672, 298, 0, 100000, 0.9815164804458618, 6152.70263671875
949, -974.5168468053453, False, 62.64958715438843, 797, 0, 100000, 1.1205857992172241, 6189.36767578125
950, -1153.8053157348186, False, 31.207252979278564, 288, 0, 100000, 1.0070254802703857, 6184.55224609375
951, -1176.408526297775, False, 31.525415420532227, 317, 0, 100000, 1.0416960716247559, 6171.2255859375
952, -1208.5980004668236, False, 31.1443989276886, 342, 0, 100000, 1.0574404001235962, 6173.27197265625
953, -1211.9886414227076, False, 32.184096574783325, 353, 0, 100000, 1.0481828451156616, 6180.7724609375
954, -1193.0925108660012, False, 31.252768754959106, 336, 0, 100000, 1.2040029764175415, 6181.92138671875
955, -1192.473374915775, False, 31.833667755126953, 326, 0, 100000, 1.1386886835098267, 6165.5693359375
956, -1307.9530832152814, False, 32.54810333251953, 377, 0, 100000, 1.1290483474731445, 6183.20556640625
957, -1202.7637683711946, False, 31.364108324050903, 329, 0, 100000, 1.159936785697937, 6175.22509765625
958, -1164.7868007021025, False, 30.723596334457397, 306, 0, 100000, 1.1240134239196777, 6178.12255859375
959, -1370.8234617291018, False, 29.307804107666016, 428, 0, 100000, 1.165704369544983, 6183.56298828125
960, -1405.201544329524, False, 29.239713668823242, 478, 0, 100000, 1.1401009559631348, 6176.39794921875
961, -1332.8882677480578, False, 27.627443313598633, 449, 0, 100000, 1.1134350299835205, 6184.92724609375
962, -1372.942408233881, False, 27.621712684631348, 459, 0, 100000, 1.2307583093643188, 6171.09033203125
963, -975.3519875877537, False, 50.959131956100464, 797, 0, 100000, 1.1482343673706055, 6187.67626953125
964, -1395.2391709629446, False, 28.63644504547119, 480, 0, 100000, 1.1715196371078491, 6195.763671875
965, -1426.2491210624576, False, 27.78014588356018, 468, 0, 100000, 1.1146620512008667, 6194.97412109375
966, -1393.3014933690429, False, 28.724914073944092, 494, 0, 100000, 1.2776964902877808, 6192.43798828125
967, -1320.7303684521466, False, 29.745964288711548, 488, 0, 100000, 1.2715084552764893, 6186.02490234375
968, -1399.8154205530882, False, 28.300488471984863, 475, 0, 100000, 1.2223272323608398, 6180.40087890625
969, -1370.7410666123033, False, 29.246822357177734, 487, 0, 100000, 1.2592982053756714, 6177.8310546875
970, -1344.3741688504815, False, 27.974379539489746, 463, 0, 100000, 1.2236000299453735, 6183.3740234375
971, -1306.5678512379527, False, 27.101682424545288, 448, 0, 100000, 1.1337984800338745, 6176.88330078125
972, -1353.946931540966, False, 28.938320636749268, 468, 0, 100000, 1.254301905632019, 6186.744140625
973, -1434.0847911462188, False, 28.116442680358887, 493, 0, 100000, 1.247158169746399, 6178.6982421875
974, -1456.84832470119, False, 28.63708233833313, 496, 0, 100000, 1.2976269721984863, 6190.728515625
975, -1395.51372179389, False, 28.42862820625305, 490, 0, 100000, 1.2867051362991333, 6193.14306640625
976, -1335.1588504463434, False, 30.174612998962402, 445, 0, 100000, 1.210773229598999, 6193.21630859375
977, -1290.9465250205249, False, 29.825151205062866, 395, 0, 100000, 1.3169715404510498, 6191.97509765625
978, -1339.6467892691726, False, 29.489980697631836, 447, 0, 100000, 1.2371660470962524, 6190.71533203125
979, -1309.6065350994468, False, 29.28322410583496, 438, 0, 100000, 1.3556989431381226, 6190.36572265625
980, -965.1828808067366, False, 77.1623146533966, 797, 0, 100000, 1.3184599876403809, 6184.60302734375
981, -1368.494704052806, False, 27.35862421989441, 450, 0, 100000, 1.3985819816589355, 6187.08056640625
982, -1326.9350568428636, False, 27.75184679031372, 465, 0, 100000, 1.352278470993042, 6202.95703125
983, -978.2154750823975, False, 47.39039993286133, 797, 0, 100000, 1.3146027326583862, 6196.7880859375
984, -1337.867517337203, False, 29.042717218399048, 475, 0, 100000, 1.420214295387268, 6188.513671875
985, -1398.5760377049446, False, 28.638219356536865, 485, 0, 100000, 1.3741145133972168, 6195.81689453125
986, -1393.0927484184504, False, 28.217915534973145, 478, 0, 100000, 1.2805073261260986, 6194.53857421875
987, -1400.536280632019, False, 28.548748254776, 473, 0, 100000, 1.3618446588516235, 6185.357421875
988, -979.5477430019528, False, 50.63658666610718, 797, 0, 100000, 1.3764541149139404, 6197.74365234375
989, -1349.54460625723, False, 31.201717853546143, 413, 0, 100000, 1.3211486339569092, 6183.88134765625
990, -1068.3941183313727, False, 35.53374099731445, 213, 0, 100000, 1.354986310005188, 6184.30029296875
991, -1003.9438273208216, False, 32.06729769706726, 188, 0, 100000, 1.258036732673645, 6171.0537109375
992, -1050.0382959154667, False, 33.57112765312195, 209, 0, 100000, 1.2915117740631104, 6158.41943359375
993, -1201.6537640616298, False, 32.14009141921997, 292, 0, 100000, 1.3560490608215332, 6192.7685546875
994, -1152.4546691197902, False, 30.686670303344727, 320, 0, 100000, 1.3493092060089111, 6186.37548828125
995, -1031.090736252314, False, 79.05498838424683, 797, 0, 100000, 1.287865400314331, 6207.66748046875
996, -1154.9947299067862, False, 31.221534252166748, 322, 0, 100000, 1.4110329151153564, 6191.11181640625
997, -1119.169756874442, False, 32.20764422416687, 272, 0, 100000, 1.2633787393569946, 6173.50146484375
998, -1040.8952428442426, False, 83.01084637641907, 797, 0, 100000, 1.2899982929229736, 6200.68994140625
999, -1117.9363833921961, False, 32.01193118095398, 259, 0, 100000, 1.3636208772659302, 6189.61474609375
1000, -1140.7690147971734, False, 33.52029061317444, 255, 0, 100000, 1.3635088205337524, 6176.17041015625
1001, -1047.6349209803157, False, 25.90594720840454, 209, 0, 100000, 1.5949140787124634, 6170.90869140625
1002, -1161.7725714528933, False, 31.425718545913696, 278, 0, 100000, 1.4469804763793945, 6195.66162109375
1003, -1124.69486993202, False, 31.31870460510254, 311, 0, 100000, 1.4906907081604004, 6193.25244140625
1004, -1196.7797100865282, False, 30.800366163253784, 318, 0, 100000, 1.3666712045669556, 6186.603515625
1005, -1212.7359212213196, False, 29.90070939064026, 332, 0, 100000, 1.5500870943069458, 6184.3046875
1006, -1278.3996636043303, False, 30.761515378952026, 371, 0, 100000, 1.3425250053405762, 6191.13330078125
1007, -1271.5640568921808, False, 32.32841992378235, 374, 0, 100000, 1.5249563455581665, 6194.67041015625
1008, -982.5164828412235, False, 52.66489577293396, 797, 0, 100000, 1.3989633321762085, 6198.36572265625
1009, -1253.7132351957262, False, 29.833319902420044, 359, 0, 100000, 1.4702857732772827, 6216.58837890625
1010, -971.3161063306034, False, 63.70791721343994, 797, 0, 100000, 1.4618399143218994, 6205.4501953125
1011, -1296.282043219544, False, 29.82399296760559, 385, 0, 100000, 1.4001069068908691, 6193.83203125
1012, -1239.8092721402645, False, 30.52119541168213, 377, 0, 100000, 1.4194649457931519, 6194.9296875
1013, -1271.0260258009657, False, 29.368475914001465, 395, 0, 100000, 1.4051167964935303, 6197.23095703125
1014, -1233.4491161499172, False, 29.4659366607666, 368, 0, 100000, 1.3145921230316162, 6186.0576171875
1015, -1207.0411966284737, False, 28.767716646194458, 373, 0, 100000, 1.2650234699249268, 6195.01220703125
1016, -1320.9867303296924, False, 29.309709310531616, 385, 0, 100000, 1.365126609802246, 6174.826171875
1017, -1321.0641961842775, False, 29.272273778915405, 400, 0, 100000, 1.4708590507507324, 6214.54931640625
1018, -1248.2261103577912, False, 29.232171058654785, 382, 0, 100000, 1.360215425491333, 6208.234375
1019, -1328.4003079314716, False, 30.66073989868164, 403, 0, 100000, 1.4700632095336914, 6195.7919921875
1020, -1330.409028545022, False, 29.614603996276855, 402, 0, 100000, 1.447531819343567, 6197.06396484375
1021, -1260.714212921448, False, 30.28965449333191, 395, 0, 100000, 1.3694928884506226, 6197.544921875
1022, -1278.1590424682945, False, 27.96330499649048, 372, 0, 100000, 1.4075608253479004, 6191.32177734375
1023, -1254.0159014970995, False, 30.127631902694702, 396, 0, 100000, 1.5561227798461914, 6196.00244140625
1024, -1275.45470700413, False, 29.978180408477783, 404, 0, 100000, 1.4783210754394531, 6190.2392578125
1025, -1286.768810911104, False, 30.694353103637695, 408, 0, 100000, 1.5839407444000244, 6207.166015625
1026, -1246.9670983916149, False, 29.055619478225708, 393, 0, 100000, 1.4117673635482788, 6197.53076171875
1027, -1310.6322112376802, False, 29.609734058380127, 377, 0, 100000, 1.5379092693328857, 6188.708984375
1028, -1256.143476575613, False, 28.914142847061157, 379, 0, 100000, 1.5111695528030396, 6200.212890625
1029, -1220.169344750233, False, 29.663917064666748, 385, 0, 100000, 1.513744592666626, 6185.34228515625
1030, -1240.2583007486537, False, 30.12675714492798, 392, 0, 100000, 1.4796785116195679, 6211.7890625
1031, -908.040487379767, False, 64.2782187461853, 797, 0, 100000, 1.452593207359314, 6199.4052734375
1032, -1166.7677074652165, False, 31.73383903503418, 270, 0, 100000, 1.4784796237945557, 6188.3154296875
1033, -1120.6669034473598, False, 31.30344820022583, 278, 0, 100000, 1.3822879791259766, 6181.83837890625
1034, -1363.707771894522, False, 27.637603759765625, 475, 0, 100000, 1.4015536308288574, 6187.8427734375
1035, -1342.8246965240687, False, 28.633467435836792, 403, 0, 100000, 1.4718780517578125, 6198.84326171875
1036, -1449.2396812550724, False, 30.427195072174072, 487, 0, 100000, 1.4425675868988037, 6189.78271484375
1037, -1387.7400272972882, False, 28.79728055000305, 483, 0, 100000, 1.4429758787155151, 6196.3017578125
1038, -1361.6716612279415, False, 27.935248136520386, 468, 0, 100000, 1.524713158607483, 6204.49072265625
1039, -1345.6971888741245, False, 29.518717050552368, 410, 0, 100000, 1.42772376537323, 6189.767578125
1040, -1357.6360248068377, False, 28.18152356147766, 469, 0, 100000, 1.4132086038589478, 6188.0771484375
1041, -1429.35545640887, False, 29.68269371986389, 486, 0, 100000, 1.5297311544418335, 6187.84375
1042, -1347.2093974351883, False, 27.417731285095215, 450, 0, 100000, 1.3449680805206299, 6186.98388671875
1043, -1371.6022929511964, False, 28.36601161956787, 440, 0, 100000, 1.6200495958328247, 6179.7626953125
1044, -1335.3745914250612, False, 30.885347843170166, 393, 0, 100000, 1.561364769935608, 6190.55419921875
1045, -947.6883844844997, False, 49.74541473388672, 797, 0, 100000, 1.5087847709655762, 6188.412109375
1046, -1219.4329807944596, False, 29.27863311767578, 363, 0, 100000, 1.4461591243743896, 6184.1123046875
1047, -1112.9594144271687, False, 32.12835907936096, 239, 0, 100000, 1.5953930616378784, 6165.94091796875
1048, -1230.0412407815456, False, 32.122535943984985, 306, 0, 100000, 1.419909954071045, 6179.4189453125
1049, -978.7640769705176, False, 50.02180576324463, 797, 0, 100000, 1.4686331748962402, 6198.50830078125
1050, -1367.6036898344755, False, 28.064510583877563, 477, 0, 100000, 1.5138877630233765, 6190.44091796875
1051, -1379.9995951205492, False, 26.964038372039795, 450, 0, 100000, 1.5059515237808228, 6199.96923828125
