episode, outcome, step, episode_duration, distance, s/cw/co/t
1, 1, 45, 1, 4.944009304046631, 1/0/0/0/0
2, 1, 55844, 32, 6.0442118644714355, 2/0/0/0/0
3, 1, 32063, 19, 3.384631633758545, 3/0/0/0/0
4, 1, 18989, 13, 2.6137731075286865, 4/0/0/0/0
5, 1, 12436, 7, 1.4238802194595337, 5/0/0/0/0
6, 1, 83519, 51, 9.640554428100586, 6/0/0/0/0
7, 1, 25720, 16, 3.301802396774292, 7/0/0/0/0
8, 1, 37902, 24, 3.5234720706939697, 8/0/0/0/0
9, 1, 38332, 22, 4.545220851898193, 9/0/0/0/0
10, 1, 50380, 30, 5.31802225112915, 10/0/0/0/0
11, 1, 32642, 18, 2.2716903686523438, 11/0/0/0/0
12, 3, 26539, 17, 3.9184951782226562, 11/0/1/0/0
13, 1, 9088, 5, 1.717470645904541, 12/0/1/0/0
14, 1, 32391, 20, 3.1974117755889893, 13/0/1/0/0
15, 1, 58090, 35, 6.961780071258545, 14/0/1/0/0
16, 1, 55499, 34, 7.194531440734863, 15/0/1/0/0
17, 1, 41290, 25, 5.0874104499816895, 16/0/1/0/0
18, 1, 39419, 23, 4.378635406494141, 17/0/1/0/0
19, 1, 45445, 30, 6.044252872467041, 18/0/1/0/0
20, 1, 25984, 16, 3.431766986846924, 19/0/1/0/0
21, 3, 2128, 1, 0.12063772231340408, 19/0/2/0/0
22, 1, 10501, -182, 2.861121892929077, 20/0/2/0/0
23, 1, 23227, 15, 2.7549455165863037, 21/0/2/0/0
24, 1, 34203, 22, 4.113337993621826, 22/0/2/0/0
25, 1, 18198, 10, 1.6622055768966675, 23/0/2/0/0
26, 1, 21609, 14, 3.1321399211883545, 24/0/2/0/0
27, 3, 2379, 1, 0.0, 24/0/3/0/0
28, 1, 25552, 16, 4.425597190856934, 25/0/3/0/0
29, 1, 83909, 48, 9.47607707977295, 26/0/3/0/0
30, 1, 46723, 27, 4.990438938140869, 27/0/3/0/0
31, 1, 36622, 22, 4.298202991485596, 28/0/3/0/0
32, 1, 19167, 12, 1.687139630317688, 29/0/3/0/0
33, 1, 25905, 15, 2.2136783599853516, 30/0/3/0/0
34, 1, 21060, 12, 2.71120023727417, 31/0/3/0/0
35, 1, 19745, 12, 2.2935142517089844, 32/0/3/0/0
36, 1, 21647, 13, 2.588925361633301, 33/0/3/0/0
37, 1, 50154, 29, 5.492081165313721, 34/0/3/0/0
38, 1, 40925, 24, 5.1322245597839355, 35/0/3/0/0
39, 1, 38369, 23, 3.6895854473114014, 36/0/3/0/0
40, 1, 38027, 22, 4.152547359466553, 37/0/3/0/0
41, 1, 48884, 29, 5.760344982147217, 38/0/3/0/0
42, 1, 34978, 20, 4.344931125640869, 39/0/3/0/0
43, 1, 38101, 23, 4.059331893920898, 40/0/3/0/0
44, 1, 47731, 30, 6.012728691101074, 41/0/3/0/0
45, 1, 41420, 25, 5.397751808166504, 42/0/3/0/0
46, 1, 51899, 32, 5.874433517456055, 43/0/3/0/0
47, 1, 17998, 11, 2.4824533462524414, 44/0/3/0/0
48, 1, 25299, 16, 3.283385992050171, 45/0/3/0/0
49, 1, 33187, 20, 3.095806837081909, 46/0/3/0/0
50, 1, 39945, 24, 5.777413845062256, 47/0/3/0/0
51, 1, 51468, 29, 5.723684310913086, 48/0/3/0/0
52, 1, 54681, 32, 5.8564558029174805, 49/0/3/0/0
53, 1, 41246, 25, 5.520134925842285, 50/0/3/0/0
54, 1, 41641, 24, 3.2177977561950684, 51/0/3/0/0
55, 3, 16170, 10, 2.298351287841797, 51/0/4/0/0
56, 1, 26989, 17, 4.457592487335205, 52/0/4/0/0
57, 1, 32384, 19, 4.186851501464844, 53/0/4/0/0
58, 1, 40858, 25, 4.720911979675293, 54/0/4/0/0
59, 1, 31579, 19, 2.6972129344940186, 55/0/4/0/0
60, 1, 35880, 21, 4.391933917999268, 56/0/4/0/0
61, 1, 15153, 9, 2.018815279006958, 57/0/4/0/0
62, 1, 12104, 7, 1.312010407447815, 58/0/4/0/0
63, 1, 20830, 13, 2.0923750400543213, 59/0/4/0/0
64, 1, 25933, 16, 3.7689273357391357, 60/0/4/0/0
65, 1, 29999, 18, 2.3697283267974854, 61/0/4/0/0
66, 1, 39032, 23, 5.003720283508301, 62/0/4/0/0
67, 1, 41627, 25, 4.823920249938965, 63/0/4/0/0
68, 1, 35168, 21, 4.390609264373779, 64/0/4/0/0
69, 1, 13463, 8, 0.8453148603439331, 65/0/4/0/0
70, 1, 16818, 10, 2.1712682247161865, 66/0/4/0/0
71, 1, 19877, 12, 2.9862263202667236, 67/0/4/0/0
72, 1, 27237, 16, 3.2831804752349854, 68/0/4/0/0
73, 1, 29754, 18, 3.0496938228607178, 69/0/4/0/0
74, 1, 18355, 11, 2.2599704265594482, 70/0/4/0/0
75, 1, 74109, 43, 9.012712478637695, 71/0/4/0/0
76, 1, 43500, 27, 4.994029998779297, 72/0/4/0/0
77, 1, 36635, 23, 5.154189586639404, 73/0/4/0/0
78, 1, 48833, 31, 6.350434303283691, 74/0/4/0/0
79, 3, 46164, 28, 5.553483009338379, 74/0/5/0/0
80, 1, 29674, 19, 4.603532791137695, 75/0/5/0/0
81, 1, 26062, 17, 2.8318421840667725, 76/0/5/0/0
82, 1, 23944, 13, 3.056924819946289, 77/0/5/0/0
83, 1, 20025, 12, 1.7683322429656982, 78/0/5/0/0
84, 1, 17416, 11, 2.7522614002227783, 79/0/5/0/0
85, 1, 19813, 12, 1.5771074295043945, 80/0/5/0/0
86, 1, 41812, 26, 5.837165832519531, 81/0/5/0/0
87, 1, 35517, 20, 4.454885959625244, 82/0/5/0/0
88, 1, 39687, 24, 4.020689964294434, 83/0/5/0/0
89, 1, 67774, 43, 8.166886329650879, 84/0/5/0/0
90, 1, 36351, 22, 4.114871025085449, 85/0/5/0/0
91, 1, 21351, 13, 2.94555926322937, 86/0/5/0/0
92, 1, 20512, 12, 2.604869842529297, 87/0/5/0/0
93, 1, 36082, 22, 4.342727184295654, 88/0/5/0/0
94, 1, 37212, 23, 4.270379066467285, 89/0/5/0/0
95, 1, 21518, 13, 2.708449363708496, 90/0/5/0/0
96, 1, 26150, 16, 2.229323148727417, 91/0/5/0/0
97, 1, 23322, 13, 0.8348889946937561, 92/0/5/0/0
98, 1, 21518, 13, 2.4258480072021484, 93/0/5/0/0
99, 1, 65563, 38, 8.07253360748291, 94/0/5/0/0
100, 1, 16663, 10, 2.3379530906677246, 95/0/5/0/0
101, 1, 72561, 42, 8.25741958618164, 96/0/5/0/0
102, 1, 31291, 19, 3.853048086166382, 97/0/5/0/0
103, 1, 18871, 12, 1.6729472875595093, 98/0/5/0/0
104, 1, 53049, 31, 6.370543003082275, 99/0/5/0/0
105, 1, 30080, 18, 3.990941286087036, 100/0/5/0/0
106, 1, 63214, 38, 6.141834735870361, 101/0/5/0/0
107, 1, 39542, 24, 4.923755168914795, 102/0/5/0/0
108, 1, 18483, 12, 2.3202974796295166, 103/0/5/0/0
109, 1, 32765, 20, 3.6877474784851074, 104/0/5/0/0
110, 1, 17482, 10, 2.007439374923706, 105/0/5/0/0
111, 1, 53039, 32, 5.977073669433594, 106/0/5/0/0
112, 1, 42662, 24, 4.239284038543701, 107/0/5/0/0
113, 1, 41941, 25, 4.763617992401123, 108/0/5/0/0
114, 1, 40272, 23, 4.298694133758545, 109/0/5/0/0
115, 1, 39290, 23, 4.731222152709961, 110/0/5/0/0
116, 1, 60066, 34, 5.67568302154541, 111/0/5/0/0
117, 1, 30509, 17, 3.4782726764678955, 112/0/5/0/0
118, 3, 29950, 17, 2.597850799560547, 112/0/6/0/0
119, 1, 18156, 11, 2.8158652782440186, 113/0/6/0/0
120, 1, 22437, 13, 2.163644313812256, 114/0/6/0/0
121, 3, 24173, 14, 3.33659291267395, 114/0/7/0/0
122, 1, 24612, 14, 3.9279768466949463, 115/0/7/0/0
123, 1, 59513, 33, 5.950774192810059, 116/0/7/0/0
124, 1, 49067, 28, 6.3233866691589355, 117/0/7/0/0
125, 1, 31497, 18, 3.432171106338501, 118/0/7/0/0
126, 1, 16171, 10, 0.680719256401062, 119/0/7/0/0
127, 1, 13584, 8, 3.078380823135376, 120/0/7/0/0
128, 1, 25237, 15, 2.694835901260376, 121/0/7/0/0
129, 1, 28990, 17, 2.9078967571258545, 122/0/7/0/0
130, 1, 17618, 10, 2.5670623779296875, 123/0/7/0/0
131, 1, 52949, 30, 5.002100944519043, 124/0/7/0/0
132, 1, 64508, 40, 7.314026355743408, 125/0/7/0/0
133, 1, 19430, 12, 2.47039532661438, 126/0/7/0/0
134, 1, 44340, 26, 5.028962135314941, 127/0/7/0/0
135, 1, 28948, 17, 3.327376365661621, 128/0/7/0/0
136, 1, 19580, 12, 2.7431230545043945, 129/0/7/0/0
137, 1, 20859, 13, 2.1185522079467773, 130/0/7/0/0
138, 1, 11143, 6, 0.9631476402282715, 131/0/7/0/0
139, 1, 24475, 16, 3.11509370803833, 132/0/7/0/0
140, 1, 24552, 16, 3.682980537414551, 133/0/7/0/0
141, 1, 19118, 13, 2.4043571949005127, 134/0/7/0/0
142, 1, 23958, 15, 2.928483247756958, 135/0/7/0/0
143, 3, 39979, 25, 4.906361103057861, 135/0/8/0/0
144, 1, 40346, 25, 6.64247465133667, 136/0/8/0/0
145, 1, 17083, 11, 2.265241861343384, 137/0/8/0/0
146, 1, 32764, 21, 3.8800582885742188, 138/0/8/0/0
147, 1, 10161, 7, 1.1744486093521118, 139/0/8/0/0
148, 1, 26499, 15, 3.0075578689575195, 140/0/8/0/0
149, 1, 51953, 31, 6.741800308227539, 141/0/8/0/0
150, 3, 7185, 4, 0.34088411927223206, 141/0/9/0/0
151, 1, 8541, 5, 2.3441786766052246, 142/0/9/0/0
152, 1, 36135, 21, 4.230892181396484, 143/0/9/0/0
153, 1, 23189, 14, 2.60603666305542, 144/0/9/0/0
154, 1, 25909, 15, 3.235617160797119, 145/0/9/0/0
155, 1, 42589, 25, 4.512424468994141, 146/0/9/0/0
156, 1, 36599, 21, 4.077841758728027, 147/0/9/0/0
157, 1, 30265, 19, 2.8905532360076904, 148/0/9/0/0
158, 1, 45498, 28, 6.329204559326172, 149/0/9/0/0
159, 1, 38919, 23, 3.873706102371216, 150/0/9/0/0
160, 1, 37819, 22, 4.360109806060791, 151/0/9/0/0
161, 1, 22473, 14, 2.8312160968780518, 152/0/9/0/0
162, 1, 25872, 15, 3.0262527465820312, 153/0/9/0/0
163, 1, 30025, 18, 3.807600259780884, 154/0/9/0/0
164, 1, 47731, 28, 5.0882158279418945, 155/0/9/0/0
165, 1, 11818, 7, 1.4636539220809937, 156/0/9/0/0
166, 1, 39343, 23, 3.723545551300049, 157/0/9/0/0
167, 1, 29658, 17, 4.015536308288574, 158/0/9/0/0
168, 1, 28174, 17, 3.0301597118377686, 159/0/9/0/0
169, 1, 32391, 20, 2.88137149810791, 160/0/9/0/0
170, 3, 6077, 4, 1.1782655715942383, 160/0/10/0/0
171, 1, 17173, 11, 4.632217884063721, 161/0/10/0/0
172, 1, 26398, 15, 1.9458986520767212, 162/0/10/0/0
173, 1, 52183, 30, 6.875761032104492, 163/0/10/0/0
174, 1, 37270, 23, 4.26474142074585, 164/0/10/0/0
175, 1, 63372, 41, 8.43519401550293, 165/0/10/0/0
176, 3, 39369, 25, 4.484277725219727, 165/0/11/0/0
177, 1, 7016, 4, 1.332027792930603, 166/0/11/0/0
178, 1, 27848, 18, 3.428947925567627, 167/0/11/0/0
179, 1, 29824, 19, 3.833695888519287, 168/0/11/0/0
180, 1, 24142, 17, 2.9395956993103027, 169/0/11/0/0
181, 1, 23646, 15, 2.279505729675293, 170/0/11/0/0
182, 1, 23647, 15, 3.846524477005005, 171/0/11/0/0
183, 1, 48453, 30, 6.053477764129639, 172/0/11/0/0
184, 1, 19838, 12, 2.4374825954437256, 173/0/11/0/0
185, 1, 29875, 19, 2.744967222213745, 174/0/11/0/0
186, 1, 29545, 18, 4.823858261108398, 175/0/11/0/0
187, 1, 45227, 29, 5.695187091827393, 176/0/11/0/0
188, 1, 23383, 15, 3.1531097888946533, 177/0/11/0/0
189, 1, 31819, 18, 3.2263762950897217, 178/0/11/0/0
190, 1, 68118, 39, 7.886982440948486, 179/0/11/0/0
191, 1, 22019, 13, 2.813448429107666, 180/0/11/0/0
192, 3, 1121, 1, 0.0, 180/0/12/0/0
193, 1, 7325, 4, 2.730515241622925, 181/0/12/0/0
194, 3, 20031, 12, 1.3729418516159058, 181/0/13/0/0
195, 1, 24588, 16, 2.213407039642334, 182/0/13/0/0
196, 1, 31431, 18, 4.1746625900268555, 183/0/13/0/0
197, 1, 54033, 31, 5.747433185577393, 184/0/13/0/0
198, 1, 33378, 19, 3.571680784225464, 185/0/13/0/0
199, 1, 34166, 19, 4.46837043762207, 186/0/13/0/0
200, 1, 19817, 12, 2.2261576652526855, 187/0/13/0/0
201, 1, 14807, 9, 1.8807815313339233, 188/0/13/0/0
202, 1, 12661, 8, 1.4725016355514526, 189/0/13/0/0
203, 1, 17178, 10, 2.168689250946045, 190/0/13/0/0
204, 1, 18504, 11, 2.2029712200164795, 191/0/13/0/0
205, 1, 42415, 24, 4.996067523956299, 192/0/13/0/0
206, 1, 48377, 27, 5.2164154052734375, 193/0/13/0/0
207, 1, 51296, 29, 5.754093170166016, 194/0/13/0/0
208, 1, 21922, 14, 2.288358449935913, 195/0/13/0/0
209, 1, 52677, 29, 5.222338676452637, 196/0/13/0/0
210, 1, 59724, 33, 6.4760355949401855, 197/0/13/0/0
211, 1, 38910, 22, 4.475763320922852, 198/0/13/0/0
212, 1, 24082, 14, 2.254108190536499, 199/0/13/0/0
213, 1, 19831, 11, 2.866072177886963, 200/0/13/0/0
214, 1, 24829, 14, 2.3236563205718994, 201/0/13/0/0
215, 1, 33138, 19, 3.9767043590545654, 202/0/13/0/0
216, 1, 21040, 12, 2.2469141483306885, 203/0/13/0/0
217, 1, 32836, 18, 3.8803834915161133, 204/0/13/0/0
218, 1, 35487, 20, 4.023559093475342, 205/0/13/0/0
219, 1, 24882, 17, 3.487607717514038, 206/0/13/0/0
220, 3, 17380, 13, 2.02895188331604, 206/0/14/0/0
221, 1, 22175, 14, 3.63639760017395, 207/0/14/0/0
222, 1, 11369, 9, 1.7709431648254395, 208/0/14/0/0
223, 1, 14354, 12, 1.5277280807495117, 209/0/14/0/0
224, 1, 35871, 25, 5.2450971603393555, 210/0/14/0/0
225, 1, 26874, 18, 3.3477938175201416, 211/0/14/0/0
226, 1, 24951, 16, 0.9508661031723022, 212/0/14/0/0
227, 1, 34908, 30, 7.951282024383545, 213/0/14/0/0
228, 1, 30923, 21, 3.6481847763061523, 214/0/14/0/0
229, 3, 45096, 30, 6.60836124420166, 214/0/15/0/0
230, 1, 24192, 17, 4.25574254989624, 215/0/15/0/0
231, 1, 26006, 18, 3.513026714324951, 216/0/15/0/0
232, 1, 22849, 19, 3.8101871013641357, 217/0/15/0/0
233, 1, 24209, 24, 4.390913009643555, 218/0/15/0/0
234, 1, 50742, 48, 8.607528686523438, 219/0/15/0/0
235, 1, 34849, 33, 6.980738639831543, 220/0/15/0/0
236, 1, 23543, 23, 4.266032695770264, 221/0/15/0/0
237, 1, 21769, 21, 4.644225120544434, 222/0/15/0/0
238, 1, 35374, 33, 6.322625637054443, 223/0/15/0/0
239, 1, 22157, 21, 4.356067657470703, 224/0/15/0/0
240, 1, 22579, 21, 4.225350379943848, 225/0/15/0/0
241, 1, 18811, 19, 3.3649401664733887, 226/0/15/0/0
242, 1, 19759, 19, 3.9328525066375732, 227/0/15/0/0
243, 1, 17568, 18, 3.7542083263397217, 228/0/15/0/0
244, 1, 20370, 19, 3.744129180908203, 229/0/15/0/0
245, 1, 29638, 28, 5.193093299865723, 230/0/15/0/0
246, 1, 14638, 14, 2.92612361907959, 231/0/15/0/0
247, 1, 21169, 21, 4.1523261070251465, 232/0/15/0/0
248, 1, 16561, 16, 3.1579039096832275, 233/0/15/0/0
249, 1, 22418, 22, 4.015016555786133, 234/0/15/0/0
250, 1, 30455, 29, 5.700625896453857, 235/0/15/0/0
251, 1, 31258, 29, 5.733349323272705, 236/0/15/0/0
252, 1, 26779, 24, 5.121938705444336, 237/0/15/0/0
253, 1, 17638, 17, 2.5266101360321045, 238/0/15/0/0
254, 3, 17020, 17, 3.274841070175171, 238/0/16/0/0
255, 1, 4311, 4, 1.295385479927063, 239/0/16/0/0
256, 3, 25108, 24, 4.744028568267822, 239/0/17/0/0
257, 1, 15833, 15, 2.2063567638397217, 240/0/17/0/0
258, 1, 50075, 48, 10.269640922546387, 241/0/17/0/0
259, 1, 20125, 18, 3.5487146377563477, 242/0/17/0/0
260, 1, 14155, 14, 1.6948256492614746, 243/0/17/0/0
261, 1, 19307, 18, 4.452347278594971, 244/0/17/0/0
262, 1, 6718, 7, 0.9255051612854004, 245/0/17/0/0
263, 1, 17691, 17, 3.790773630142212, 246/0/17/0/0
264, 1, 7845, 8, 1.7020918130874634, 247/0/17/0/0
265, 1, 8940, 9, 1.548175573348999, 248/0/17/0/0
266, 1, 23401, 23, 4.141642093658447, 249/0/17/0/0
267, 1, 23000, 22, 4.802341938018799, 250/0/17/0/0
268, 1, 28089, 28, 3.030858039855957, 251/0/17/0/0
269, 1, 18394, 17, 4.901235103607178, 252/0/17/0/0
270, 1, 20951, 21, 3.793041467666626, 253/0/17/0/0
271, 1, 11858, 12, 1.5398693084716797, 254/0/17/0/0
272, 1, 12204, 12, 3.0045127868652344, 255/0/17/0/0
273, 1, 12191, 12, 2.4144299030303955, 256/0/17/0/0
274, 1, 13690, 13, 1.6829497814178467, 257/0/17/0/0
275, 1, 16541, 16, 3.0799481868743896, 258/0/17/0/0
276, 1, 15575, 15, 3.5730321407318115, 259/0/17/0/0
277, 1, 18501, 14, 2.858767509460449, 260/0/17/0/0
278, 1, 19328, 11, 2.506993532180786, 261/0/17/0/0
279, 1, 31750, 19, 3.529902696609497, 262/0/17/0/0
280, 1, 60742, 36, 6.480103969573975, 263/0/17/0/0
281, 1, 26988, 16, 3.8448100090026855, 264/0/17/0/0
282, 1, 26881, 16, 3.0898003578186035, 265/0/17/0/0
283, 1, 48630, 28, 4.734268665313721, 266/0/17/0/0
284, 1, 68183, 39, 7.9729413986206055, 267/0/17/0/0
285, 1, 16791, 11, 2.529128074645996, 268/0/17/0/0
286, 2, 11498, 9, 0.8823924660682678, 268/1/17/0/0
287, 1, 13968, 13, 3.240995168685913, 269/1/17/0/0
288, 1, 65434, 42, 7.45745325088501, 270/1/17/0/0
289, 1, 30796, 19, 3.8410332202911377, 271/1/17/0/0
290, 1, 51604, 30, 5.498198986053467, 272/1/17/0/0
291, 1, 66051, 38, 7.3551788330078125, 273/1/17/0/0
292, 1, 34619, 20, 4.580002784729004, 274/1/17/0/0
293, 1, 22432, 14, 2.6021392345428467, 275/1/17/0/0
294, 1, 107580, 62, 10.638840675354004, 276/1/17/0/0
295, 1, 20931, 12, 2.3959522247314453, 277/1/17/0/0
296, 1, 20012, 12, 2.732440233230591, 278/1/17/0/0
297, 1, 31056, 19, 3.7237496376037598, 279/1/17/0/0
298, 1, 28868, 17, 3.2181239128112793, 280/1/17/0/0
299, 1, 29178, 16, 2.582998514175415, 281/1/17/0/0
300, 1, 40491, 24, 4.890196323394775, 282/1/17/0/0
