episode, reward, n_steps, epsilon, success_count, memory length
2801, -598.6119878926547, 1000, 0.04993675381238609, 0, 100000
2802, 44.40788056561723, 37, 0.04993675381238609, 0, 100000
2803, -234.46324066583475, 411, 0.04993675381238609, 0, 100000
2804, 45.648092998191714, 84, 0.04993675381238609, 0, 100000
2805, -359.3842001822195, 454, 0.04993675381238609, 0, 100000
2806, -242.62340364034753, 410, 0.04993675381238609, 0, 100000
2807, -197.91025107749738, 280, 0.04993675381238609, 0, 100000
2808, -345.4959116494283, 273, 0.04993675381238609, 0, 100000
2809, -196.85761566797737, 226, 0.04993675381238609, 0, 100000
2810, -142.33685987396166, 173, 0.04993675381238609, 0, 100000
2811, 44.53108461946249, 19, 0.04993675381238609, 0, 100000
2812, -402.1910873890665, 1000, 0.04993675381238609, 0, 100000
2813, -196.08459986839443, 308, 0.04993675381238609, 0, 100000
2814, -200.60710241901688, 187, 0.04993675381238609, 0, 100000
2815, -161.58342918381095, 66, 0.04993675381238609, 0, 100000
2816, -173.01719859056175, 91, 0.04993675381238609, 0, 100000
2817, -115.8336718538776, 51, 0.04993675381238609, 0, 100000
2818, -193.9849884873256, 148, 0.04993675381238609, 0, 100000
2819, -157.5926288506016, 116, 0.04993675381238609, 0, 100000
2820, -194.998616960831, 328, 0.04993675381238609, 0, 100000
2821, -289.6506003900431, 477, 0.04993675381238609, 0, 100000
2822, -140.32129310630262, 140, 0.04993675381238609, 0, 100000
2823, -228.81316459691152, 263, 0.04993675381238609, 0, 100000
2824, -187.7366744466126, 126, 0.04993675381238609, 0, 100000
2825, -144.78027277439833, 59, 0.04993675381238609, 0, 100000
2826, -304.88090229508816, 600, 0.04993675381238609, 0, 100000
2828, -148.10598902555648, 117, 0.04993675381238609, 0, 100000
2829, 20.484340745722875, 116, 0.04993675381238609, 0, 100000
2830, 51.78741503658239, 189, 0.04993675381238609, 0, 100000
2831, 38.7457173934672, 26, 0.04993675381238609, 0, 100000
2832, -114.75913660507649, 96, 0.04993675381238609, 0, 100000
2833, -226.29493826720864, 176, 0.04993675381238609, 0, 100000
2834, -122.9778686966747, 99, 0.04993675381238609, 0, 100000
2835, 26.13801249838434, 140, 0.04993675381238609, 0, 100000
2836, -98.26138948788866, 109, 0.04993675381238609, 0, 100000
2837, -173.12467080447823, 156, 0.04993675381238609, 0, 100000
2838, -165.78008178505115, 158, 0.04993675381238609, 0, 100000
2839, 38.1693845577538, 110, 0.04993675381238609, 0, 100000
2840, -116.74787366890814, 49, 0.04993675381238609, 0, 100000
2841, -126.26290127055836, 123, 0.04993675381238609, 0, 100000
2842, -138.5242489129305, 284, 0.04993675381238609, 0, 100000
2843, -107.37521576229483, 207, 0.04993675381238609, 0, 100000
2844, 46.03437634068541, 247, 0.04993675381238609, 0, 100000
2845, -277.635537893977, 356, 0.04993675381238609, 0, 100000
2846, -126.82760564843193, 87, 0.04993675381238609, 0, 100000
2847, -118.93889279151335, 92, 0.04993675381238609, 0, 100000
2848, 39.465511912014335, 67, 0.04993675381238609, 0, 100000
2849, -132.53035528591136, 136, 0.04993675381238609, 0, 100000
2850, -124.07053209049627, 151, 0.04993675381238609, 0, 100000
2851, -110.49730607680976, 67, 0.04993675381238609, 0, 100000
2852, -135.7284201309085, 76, 0.04993675381238609, 0, 100000
2853, -114.94536815211177, 59, 0.04993675381238609, 0, 100000
2854, -149.27524370281026, 194, 0.04993675381238609, 0, 100000
2855, -156.24025635467842, 65, 0.04993675381238609, 0, 100000
2856, -181.0056772828102, 71, 0.04993675381238609, 0, 100000
2857, -28.009778168518096, 142, 0.04993675381238609, 0, 100000
2858, -5.850042927253526, 250, 0.04993675381238609, 0, 100000
2859, -113.48787898337469, 218, 0.04993675381238609, 0, 100000
2860, 60.02520441520028, 129, 0.04993675381238609, 0, 100000
2861, 53.46449440345168, 94, 0.04993675381238609, 0, 100000
2862, -101.62914090231061, 69, 0.04993675381238609, 0, 100000
2863, -120.18870937963948, 149, 0.04993675381238609, 0, 100000
2864, -110.6078834009968, 124, 0.04993675381238609, 0, 100000
2865, 61.28417175926734, 214, 0.04993675381238609, 0, 100000
2866, -146.41453118994832, 39, 0.04993675381238609, 0, 100000
2867, -98.78332878020592, 60, 0.04993675381238609, 0, 100000
2868, -97.3299529068172, 40, 0.04993675381238609, 0, 100000
2869, -121.81933040358126, 80, 0.04993675381238609, 0, 100000
2870, 48.37306166475173, 176, 0.04993675381238609, 0, 100000
2871, -128.46938589587808, 49, 0.04993675381238609, 0, 100000
2872, -119.33606499119196, 34, 0.04993675381238609, 0, 100000
2873, -112.01239182031713, 94, 0.04993675381238609, 0, 100000
2874, -113.95872869947925, 211, 0.04993675381238609, 0, 100000
2875, 49.64368878095411, 140, 0.04993675381238609, 0, 100000
2876, -110.3765558777377, 115, 0.04993675381238609, 0, 100000
2877, -105.36392564233392, 42, 0.04993675381238609, 0, 100000
2878, -115.54140836372972, 68, 0.04993675381238609, 0, 100000
2879, -87.8807881413959, 89, 0.04993675381238609, 0, 100000
2880, 48.28200678899884, 12, 0.04993675381238609, 0, 100000
2881, 45.08832767396234, 251, 0.04993675381238609, 0, 100000
2882, -12.4493479647208, 578, 0.04993675381238609, 0, 100000
2883, 64.2601499245502, 150, 0.04993675381238609, 0, 100000
2884, -122.60350718535483, 70, 0.04993675381238609, 0, 100000
2885, 29.038129180669785, 96, 0.04993675381238609, 0, 100000
2886, 43.33764224592596, 126, 0.04993675381238609, 0, 100000
2887, -97.44833949580789, 79, 0.04993675381238609, 0, 100000
2888, -103.71122687123716, 110, 0.04993675381238609, 0, 100000
2889, -95.06354242004454, 177, 0.04993675381238609, 0, 100000
2890, -111.11548586376011, 70, 0.04993675381238609, 0, 100000
2891, -125.45730094332248, 93, 0.04993675381238609, 0, 100000
2892, 54.47471198439598, 8, 0.04993675381238609, 0, 100000
2893, -115.62250945158303, 125, 0.04993675381238609, 0, 100000
2894, 65.84927231818438, 88, 0.04993675381238609, 0, 100000
2895, 45.04861316457391, 87, 0.04993675381238609, 0, 100000
2896, -112.73697113990784, 5, 0.04993675381238609, 0, 100000
2897, -103.15369920898229, 73, 0.04993675381238609, 0, 100000
2898, 9.41143336611276, 141, 0.04993675381238609, 0, 100000
2899, 56.26839920692146, 150, 0.04993675381238609, 0, 100000
2900, -131.65582588873804, 78, 0.04993675381238609, 0, 100000
2901, -7.754536441294476, 223, 0.04993675381238609, 0, 100000
2902, -82.85925961658359, 77, 0.04993675381238609, 0, 100000
2903, 51.267397915013134, 46, 0.04993675381238609, 0, 100000
2904, -59.18551485860371, 597, 0.04993675381238609, 0, 100000
2905, -126.1055013614241, 43, 0.04993675381238609, 0, 100000
2906, -60.36646733479574, 189, 0.04993675381238609, 0, 100000
2907, -125.22687605023384, 79, 0.04993675381238609, 0, 100000
2908, 62.39228003658354, 128, 0.04993675381238609, 0, 100000
2909, 60.11719825200271, 146, 0.04993675381238609, 0, 100000
2910, 96.15725757097243, 334, 0.04993675381238609, 0, 100000
2911, -202.22916090954095, 221, 0.04993675381238609, 0, 100000
2912, -143.2736531496048, 40, 0.04993675381238609, 0, 100000
2913, 32.006058492232114, 223, 0.04993675381238609, 0, 100000
2914, -144.81103863567114, 150, 0.04993675381238609, 0, 100000
2915, -88.27712360071018, 351, 0.04993675381238609, 0, 100000
2916, -106.82911120448261, 109, 0.04993675381238609, 0, 100000
2917, -77.99280723859556, 187, 0.04993675381238609, 0, 100000
2918, -168.33345550112426, 83, 0.04993675381238609, 0, 100000
2919, 51.77930687949993, 137, 0.04993675381238609, 0, 100000
2920, -104.21357063576579, 9, 0.04993675381238609, 0, 100000
2921, 53.437335274298675, 95, 0.04993675381238609, 0, 100000
2922, -88.88367912732065, 89, 0.04993675381238609, 0, 100000
2923, -112.08228068053722, 39, 0.04993675381238609, 0, 100000
2924, -142.9875453238492, 276, 0.04993675381238609, 0, 100000
2925, 58.32680852530757, 95, 0.04993675381238609, 0, 100000
2926, 43.7866090759635, 18, 0.04993675381238609, 0, 100000
2927, -124.46694252034649, 65, 0.04993675381238609, 0, 100000
2928, -110.95347874984145, 50, 0.04993675381238609, 0, 100000
2929, -125.66463658027351, 58, 0.04993675381238609, 0, 100000
2930, 50.437353753484786, 15, 0.04993675381238609, 0, 100000
2931, -119.33515456039459, 165, 0.04993675381238609, 0, 100000
2932, 71.55158058134839, 104, 0.04993675381238609, 0, 100000
2933, -115.75245228467975, 64, 0.04993675381238609, 0, 100000
2934, -100.16804844886065, 53, 0.04993675381238609, 0, 100000
2935, -107.37215600442141, 42, 0.04993675381238609, 0, 100000
2936, -139.8800548114814, 70, 0.04993675381238609, 0, 100000
2937, 52.08857185812667, 10, 0.04993675381238609, 0, 100000
2938, -139.65061132237315, 47, 0.04993675381238609, 0, 100000
2939, -89.92007338348776, 47, 0.04993675381238609, 0, 100000
2940, -115.86119144689292, 77, 0.04993675381238609, 0, 100000
2941, -135.72673209244385, 86, 0.04993675381238609, 0, 100000
2942, 52.57478814967908, 155, 0.04993675381238609, 0, 100000
2943, 84.72172251483425, 390, 0.04993675381238609, 0, 100000
2944, -68.22026403032942, 122, 0.04993675381238609, 0, 100000
2945, 76.66651540086605, 167, 0.04993675381238609, 0, 100000
2946, -149.74275412224233, 38, 0.04993675381238609, 0, 100000
2947, -146.13792752008885, 84, 0.04993675381238609, 0, 100000
2948, 65.27508428320289, 48, 0.04993675381238609, 0, 100000
2949, -131.59639857755974, 247, 0.04993675381238609, 0, 100000
2950, -228.75692697800696, 221, 0.04993675381238609, 0, 100000
2951, -96.15506491134875, 100, 0.04993675381238609, 0, 100000
2952, 51.26343688368797, 18, 0.04993675381238609, 0, 100000
2953, -94.67510058230255, 79, 0.04993675381238609, 0, 100000
2954, -165.27422802138608, 585, 0.04993675381238609, 0, 100000
2955, 41.094488844275475, 56, 0.04993675381238609, 0, 100000
2956, 40.017926240339875, 58, 0.04993675381238609, 0, 100000
2957, 62.10952354222536, 56, 0.04993675381238609, 0, 100000
2958, 32.676749867154285, 193, 0.04993675381238609, 0, 100000
2959, 46.76452449336648, 36, 0.04993675381238609, 0, 100000
2960, -102.37220652960241, 32, 0.04993675381238609, 0, 100000
2961, 56.67888000421226, 97, 0.04993675381238609, 0, 100000
2962, 45.54599932488054, 21, 0.04993675381238609, 0, 100000
2963, -119.18567576445639, 122, 0.04993675381238609, 0, 100000
2964, -92.30027477350086, 135, 0.04993675381238609, 0, 100000
2966, 46.19040128402412, 51, 0.04993675381238609, 0, 100000
2967, -219.7877153614536, 225, 0.04993675381238609, 0, 100000
2968, 56.50406818353804, 27, 0.04993675381238609, 0, 100000
2970, -119.82371386140585, 22, 0.04993675381238609, 0, 100000
2971, -298.10706122987904, 297, 0.04993675381238609, 0, 100000
2972, -203.10021082591265, 102, 0.04993675381238609, 0, 100000
2973, 56.5224613363971, 30, 0.04993675381238609, 0, 100000
2974, -124.98483180254698, 34, 0.04993675381238609, 0, 100000
2975, -130.26462361961603, 62, 0.04993675381238609, 0, 100000
2976, 60.93405207246542, 43, 0.04993675381238609, 0, 100000
2977, -117.98201394081116, 7, 0.04993675381238609, 0, 100000
2978, 87.89046694198623, 130, 0.04993675381238609, 0, 100000
2979, -178.40174094983377, 453, 0.04993675381238609, 0, 100000
2980, -172.25741790467873, 126, 0.04993675381238609, 0, 100000
2981, -155.9559248036967, 449, 0.04993675381238609, 0, 100000
2982, 55.15100328461267, 118, 0.04993675381238609, 0, 100000
2984, -116.48623876273632, 70, 0.04993675381238609, 0, 100000
2985, -138.00506142654922, 135, 0.04993675381238609, 0, 100000
2986, -191.802570220083, 74, 0.04993675381238609, 0, 100000
2987, 54.206704632844776, 40, 0.04993675381238609, 0, 100000
2988, 181.4692899835154, 391, 0.04993675381238609, 96, 100000
2989, 107.23082094464917, 173, 0.04993675381238609, 97, 100000
2990, -81.62321943882853, 95, 0.04993675381238609, 97, 100000
2991, -15.891380293498514, 275, 0.04993675381238609, 97, 100000
2993, 48.96886183787137, 213, 0.04993675381238609, 97, 100000
2994, 26.85968728759326, 267, 0.04993675381238609, 97, 100000
2995, -104.34041456133127, 14, 0.04993675381238609, 97, 100000
2996, -205.63726813464928, 204, 0.04993675381238609, 97, 100000
2997, 42.25009801238775, 19, 0.04993675381238609, 97, 100000
2999, -129.59948782646097, 94, 0.04993675381238609, 97, 100000
3000, 32.613697949796915, 127, 0.04993675381238609, 97, 100000
3001, 44.11464404128492, 55, 0.04993675381238609, 97, 100000
3002, -203.0714189261198, 131, 0.04993675381238609, 97, 100000
3003, -106.68566787499003, 236, 0.04993675381238609, 97, 100000
3004, 51.290203229524195, 57, 0.04993675381238609, 97, 100000
3005, -99.7376422623638, 91, 0.04993675381238609, 97, 100000
3006, -140.5783010777086, 168, 0.04993675381238609, 97, 100000
3007, 21.437129267607816, 280, 0.04993675381238609, 97, 100000
3008, 50.87505008428707, 113, 0.04993675381238609, 97, 100000
3009, 11.0994135113433, 152, 0.04993675381238609, 97, 100000
3010, -167.85448233317584, 168, 0.04993675381238609, 97, 100000
3011, 45.84188636764884, 43, 0.04993675381238609, 97, 100000
3012, 33.84170025959611, 39, 0.04993675381238609, 97, 100000
3013, 100.67691333277617, 183, 0.04993675381238609, 98, 100000
3014, 52.96471189521253, 40, 0.04993675381238609, 98, 100000
3015, -89.53362128743902, 98, 0.04993675381238609, 98, 100000
3016, -111.05781364650466, 87, 0.04993675381238609, 98, 100000
3017, 64.74983268743381, 208, 0.04993675381238609, 98, 100000
3018, 129.13601249584462, 281, 0.04993675381238609, 99, 100000
3019, -84.82324471557513, 114, 0.04993675381238609, 99, 100000
3020, 92.7853538133204, 277, 0.04993675381238609, 99, 100000
3021, 28.485515860375017, 116, 0.04993675381238609, 99, 100000
3022, -134.66100427135825, 37, 0.04993675381238609, 99, 100000
3023, -189.19122827611864, 253, 0.04993675381238609, 99, 100000
3024, 30.68889068858698, 66, 0.04993675381238609, 99, 100000
3025, 52.505569604516495, 278, 0.04993675381238609, 99, 100000
3026, 49.50757115520537, 18, 0.04993675381238609, 99, 100000
3027, -97.16145242378116, 252, 0.04993675381238609, 99, 100000
3028, 56.55150435306132, 103, 0.04993675381238609, 99, 100000
3029, 64.16406373074278, 167, 0.04993675381238609, 99, 100000
3030, 65.82539748121053, 64, 0.04993675381238609, 99, 100000
3031, 51.03607258666307, 101, 0.04993675381238609, 99, 100000
3032, -74.07425268308725, 172, 0.04993675381238609, 99, 100000
3033, 31.90006699739024, 59, 0.04993675381238609, 99, 100000
3034, -151.958187520504, 28, 0.04993675381238609, 99, 100000
3035, 49.17943092994392, 64, 0.04993675381238609, 99, 100000
3036, 88.44712913913463, 211, 0.04993675381238609, 99, 100000
3037, -164.4745177552104, 93, 0.04993675381238609, 99, 100000
3038, 43.89763089641929, 136, 0.04993675381238609, 99, 100000
3039, 77.49644786538556, 270, 0.04993675381238609, 99, 100000
3040, 68.79360724706203, 158, 0.04993675381238609, 99, 100000
3041, -109.32004684675485, 119, 0.04993675381238609, 99, 100000
3042, 39.150930642848834, 209, 0.04993675381238609, 99, 100000
3043, -133.19313668459654, 210, 0.04993675381238609, 99, 100000
3044, -126.495131325908, 102, 0.04993675381238609, 99, 100000
3045, 61.05191635619849, 167, 0.04993675381238609, 99, 100000
3046, 50.975769236683846, 74, 0.04993675381238609, 99, 100000
3047, -110.29274328052998, 6, 0.04993675381238609, 99, 100000
3048, -125.93768370640464, 88, 0.04993675381238609, 99, 100000
3049, -137.79624002985656, 168, 0.04993675381238609, 99, 100000
3050, -45.91087035043165, 160, 0.04993675381238609, 99, 100000
3051, -135.3387340940535, 49, 0.04993675381238609, 99, 100000
3052, -388.3820774946362, 292, 0.04993675381238609, 99, 100000
3053, -243.4849874493666, 598, 0.04993675381238609, 99, 100000
3054, 47.02574163977988, 257, 0.04993675381238609, 99, 100000
3055, -164.32950598502066, 114, 0.04993675381238609, 99, 100000
3056, -170.5157686471939, 72, 0.04993675381238609, 99, 100000
3057, -113.909873962868, 45, 0.04993675381238609, 99, 100000
3058, -99.81126567814499, 159, 0.04993675381238609, 99, 100000
3059, 73.50831790827215, 155, 0.04993675381238609, 99, 100000
3060, 28.456627069506794, 90, 0.04993675381238609, 99, 100000
3061, 55.298887211829424, 26, 0.04993675381238609, 99, 100000
3062, -175.07668216899037, 62, 0.04993675381238609, 99, 100000
3063, 46.29841840453446, 85, 0.04993675381238609, 99, 100000
3064, 33.68463296047412, 181, 0.04993675381238609, 99, 100000
3065, 66.46682527568191, 115, 0.04993675381238609, 99, 100000
3066, -113.39125782251358, 18, 0.04993675381238609, 99, 100000
3067, 32.42523546144366, 148, 0.04993675381238609, 99, 100000
3068, -118.12339544668794, 80, 0.04993675381238609, 99, 100000
3069, -198.94602845422924, 362, 0.04993675381238609, 99, 100000
3070, -204.7839453620836, 146, 0.04993675381238609, 99, 100000
3071, 40.60698733269237, 283, 0.04993675381238609, 99, 100000
3072, -134.34161517210305, 75, 0.04993675381238609, 99, 100000
3073, -238.79542717942968, 579, 0.04993675381238609, 99, 100000
3074, -209.19715236040065, 292, 0.04993675381238609, 99, 100000
3075, 46.51548170810565, 106, 0.04993675381238609, 99, 100000
3076, -18.936950332077686, 662, 0.04993675381238609, 99, 100000
3077, -186.8348397836089, 268, 0.04993675381238609, 99, 100000
3078, -299.88295308628585, 408, 0.04993675381238609, 99, 100000
3079, -113.01335995434783, 128, 0.04993675381238609, 99, 100000
3080, 43.349513996508904, 86, 0.04993675381238609, 99, 100000
3081, 89.90470725717023, 332, 0.04993675381238609, 99, 100000
3082, 42.10692659858614, 70, 0.04993675381238609, 99, 100000
3083, -158.5315892768558, 299, 0.04993675381238609, 99, 100000
3084, -335.2901867597102, 768, 0.04993675381238609, 99, 100000
3085, -616.4282045196742, 947, 0.04993675381238609, 99, 100000
3086, -395.4467539638281, 616, 0.04993675381238609, 99, 100000
3087, -113.43023900687695, 637, 0.04993675381238609, 99, 100000
3088, -182.25331290398026, 320, 0.04993675381238609, 99, 100000
3089, -181.50921722958446, 331, 0.04993675381238609, 99, 100000
3090, -397.6417404845124, 1000, 0.04993675381238609, 99, 100000
3091, -534.7412065772805, 859, 0.04993675381238609, 99, 100000
3093, -151.5802418058738, 103, 0.04993675381238609, 99, 100000
3094, -112.87889159750193, 104, 0.04993675381238609, 99, 100000
3095, -510.3333312952891, 853, 0.04993675381238609, 99, 100000
3096, -205.41272094775923, 264, 0.04993675381238609, 99, 100000
3097, -201.21173432539217, 446, 0.04993675381238609, 99, 100000
3098, -5.277785370592028, 554, 0.04993675381238609, 99, 100000
3099, -184.3407436448033, 522, 0.04993675381238609, 99, 100000
3100, -216.6680205091834, 641, 0.04993675381238609, 99, 100000
3101, -387.19640654232353, 697, 0.04993675381238609, 99, 100000
3102, -342.1078839437105, 393, 0.04993675381238609, 99, 100000
3103, -265.1720577009255, 1000, 0.04993675381238609, 99, 100000
3104, -250.0310182630783, 1000, 0.04993675381238609, 99, 100000
3105, -426.9566122890101, 1000, 0.04993675381238609, 99, 100000
3106, -393.774361708347, 1000, 0.04993675381238609, 99, 100000
3107, -364.54633512076543, 1000, 0.04993675381238609, 99, 100000
3108, -436.9779797648371, 1000, 0.04993675381238609, 99, 100000
3109, -399.03799836401595, 1000, 0.04993675381238609, 99, 100000
3110, 50.58106941333972, 11, 0.04993675381238609, 99, 100000
3111, 42.01545579684898, 174, 0.04993675381238609, 99, 100000
3112, -338.43873409333173, 533, 0.04993675381238609, 99, 100000
3113, -367.30305689712986, 683, 0.04993675381238609, 99, 100000
3114, -434.39924444275675, 1000, 0.04993675381238609, 99, 100000
3116, -355.012718802318, 570, 0.04993675381238609, 99, 100000
3117, 50.76468191295862, 16, 0.04993675381238609, 99, 100000
3118, -185.8961081909947, 190, 0.04993675381238609, 99, 100000
3119, -257.94012241309974, 416, 0.04993675381238609, 99, 100000
3120, -422.2578177718242, 1000, 0.04993675381238609, 99, 100000
3121, -334.36031594866654, 1000, 0.04993675381238609, 99, 100000
3122, -150.26389167830348, 80, 0.04993675381238609, 99, 100000
3123, 32.26516508462373, 553, 0.04993675381238609, 99, 100000
3124, -207.36419489094988, 288, 0.04993675381238609, 99, 100000
3125, -170.4809017891821, 1000, 0.04993675381238609, 99, 100000
3126, -164.01387880183756, 159, 0.04993675381238609, 99, 100000
3127, -131.03701260313392, 36, 0.04993675381238609, 99, 100000
3128, -147.98946040309966, 70, 0.04993675381238609, 99, 100000
3129, -179.6716905243229, 168, 0.04993675381238609, 99, 100000
3130, -253.4313460830599, 287, 0.04993675381238609, 99, 100000
3131, -162.2793954871595, 59, 0.04993675381238609, 99, 100000
3132, -173.02208881778643, 347, 0.04993675381238609, 99, 100000
3134, -161.88366732001305, 49, 0.04993675381238609, 99, 100000
3135, 41.204727344214916, 47, 0.04993675381238609, 99, 100000
3136, 53.24088127663708, 650, 0.04993675381238609, 99, 100000
3137, -204.45515315933153, 162, 0.04993675381238609, 99, 100000
3138, 52.05071588139981, 385, 0.04993675381238609, 99, 100000
3139, -98.23159758950351, 1000, 0.04993675381238609, 99, 100000
3140, 23.576149710454047, 265, 0.04993675381238609, 99, 100000
3141, 23.77516896300949, 265, 0.04993675381238609, 99, 100000
3142, -164.10559982061386, 102, 0.04993675381238609, 99, 100000
3143, -35.978768047643825, 424, 0.04993675381238609, 99, 100000
3144, -221.67638629605062, 424, 0.04993675381238609, 99, 100000
3145, -1.9605650616867933, 375, 0.04993675381238609, 99, 100000
3146, -92.6114010961901, 1000, 0.04993675381238609, 99, 100000
3147, 42.82766168634407, 190, 0.04993675381238609, 99, 100000
3149, -80.97087256016675, 1000, 0.04993675381238609, 99, 100000
3150, 40.22837269958109, 253, 0.04993675381238609, 99, 100000
3151, 7.634014781098813, 297, 0.04993675381238609, 99, 100000
3152, -163.81191554653924, 105, 0.04993675381238609, 99, 100000
3153, 46.15445912486757, 435, 0.04993675381238609, 99, 100000
3154, 197.8229451336665, 978, 0.04993675381238609, 237, 100000
3155, 43.14976639545057, 172, 0.04993675381238609, 237, 100000
3156, -237.81134877353907, 1000, 0.04993675381238609, 237, 100000
3157, 68.78435830943636, 760, 0.04993675381238609, 237, 100000
3158, -119.34535959735513, 53, 0.04993675381238609, 237, 100000
3159, -193.89748379355296, 140, 0.04993675381238609, 237, 100000
3160, -785.4942736878293, 1000, 0.04993675381238609, 237, 100000
3161, -195.79569940108922, 1000, 0.04993675381238609, 237, 100000
3162, -461.623662562517, 1000, 0.04993675381238609, 237, 100000
3163, -307.35871285706526, 512, 0.04993675381238609, 237, 100000
3164, -213.20955378562212, 140, 0.04993675381238609, 237, 100000
3165, -193.98090928292368, 1000, 0.04993675381238609, 237, 100000
3166, -272.9176097996533, 1000, 0.04993675381238609, 237, 100000
3167, -378.8980191550654, 657, 0.04993675381238609, 237, 100000
3168, -135.2694591350155, 747, 0.04993675381238609, 237, 100000
3169, -518.8763501401991, 1000, 0.04993675381238609, 237, 100000
3170, 49.787979257293046, 12, 0.04993675381238609, 237, 100000
3171, -463.48129883121874, 689, 0.04993675381238609, 237, 100000
3172, 56.96861365242512, 362, 0.04993675381238609, 237, 100000
3173, 32.92711111041717, 183, 0.04993675381238609, 237, 100000
3174, -76.54190312395804, 212, 0.04993675381238609, 237, 100000
3175, 20.494449546560645, 190, 0.04993675381238609, 237, 100000
3176, -16.247059578774497, 300, 0.04993675381238609, 237, 100000
3177, 41.71169495768845, 115, 0.04993675381238609, 237, 100000
3178, 46.476929997326806, 153, 0.04993675381238609, 237, 100000
3179, -131.0556460544467, 22, 0.04993675381238609, 237, 100000
3180, -126.81527886260301, 126, 0.04993675381238609, 237, 100000
3181, 33.406235760077834, 125, 0.04993675381238609, 237, 100000
3182, 48.93088436219841, 85, 0.04993675381238609, 237, 100000
3183, 64.5898645601992, 433, 0.04993675381238609, 237, 100000
3184, 25.363083447336976, 331, 0.04993675381238609, 237, 100000
3185, 94.8235481941374, 318, 0.04993675381238609, 237, 100000
3186, -122.2779374816455, 31, 0.04993675381238609, 237, 100000
3187, 17.531208004569635, 151, 0.04993675381238609, 237, 100000
3188, -116.65946262981743, 95, 0.04993675381238609, 237, 100000
3189, 11.601337528321892, 435, 0.04993675381238609, 237, 100000
3190, -163.46623303741217, 318, 0.04993675381238609, 237, 100000
3191, 25.628514089039527, 383, 0.04993675381238609, 237, 100000
3192, 82.508177231648, 433, 0.04993675381238609, 237, 100000
3193, 2.042910418473184, 158, 0.04993675381238609, 237, 100000
3194, 47.00437951087952, 11, 0.04993675381238609, 237, 100000
3195, 45.113005601859186, 158, 0.04993675381238609, 237, 100000
3196, 12.68393308747909, 253, 0.04993675381238609, 237, 100000
3197, 57.999820219883986, 185, 0.04993675381238609, 237, 100000
3198, 53.12036111950874, 272, 0.04993675381238609, 237, 100000
3199, 41.6531641879119, 45, 0.04993675381238609, 237, 100000
3200, -75.72987746645231, 450, 0.04993675381238609, 237, 100000
3201, 20.371167527046055, 99, 0.04993675381238609, 237, 100000
3202, 40.10424062196398, 140, 0.04993675381238609, 237, 100000
3203, 90.50643132592086, 493, 0.04993675381238609, 237, 100000
3204, 80.17249113693833, 209, 0.04993675381238609, 237, 100000
3205, 79.42148627972347, 364, 0.04993675381238609, 237, 100000
3206, 60.5218748395564, 204, 0.04993675381238609, 237, 100000
3207, -130.74372587523249, 328, 0.04993675381238609, 237, 100000
3208, -182.12919183680788, 320, 0.04993675381238609, 237, 100000
3209, -133.25322475246958, 329, 0.04993675381238609, 237, 100000
3210, -156.78043019532925, 171, 0.04993675381238609, 237, 100000
3211, -5.262179747514892, 354, 0.04993675381238609, 237, 100000
3212, -19.67288726950028, 813, 0.04993675381238609, 238, 100000
3213, -238.28616970125586, 251, 0.04993675381238609, 238, 100000
3214, 49.529720172286034, 9, 0.04993675381238609, 238, 100000
3215, -41.18126949900761, 225, 0.04993675381238609, 238, 100000
3216, -1.0997315768618137, 413, 0.04993675381238609, 238, 100000
3217, -128.51951229787664, 581, 0.04993675381238609, 238, 100000
3218, 48.575434658210725, 185, 0.04993675381238609, 238, 100000
3219, 97.98223936249997, 453, 0.04993675381238609, 238, 100000
3220, -329.8553364055406, 1000, 0.04993675381238609, 238, 100000
3221, -232.82747782533988, 1000, 0.04993675381238609, 238, 100000
3222, -163.085900749953, 480, 0.04993675381238609, 238, 100000
3223, 15.708004859974608, 200, 0.04993675381238609, 238, 100000
3224, 47.410869223065674, 13, 0.04993675381238609, 238, 100000
3225, -187.12088119983673, 330, 0.04993675381238609, 238, 100000
3226, -159.2414544482599, 167, 0.04993675381238609, 238, 100000
3227, -109.75430460393545, 125, 0.04993675381238609, 238, 100000
3228, -281.64558316837065, 717, 0.04993675381238609, 238, 100000
3229, -10.540718494914472, 359, 0.04993675381238609, 238, 100000
3230, -32.08763953857124, 336, 0.04993675381238609, 238, 100000
3231, -76.2507916300383, 662, 0.04993675381238609, 238, 100000
3232, -510.0317037140485, 1000, 0.04993675381238609, 238, 100000
3233, -168.2196420482942, 284, 0.04993675381238609, 238, 100000
3234, -280.9420069252701, 520, 0.04993675381238609, 238, 100000
3236, -220.39305077400059, 1000, 0.04993675381238609, 238, 100000
3237, -59.118610628298484, 287, 0.04993675381238609, 238, 100000
3238, -160.32198082478135, 1000, 0.04993675381238609, 238, 100000
3239, -157.71260203488055, 1000, 0.04993675381238609, 238, 100000
3240, 15.48760316008702, 198, 0.04993675381238609, 238, 100000
3241, 4.999419059691718, 327, 0.04993675381238609, 238, 100000
3242, -242.6620875117078, 874, 0.04993675381238609, 238, 100000
3243, 44.2071519268211, 355, 0.04993675381238609, 238, 100000
3244, -296.00429375632666, 1000, 0.04993675381238609, 238, 100000
3245, 46.35593562014401, 18, 0.04993675381238609, 238, 100000
3246, 51.29703092202544, 6, 0.04993675381238609, 238, 100000
3247, -36.31750184856355, 392, 0.04993675381238609, 238, 100000
3248, -117.51796348113567, 28, 0.04993675381238609, 238, 100000
3249, -237.1314624035731, 1000, 0.04993675381238609, 238, 100000
3250, -226.07952031574678, 477, 0.04993675381238609, 238, 100000
3251, -124.41500847565476, 238, 0.04993675381238609, 238, 100000
3252, -113.88845236378256, 864, 0.04993675381238609, 238, 100000
3253, 31.46609525475651, 1000, 0.04993675381238609, 238, 100000
3254, 12.366757515119389, 146, 0.04993675381238609, 238, 100000
3255, 44.11220429465175, 183, 0.04993675381238609, 238, 100000
3256, 14.7605907083489, 184, 0.04993675381238609, 238, 100000
3257, 1.9310023421421647, 267, 0.04993675381238609, 238, 100000
3258, -14.08923448601854, 328, 0.04993675381238609, 238, 100000
3259, -165.62338127195835, 83, 0.04993675381238609, 238, 100000
3260, 2.948378707515076, 357, 0.04993675381238609, 238, 100000
3261, -197.62607878772542, 395, 0.04993675381238609, 238, 100000
3262, -136.08249590313062, 359, 0.04993675381238609, 238, 100000
3263, -229.8414088676509, 1000, 0.04993675381238609, 238, 100000
3264, -165.3253388623707, 1000, 0.04993675381238609, 238, 100000
3265, -152.53553470945917, 169, 0.04993675381238609, 238, 100000
3266, -141.23832843033597, 282, 0.04993675381238609, 238, 100000
3267, -63.003153966303216, 1000, 0.04993675381238609, 238, 100000
3268, -220.9522041811142, 939, 0.04993675381238609, 238, 100000
3269, 30.13088674354367, 323, 0.04993675381238609, 238, 100000
3270, 17.121743590570986, 80, 0.04993675381238609, 238, 100000
3271, -76.97237032774137, 922, 0.04993675381238609, 238, 100000
3272, 53.43931097537279, 14, 0.04993675381238609, 238, 100000
3273, -123.06176849443, 553, 0.04993675381238609, 238, 100000
3274, -164.93441692832857, 117, 0.04993675381238609, 238, 100000
3275, -122.41478144936264, 120, 0.04993675381238609, 238, 100000
3276, -106.4373824824579, 68, 0.04993675381238609, 238, 100000
3277, -193.30222746357322, 104, 0.04993675381238609, 238, 100000
3278, -315.9070798205212, 286, 0.04993675381238609, 238, 100000
3279, -257.0727770412341, 251, 0.04993675381238609, 238, 100000
3280, -265.0911395754665, 286, 0.04993675381238609, 238, 100000
3281, -120.12959015741944, 120, 0.04993675381238609, 238, 100000
3282, -150.37118711182848, 120, 0.04993675381238609, 238, 100000
3283, 5.823286395985633, 402, 0.04993675381238609, 238, 100000
3284, -81.71800088507007, 350, 0.04993675381238609, 238, 100000
3285, -150.66089559625834, 83, 0.04993675381238609, 238, 100000
3286, -198.66431448276853, 169, 0.04993675381238609, 238, 100000
3287, -148.6463411450386, 55, 0.04993675381238609, 238, 100000
3288, -187.70424551144242, 226, 0.04993675381238609, 238, 100000
3289, 53.04547180922236, 140, 0.04993675381238609, 238, 100000
3290, -135.86701937019825, 101, 0.04993675381238609, 238, 100000
3291, -139.61939774814527, 211, 0.04993675381238609, 238, 100000
3292, -164.43268670723774, 223, 0.04993675381238609, 238, 100000
3293, -162.75156534276903, 244, 0.04993675381238609, 238, 100000
3294, -117.47957337507978, 152, 0.04993675381238609, 238, 100000
3295, -197.935655759793, 604, 0.04993675381238609, 238, 100000
3296, -302.0300625845557, 607, 0.04993675381238609, 238, 100000
3297, -213.50205546058714, 153, 0.04993675381238609, 238, 100000
3298, -128.33649169758428, 314, 0.04993675381238609, 238, 100000
3299, -59.53257671778556, 745, 0.04993675381238609, 238, 100000
3300, -303.4301956871059, 257, 0.04993675381238609, 238, 100000
3301, -523.7065288156446, 901, 0.04993675381238609, 238, 100000
3302, 47.985757051967084, 16, 0.04993675381238609, 238, 100000
3303, -171.67452415078878, 221, 0.04993675381238609, 238, 100000
3304, -141.69524647202343, 111, 0.04993675381238609, 238, 100000
3305, -193.2214700053446, 131, 0.04993675381238609, 238, 100000
3306, -159.61161810997874, 75, 0.04993675381238609, 238, 100000
3307, -338.9076029425487, 382, 0.04993675381238609, 238, 100000
3308, -127.55333458026871, 98, 0.04993675381238609, 238, 100000
3309, -314.82118658628315, 310, 0.04993675381238609, 238, 100000
3310, -154.1662737231236, 58, 0.04993675381238609, 238, 100000
3311, -229.338429805357, 170, 0.04993675381238609, 238, 100000
3312, -156.80817322060466, 65, 0.04993675381238609, 238, 100000
3313, -151.93464526347816, 124, 0.04993675381238609, 238, 100000
3314, -159.79751192964613, 198, 0.04993675381238609, 238, 100000
3315, -296.54857957667264, 567, 0.04993675381238609, 238, 100000
3316, -186.80044433986768, 118, 0.04993675381238609, 238, 100000
3317, -120.04815122298896, 42, 0.04993675381238609, 238, 100000
3318, -140.52306980686262, 252, 0.04993675381238609, 238, 100000
3319, -158.08740893751383, 254, 0.04993675381238609, 238, 100000
3320, -146.0192722606007, 270, 0.04993675381238609, 238, 100000
3321, -159.42299869656563, 47, 0.04993675381238609, 238, 100000
3322, -113.5170736471191, 112, 0.04993675381238609, 238, 100000
3323, -182.69120888784528, 153, 0.04993675381238609, 238, 100000
3324, -163.02263121306896, 70, 0.04993675381238609, 238, 100000
3325, 34.17004226944118, 374, 0.04993675381238609, 238, 100000
3326, -157.95346941100433, 136, 0.04993675381238609, 238, 100000
3327, -190.74240240361542, 215, 0.04993675381238609, 238, 100000
3328, -862.4306291743706, 741, 0.04993675381238609, 238, 100000
3329, -196.28456466272473, 141, 0.04993675381238609, 238, 100000
3330, -153.4773506356869, 101, 0.04993675381238609, 238, 100000
3331, -163.47458158852533, 114, 0.04993675381238609, 238, 100000
3332, -226.46622592533822, 379, 0.04993675381238609, 238, 100000
3333, -130.32160186767578, 34, 0.04993675381238609, 238, 100000
3334, -255.0567109575495, 292, 0.04993675381238609, 238, 100000
3335, -167.64978818781674, 79, 0.04993675381238609, 238, 100000
3336, -147.60476198978722, 93, 0.04993675381238609, 238, 100000
3337, -125.66874222457409, 63, 0.04993675381238609, 238, 100000
3338, -178.0056274520466, 134, 0.04993675381238609, 238, 100000
3339, -184.52678888477385, 76, 0.04993675381238609, 238, 100000
3340, -229.28579776361585, 138, 0.04993675381238609, 238, 100000
3341, -125.54045436624438, 45, 0.04993675381238609, 238, 100000
3342, -148.45103323319927, 91, 0.04993675381238609, 238, 100000
3343, -127.03757545351982, 35, 0.04993675381238609, 238, 100000
3344, -138.87930450215936, 52, 0.04993675381238609, 238, 100000
3345, -180.2800659649074, 63, 0.04993675381238609, 238, 100000
3346, -134.42917765676975, 55, 0.04993675381238609, 238, 100000
3347, -269.76187136094086, 312, 0.04993675381238609, 238, 100000
3348, -168.2595070534153, 335, 0.04993675381238609, 238, 100000
3349, -172.67217173916288, 152, 0.04993675381238609, 238, 100000
3350, 41.1453892365098, 20, 0.04993675381238609, 238, 100000
3351, -227.34848395269364, 150, 0.04993675381238609, 238, 100000
3352, 37.859168608440086, 190, 0.04993675381238609, 238, 100000
3353, 54.366536847897805, 240, 0.04993675381238609, 238, 100000
3354, 51.321321934461594, 3, 0.04993675381238609, 238, 100000
3355, 50.08988151594531, 6, 0.04993675381238609, 238, 100000
3356, -120.6515781879425, 9, 0.04993675381238609, 238, 100000
3357, -105.45496277697384, 112, 0.04993675381238609, 238, 100000
3358, -123.9610336467158, 194, 0.04993675381238609, 238, 100000
3359, -189.48305647831876, 266, 0.04993675381238609, 238, 100000
3360, -122.05579002993181, 67, 0.04993675381238609, 238, 100000
3361, -161.95925274817273, 141, 0.04993675381238609, 238, 100000
3362, -122.45594546280336, 65, 0.04993675381238609, 238, 100000
3363, -151.39402754232287, 145, 0.04993675381238609, 238, 100000
3364, -133.62025893852115, 100, 0.04993675381238609, 238, 100000
3365, -159.23812180757523, 50, 0.04993675381238609, 238, 100000
3366, -138.6014476059936, 111, 0.04993675381238609, 238, 100000
3367, 55.47708312422037, 75, 0.04993675381238609, 238, 100000
3368, -165.4886058922275, 243, 0.04993675381238609, 238, 100000
3369, -208.46490623510908, 454, 0.04993675381238609, 238, 100000
3370, -291.0645439280197, 461, 0.04993675381238609, 238, 100000
3371, 14.873420181887923, 395, 0.04993675381238609, 238, 100000
3372, 47.40362986770924, 100, 0.04993675381238609, 238, 100000
3373, -112.02762584216543, 315, 0.04993675381238609, 238, 100000
3374, 22.05818848661147, 528, 0.04993675381238609, 238, 100000
3375, 12.888338469201699, 210, 0.04993675381238609, 238, 100000
3376, 53.294646290363744, 169, 0.04993675381238609, 238, 100000
3377, -114.41214221979226, 280, 0.04993675381238609, 238, 100000
3378, -122.09228189656278, 106, 0.04993675381238609, 238, 100000
3379, -130.44408248225227, 58, 0.04993675381238609, 238, 100000
3380, -222.7657486507669, 332, 0.04993675381238609, 238, 100000
3381, -139.57149457652122, 115, 0.04993675381238609, 238, 100000
3382, -139.07335717137903, 219, 0.04993675381238609, 238, 100000
3383, -342.97697744332254, 219, 0.04993675381238609, 238, 100000
3384, -148.4678914323449, 74, 0.04993675381238609, 238, 100000
3385, -145.47916558512952, 404, 0.04993675381238609, 238, 100000
3386, -285.62886392790824, 300, 0.04993675381238609, 238, 100000
3387, 51.865631410852075, 96, 0.04993675381238609, 238, 100000
3388, -106.47049727058038, 19, 0.04993675381238609, 238, 100000
3389, -141.5024704122916, 107, 0.04993675381238609, 238, 100000
3390, -151.5411436506256, 324, 0.04993675381238609, 238, 100000
3391, 38.63243153122312, 424, 0.04993675381238609, 238, 100000
3392, -132.04477112623863, 222, 0.04993675381238609, 238, 100000
3393, -173.4878593402682, 320, 0.04993675381238609, 238, 100000
3394, -190.36477679858217, 452, 0.04993675381238609, 238, 100000
3395, 38.801915807882324, 186, 0.04993675381238609, 238, 100000
3396, -167.5817885514116, 182, 0.04993675381238609, 238, 100000
3397, 80.63662465848029, 226, 0.04993675381238609, 238, 100000
3398, -51.57813151413575, 251, 0.04993675381238609, 238, 100000
3399, -244.02752116456395, 288, 0.04993675381238609, 238, 100000
3400, -144.82854087278247, 84, 0.04993675381238609, 238, 100000
3401, -150.1781240333803, 221, 0.04993675381238609, 238, 100000
3402, 3.776467361720279, 289, 0.04993675381238609, 238, 100000
3403, -115.9234528541565, 6, 0.04993675381238609, 238, 100000
3404, 10.442032917868346, 144, 0.04993675381238609, 238, 100000
3405, 46.64128373196854, 1000, 0.04993675381238609, 238, 100000
3406, 17.613372445106506, 432, 0.04993675381238609, 238, 100000
3407, -14.9600480357185, 226, 0.04993675381238609, 238, 100000
3408, -295.5953126898967, 1000, 0.04993675381238609, 238, 100000
3409, -58.1921678793733, 721, 0.04993675381238609, 238, 100000
3410, 66.91241131955758, 169, 0.04993675381238609, 238, 100000
3411, 41.24940792983398, 22, 0.04993675381238609, 238, 100000
3412, 22.217770737595856, 407, 0.04993675381238609, 238, 100000
3413, -216.3299143947661, 246, 0.04993675381238609, 238, 100000
3414, -117.23689341498539, 1000, 0.04993675381238609, 238, 100000
3415, -189.06135250226362, 916, 0.04993675381238609, 238, 100000
3416, 92.88989359815605, 1000, 0.04993675381238609, 238, 100000
3417, -187.1921538975148, 540, 0.04993675381238609, 238, 100000
3418, -290.64161705295555, 1000, 0.04993675381238609, 238, 100000
3419, -45.50979245605413, 728, 0.04993675381238609, 238, 100000
3420, -544.0583542585373, 1000, 0.04993675381238609, 238, 100000
3421, -111.77807502544601, 1000, 0.04993675381238609, 238, 100000
3422, -329.0257107508369, 314, 0.04993675381238609, 238, 100000
3423, -190.82041632570326, 490, 0.04993675381238609, 238, 100000
3424, -7.750465886667371, 155, 0.04993675381238609, 238, 100000
3425, -311.23982777044876, 663, 0.04993675381238609, 238, 100000
3426, -205.77803715132177, 493, 0.04993675381238609, 238, 100000
3427, 54.392442574724555, 11, 0.04993675381238609, 238, 100000
3428, -109.10595646873116, 110, 0.04993675381238609, 238, 100000
3429, -185.36258953949437, 297, 0.04993675381238609, 238, 100000
3430, -422.29856993758585, 957, 0.04993675381238609, 238, 100000
3431, -212.62605839199477, 1000, 0.04993675381238609, 238, 100000
3432, -189.50696834910195, 716, 0.04993675381238609, 238, 100000
3433, -96.04481390118599, 1000, 0.04993675381238609, 238, 100000
3434, 44.88152069633361, 17, 0.04993675381238609, 238, 100000
3435, -154.1654781854886, 1000, 0.04993675381238609, 238, 100000
3436, -225.73249087762088, 190, 0.04993675381238609, 238, 100000
3437, -315.82159671443515, 890, 0.04993675381238609, 238, 100000
3438, -147.46249869232997, 270, 0.04993675381238609, 238, 100000
3439, -122.49648405611515, 1000, 0.04993675381238609, 238, 100000
3440, -36.64665095205419, 586, 0.04993675381238609, 238, 100000
3441, 45.15466294903308, 113, 0.04993675381238609, 238, 100000
3442, 48.75014865398407, 10, 0.04993675381238609, 238, 100000
3443, -42.28246805211529, 300, 0.04993675381238609, 238, 100000
3444, -194.60877792863175, 354, 0.04993675381238609, 238, 100000
3445, 54.395834845490754, 12, 0.04993675381238609, 238, 100000
3446, -224.84956495673396, 537, 0.04993675381238609, 238, 100000
3447, -128.75734754325822, 71, 0.04993675381238609, 238, 100000
3448, -191.8232892677188, 90, 0.04993675381238609, 238, 100000
3449, -195.10855620336952, 1000, 0.04993675381238609, 238, 100000
3450, -238.40025121136568, 549, 0.04993675381238609, 238, 100000
3451, -180.9736325624399, 277, 0.04993675381238609, 238, 100000
3452, -2.346991642843932, 313, 0.04993675381238609, 238, 100000
3453, -166.10996563732624, 81, 0.04993675381238609, 238, 100000
3454, -140.34944232000998, 244, 0.04993675381238609, 238, 100000
3455, -202.1452826075256, 130, 0.04993675381238609, 238, 100000
3456, -328.7484790481394, 445, 0.04993675381238609, 238, 100000
3457, 54.51728472113609, 9, 0.04993675381238609, 238, 100000
3458, -209.78114692377858, 397, 0.04993675381238609, 238, 100000
3459, 36.873187847435474, 144, 0.04993675381238609, 238, 100000
3460, 34.362905006855726, 134, 0.04993675381238609, 238, 100000
3461, -124.4148476892151, 110, 0.04993675381238609, 238, 100000
3462, -109.58370390278287, 824, 0.04993675381238609, 238, 100000
3463, 55.50140380486846, 72, 0.04993675381238609, 238, 100000
3464, -130.66129079740494, 145, 0.04993675381238609, 238, 100000
3465, -277.4272560026002, 529, 0.04993675381238609, 238, 100000
3466, -19.68906809866894, 433, 0.04993675381238609, 238, 100000
3467, -287.11108988616616, 1000, 0.04993675381238609, 238, 100000
3468, 8.722974852658808, 308, 0.04993675381238609, 238, 100000
3469, -167.34232547180727, 210, 0.04993675381238609, 238, 100000
3470, -204.86358231958002, 1000, 0.04993675381238609, 238, 100000
3471, -117.20415103668347, 141, 0.04993675381238609, 238, 100000
3472, -190.65985163964797, 853, 0.04993675381238609, 238, 100000
3473, -160.9589731306769, 203, 0.04993675381238609, 238, 100000
3474, -232.85946805300773, 1000, 0.04993675381238609, 238, 100000
3475, -387.70964934380027, 1000, 0.04993675381238609, 238, 100000
3476, -433.411573393445, 1000, 0.04993675381238609, 238, 100000
3477, -175.31183378072456, 1000, 0.04993675381238609, 238, 100000
3478, -182.68112098501297, 1000, 0.04993675381238609, 238, 100000
3479, -478.8473062667035, 1000, 0.04993675381238609, 238, 100000
3480, -274.6983110390429, 1000, 0.04993675381238609, 238, 100000
3481, -239.00797290794435, 1000, 0.04993675381238609, 238, 100000
3482, -57.387136478500906, 574, 0.04993675381238609, 238, 100000
3483, -116.02180433273315, 6, 0.04993675381238609, 238, 100000
3484, -181.33311986119952, 1000, 0.04993675381238609, 238, 100000
3485, 30.84254676452838, 830, 0.04993675381238609, 238, 100000
3486, -112.01195478439331, 7, 0.04993675381238609, 238, 100000
3487, -119.19477328227367, 1000, 0.04993675381238609, 238, 100000
3488, -123.01006232853979, 177, 0.04993675381238609, 238, 100000
3489, -49.7955262848991, 675, 0.04993675381238609, 238, 100000
3490, -126.48330538254231, 58, 0.04993675381238609, 238, 100000
3491, -29.352790085227753, 718, 0.04993675381238609, 238, 100000
3492, -122.53189857653342, 136, 0.04993675381238609, 238, 100000
3493, -108.37635724432766, 165, 0.04993675381238609, 238, 100000
3494, 27.947311965748668, 217, 0.04993675381238609, 238, 100000
3495, 41.68652609670244, 261, 0.04993675381238609, 238, 100000
3496, -102.20932341739535, 11, 0.04993675381238609, 238, 100000
3497, -129.90312660112977, 76, 0.04993675381238609, 238, 100000
3498, -268.97132551204413, 234, 0.04993675381238609, 238, 100000
3499, -147.4810723408591, 91, 0.04993675381238609, 238, 100000
3500, -142.25457510072738, 50, 0.04993675381238609, 238, 100000
3501, -143.30898955091834, 87, 0.04993675381238609, 238, 100000
3502, -141.84231363795698, 80, 0.04993675381238609, 238, 100000
3503, 39.80544686317444, 22, 0.04993675381238609, 238, 100000
3504, -149.44388681650162, 51, 0.04993675381238609, 238, 100000
3505, -188.40538641251624, 123, 0.04993675381238609, 238, 100000
3506, -126.90167009830475, 83, 0.04993675381238609, 238, 100000
3507, -394.25428437242226, 766, 0.04993675381238609, 238, 100000
3508, 57.30977135151625, 415, 0.04993675381238609, 238, 100000
3509, -170.97680842413683, 1000, 0.04993675381238609, 238, 100000
3510, -139.7335113827139, 74, 0.04993675381238609, 238, 100000
3511, -150.56748584657907, 311, 0.04993675381238609, 238, 100000
3512, -694.7044536841568, 1000, 0.04993675381238609, 238, 100000
3513, 41.462228002958, 184, 0.04993675381238609, 238, 100000
3514, -212.38410718296655, 160, 0.04993675381238609, 238, 100000
3515, -268.18284327350557, 226, 0.04993675381238609, 238, 100000
3516, -193.5966080686194, 190, 0.04993675381238609, 238, 100000
3517, 9.128351481398568, 204, 0.04993675381238609, 238, 100000
3518, -256.8793277805671, 789, 0.04993675381238609, 238, 100000
3519, -258.69313644018257, 312, 0.04993675381238609, 238, 100000
3520, -173.98414531955495, 229, 0.04993675381238609, 238, 100000
3521, -189.05195758864284, 118, 0.04993675381238609, 238, 100000
3522, -184.79155272990465, 88, 0.04993675381238609, 238, 100000
3523, -124.32586548896506, 580, 0.04993675381238609, 238, 100000
3524, 5.118698907550424, 151, 0.04993675381238609, 238, 100000
3525, 52.7894441857934, 36, 0.04993675381238609, 238, 100000
3526, -149.6072498265421, 599, 0.04993675381238609, 238, 100000
3527, -49.88503797480371, 1000, 0.04993675381238609, 238, 100000
3528, -116.9999873302877, 156, 0.04993675381238609, 238, 100000
3529, -136.74827894568443, 281, 0.04993675381238609, 238, 100000
3530, 35.258508946804795, 86, 0.04993675381238609, 238, 100000
3531, 58.68172608409077, 114, 0.04993675381238609, 238, 100000
3532, 83.79617351002526, 495, 0.04993675381238609, 238, 100000
3533, 58.248396029288415, 201, 0.04993675381238609, 238, 100000
3534, 43.1781721659936, 1000, 0.04993675381238609, 238, 100000
3535, -74.694891109546, 286, 0.04993675381238609, 238, 100000
3536, -38.77953936582344, 574, 0.04993675381238609, 238, 100000
3537, -129.9822184536606, 119, 0.04993675381238609, 238, 100000
3538, 27.667733710142784, 940, 0.04993675381238609, 238, 100000
3539, 18.4825638870243, 246, 0.04993675381238609, 238, 100000
3540, -144.32797535893042, 348, 0.04993675381238609, 238, 100000
3541, -171.7998885451816, 129, 0.04993675381238609, 238, 100000
3542, -73.28874106146395, 455, 0.04993675381238609, 238, 100000
3543, 45.14289130829275, 10, 0.04993675381238609, 238, 100000
3544, -107.79561448097229, 3, 0.04993675381238609, 238, 100000
3545, -185.90797821129672, 1000, 0.04993675381238609, 238, 100000
3546, -273.89020983467344, 375, 0.04993675381238609, 238, 100000
3547, -236.67017471892177, 376, 0.04993675381238609, 238, 100000
3548, -324.5399804664776, 1000, 0.04993675381238609, 238, 100000
3549, -285.47033890147577, 1000, 0.04993675381238609, 238, 100000
3550, -282.8479949759203, 989, 0.04993675381238609, 238, 100000
3551, -112.13521991623566, 1000, 0.04993675381238609, 238, 100000
3552, -184.5623396326555, 368, 0.04993675381238609, 238, 100000
3553, -142.146672796458, 85, 0.04993675381238609, 238, 100000
3554, -37.13818966667168, 1000, 0.04993675381238609, 238, 100000
3555, -372.23266360303387, 657, 0.04993675381238609, 238, 100000
3556, -170.10700965719298, 224, 0.04993675381238609, 238, 100000
3557, -366.2065553111606, 839, 0.04993675381238609, 238, 100000
3558, -402.08303126040846, 455, 0.04993675381238609, 238, 100000
3559, -112.65488157351501, 281, 0.04993675381238609, 238, 100000
3560, 12.629828883567825, 237, 0.04993675381238609, 238, 100000
3561, 49.27057641069405, 113, 0.04993675381238609, 238, 100000
3562, 7.54265998955816, 100, 0.04993675381238609, 238, 100000
3563, 81.71158729679883, 369, 0.04993675381238609, 238, 100000
3564, -170.69684451664216, 795, 0.04993675381238609, 238, 100000
3565, -237.94881821144372, 413, 0.04993675381238609, 238, 100000
3566, 38.55843364261091, 261, 0.04993675381238609, 238, 100000
3567, -256.2576898491352, 675, 0.04993675381238609, 238, 100000
3568, -252.2016096393345, 1000, 0.04993675381238609, 238, 100000
3569, -241.3832568418875, 1000, 0.04993675381238609, 238, 100000
3570, -271.3513887405861, 500, 0.04993675381238609, 238, 100000
3571, -421.0429202243686, 661, 0.04993675381238609, 238, 100000
3572, -180.74102839676198, 506, 0.04993675381238609, 238, 100000
3573, -51.931240561418235, 314, 0.04993675381238609, 238, 100000
3574, -188.9180455825117, 286, 0.04993675381238609, 238, 100000
3575, -135.35124636959517, 433, 0.04993675381238609, 238, 100000
3576, -163.2269098565448, 1000, 0.04993675381238609, 238, 100000
3577, 28.635572428815067, 222, 0.04993675381238609, 238, 100000
3578, 61.70728187263012, 356, 0.04993675381238609, 238, 100000
3579, -211.34204186167335, 455, 0.04993675381238609, 238, 100000
3580, 44.83492163568735, 20, 0.04993675381238609, 238, 100000
3581, -236.03783235885203, 240, 0.04993675381238609, 238, 100000
3582, -313.45265550911427, 243, 0.04993675381238609, 238, 100000
3583, 19.669797501410358, 166, 0.04993675381238609, 238, 100000
3584, -150.97710239118896, 146, 0.04993675381238609, 238, 100000
3585, -83.5251799931284, 475, 0.04993675381238609, 238, 100000
3586, -145.95467977691442, 337, 0.04993675381238609, 238, 100000
3587, -145.4573543984443, 903, 0.04993675381238609, 238, 100000
3588, 52.156930336903315, 97, 0.04993675381238609, 238, 100000
3589, -213.14895080775023, 83, 0.04993675381238609, 238, 100000
3590, -185.0514773845789, 454, 0.04993675381238609, 238, 100000
3591, -136.30801685526967, 44, 0.04993675381238609, 238, 100000
3592, -184.27629502653144, 933, 0.04993675381238609, 238, 100000
3593, -218.14069469831884, 138, 0.04993675381238609, 238, 100000
3594, -146.3191856564954, 68, 0.04993675381238609, 238, 100000
3595, -269.57459856104106, 222, 0.04993675381238609, 238, 100000
3596, -4.011231944197789, 407, 0.04993675381238609, 238, 100000
3597, -80.44541796378326, 469, 0.04993675381238609, 238, 100000
3598, -148.4717913949862, 543, 0.04993675381238609, 238, 100000
3599, -208.21776803163812, 360, 0.04993675381238609, 238, 100000
3600, -274.84967562463135, 303, 0.04993675381238609, 238, 100000
3601, -397.3426600706298, 392, 0.04993675381238609, 238, 100000
3602, -272.48302403185517, 190, 0.04993675381238609, 238, 100000
3603, -313.730015065521, 312, 0.04993675381238609, 238, 100000
3604, -294.7756013437174, 336, 0.04993675381238609, 238, 100000
3605, -186.50843609124422, 79, 0.04993675381238609, 238, 100000
3606, -370.80750650148184, 843, 0.04993675381238609, 238, 100000
3607, -182.19876742025372, 152, 0.04993675381238609, 238, 100000
3608, -199.52400907230913, 871, 0.04993675381238609, 238, 100000
3609, -118.02652183984173, 123, 0.04993675381238609, 238, 100000
3610, -271.2120059831068, 267, 0.04993675381238609, 238, 100000
3611, -147.91320177679881, 55, 0.04993675381238609, 238, 100000
3612, -329.9633873635903, 490, 0.04993675381238609, 238, 100000
3613, -145.26009930297732, 54, 0.04993675381238609, 238, 100000
3614, -216.63364290539175, 141, 0.04993675381238609, 238, 100000
3615, -166.93085835594684, 155, 0.04993675381238609, 238, 100000
3616, -267.1198805955355, 979, 0.04993675381238609, 238, 100000
3617, -167.54146365821362, 139, 0.04993675381238609, 238, 100000
3618, -151.75058769062161, 61, 0.04993675381238609, 238, 100000
3619, -194.16719324700534, 121, 0.04993675381238609, 238, 100000
3620, -200.4016094082035, 162, 0.04993675381238609, 238, 100000
3621, -163.73360186070204, 110, 0.04993675381238609, 238, 100000
3622, -65.79401256871643, 369, 0.04993675381238609, 238, 100000
3623, -207.28721890220186, 1000, 0.04993675381238609, 238, 100000
3624, -148.57331706330297, 113, 0.04993675381238609, 238, 100000
3625, -188.575295352377, 177, 0.04993675381238609, 238, 100000
3626, -358.44581182440743, 1000, 0.04993675381238609, 238, 100000
3627, -168.0178580507636, 116, 0.04993675381238609, 238, 100000
3628, 38.03423766186461, 186, 0.04993675381238609, 238, 100000
3629, -142.26834571920335, 110, 0.04993675381238609, 238, 100000
3630, -189.57164600491524, 70, 0.04993675381238609, 238, 100000
3631, -157.40051715401933, 159, 0.04993675381238609, 238, 100000
3632, -245.12407612241805, 253, 0.04993675381238609, 238, 100000
3633, -166.43767293170094, 89, 0.04993675381238609, 238, 100000
3634, -196.767371611204, 408, 0.04993675381238609, 238, 100000
3635, -454.8344284223858, 827, 0.04993675381238609, 238, 100000
3636, -295.819299533905, 618, 0.04993675381238609, 238, 100000
3637, -169.25174793734914, 522, 0.04993675381238609, 238, 100000
3638, -2.8578253443120047, 1000, 0.04993675381238609, 238, 100000
3639, -151.77755937492475, 154, 0.04993675381238609, 238, 100000
3640, -131.90576814860106, 63, 0.04993675381238609, 238, 100000
3641, -498.14695887919515, 390, 0.04993675381238609, 238, 100000
3642, 57.61077058798401, 403, 0.04993675381238609, 238, 100000
3643, -174.76858202170115, 138, 0.04993675381238609, 238, 100000
3644, -213.33121218252927, 180, 0.04993675381238609, 238, 100000
3645, -189.67297601234168, 101, 0.04993675381238609, 238, 100000
3646, -163.0818303534761, 59, 0.04993675381238609, 238, 100000
3647, -189.0582600608468, 119, 0.04993675381238609, 238, 100000
3648, -201.1880208341172, 310, 0.04993675381238609, 238, 100000
3649, -364.34175916336244, 667, 0.04993675381238609, 238, 100000
3650, -133.99349911123863, 206, 0.04993675381238609, 238, 100000
3651, -400.91653956100345, 405, 0.04993675381238609, 238, 100000
3652, -263.3578404583968, 440, 0.04993675381238609, 238, 100000
3653, -176.92019446461927, 234, 0.04993675381238609, 238, 100000
3654, -201.83009687706362, 173, 0.04993675381238609, 238, 100000
3655, -226.34306452283636, 243, 0.04993675381238609, 238, 100000
3656, -365.35635543067474, 428, 0.04993675381238609, 238, 100000
3657, 34.33890220057219, 253, 0.04993675381238609, 238, 100000
3658, 12.893614837201312, 237, 0.04993675381238609, 238, 100000
3660, 27.803583189146593, 125, 0.04993675381238609, 238, 100000
3661, -77.88833044131752, 431, 0.04993675381238609, 238, 100000
3662, -163.07739860587753, 90, 0.04993675381238609, 238, 100000
3663, -146.00609529064968, 86, 0.04993675381238609, 238, 100000
3664, -171.2218509055674, 220, 0.04993675381238609, 238, 100000
3665, -193.85775807173923, 225, 0.04993675381238609, 238, 100000
3666, -168.44910948630422, 128, 0.04993675381238609, 238, 100000
3667, -163.68785440549254, 83, 0.04993675381238609, 238, 100000
3668, -411.05345026688883, 561, 0.04993675381238609, 238, 100000
3669, -230.99965805828106, 285, 0.04993675381238609, 238, 100000
3670, -132.473452628823, 798, 0.04993675381238609, 238, 100000
3671, 50.68149454891682, 11, 0.04993675381238609, 238, 100000
3672, 48.28331544203684, 213, 0.04993675381238609, 238, 100000
3673, 37.08469494059682, 25, 0.04993675381238609, 238, 100000
3674, -140.21617578202859, 164, 0.04993675381238609, 238, 100000
3675, -226.6913002685178, 241, 0.04993675381238609, 238, 100000
3676, 54.461378395557404, 8, 0.04993675381238609, 238, 100000
3677, -142.35190768074244, 109, 0.04993675381238609, 238, 100000
3678, -127.62198855844326, 89, 0.04993675381238609, 238, 100000
3679, 35.31908094586106, 178, 0.04993675381238609, 238, 100000
3680, -255.4404291342944, 467, 0.04993675381238609, 238, 100000
3681, -137.49637636449188, 62, 0.04993675381238609, 238, 100000
3682, 59.0200570281595, 141, 0.04993675381238609, 238, 100000
3683, -104.47593222808791, 138, 0.04993675381238609, 238, 100000
3684, 49.10410296916962, 17, 0.04993675381238609, 238, 100000
3685, -127.5402584047988, 39, 0.04993675381238609, 238, 100000
3686, -226.7831442047609, 447, 0.04993675381238609, 238, 100000
3687, -133.41106551140547, 49, 0.04993675381238609, 238, 100000
3688, -130.64499602466822, 52, 0.04993675381238609, 238, 100000
3689, -159.94976832997054, 118, 0.04993675381238609, 238, 100000
3690, -204.21539151505567, 227, 0.04993675381238609, 238, 100000
3691, 6.611655574524775, 77, 0.04993675381238609, 238, 100000
3692, -134.27787441154942, 152, 0.04993675381238609, 238, 100000
3693, 41.22208912670612, 21, 0.04993675381238609, 238, 100000
3694, -166.73715101834387, 133, 0.04993675381238609, 238, 100000
3695, -213.52763127395883, 350, 0.04993675381238609, 238, 100000
3696, -248.4837246465031, 367, 0.04993675381238609, 238, 100000
3697, -141.84694396192208, 89, 0.04993675381238609, 238, 100000
3698, 47.98080593533814, 14, 0.04993675381238609, 238, 100000
3699, -135.02952681668103, 90, 0.04993675381238609, 238, 100000
3700, -243.36988235544413, 220, 0.04993675381238609, 238, 100000
3701, -169.43683689180762, 129, 0.04993675381238609, 238, 100000
3702, -207.47736540064216, 103, 0.04993675381238609, 238, 100000
3703, -201.1586191561073, 704, 0.04993675381238609, 238, 100000
3704, 30.68082571328705, 262, 0.04993675381238609, 238, 100000
3705, 44.42706040706253, 450, 0.04993675381238609, 238, 100000
3706, -153.6933479886502, 132, 0.04993675381238609, 238, 100000
3707, -161.34122362406924, 329, 0.04993675381238609, 238, 100000
3708, -233.0519259320572, 396, 0.04993675381238609, 238, 100000
3709, -174.84022990241647, 165, 0.04993675381238609, 238, 100000
3710, -188.04793672077358, 189, 0.04993675381238609, 238, 100000
3711, 13.071165523273521, 578, 0.04993675381238609, 238, 100000
3712, -157.2413839562796, 100, 0.04993675381238609, 238, 100000
3713, -365.16586386749987, 628, 0.04993675381238609, 238, 100000
3714, -128.52296365378425, 481, 0.04993675381238609, 238, 100000
3715, -99.79893471929245, 337, 0.04993675381238609, 238, 100000
3716, -57.88225981220603, 405, 0.04993675381238609, 238, 100000
3717, 169.4124800267673, 842, 0.04993675381238609, 286, 100000
3718, -4.776931039814372, 949, 0.04993675381238609, 286, 100000
3719, 52.88856114074588, 12, 0.04993675381238609, 286, 100000
3720, -349.19124928684323, 446, 0.04993675381238609, 286, 100000
3721, -10.658188043977134, 541, 0.04993675381238609, 286, 100000
3722, -70.94345344556496, 1000, 0.04993675381238609, 286, 100000
3723, -324.4952527959831, 1000, 0.04993675381238609, 286, 100000
3724, -334.42805746616796, 523, 0.04993675381238609, 286, 100000
3725, -129.56915609241696, 218, 0.04993675381238609, 286, 100000
3726, -19.459280517476145, 692, 0.04993675381238609, 286, 100000
3727, -10.280288400128484, 279, 0.04993675381238609, 286, 100000
3728, -23.868010360951303, 771, 0.04993675381238609, 286, 100000
3729, 42.60769151558634, 1000, 0.04993675381238609, 286, 100000
3730, 0.45985884161200374, 244, 0.04993675381238609, 286, 100000
3731, -133.32928780652583, 74, 0.04993675381238609, 286, 100000
3732, 1.8373964503407478, 275, 0.04993675381238609, 286, 100000
3733, -126.09251210838556, 18, 0.04993675381238609, 286, 100000
3734, -143.12945048790425, 71, 0.04993675381238609, 286, 100000
3735, -153.157770278689, 201, 0.04993675381238609, 286, 100000
3736, 44.46298360452056, 22, 0.04993675381238609, 286, 100000
3737, -244.20118782142526, 793, 0.04993675381238609, 286, 100000
3738, 30.60061345907161, 551, 0.04993675381238609, 286, 100000
3739, 53.641424506669864, 161, 0.04993675381238609, 286, 100000
3740, -161.55011540465057, 309, 0.04993675381238609, 286, 100000
3741, -136.471277423203, 179, 0.04993675381238609, 286, 100000
3742, -190.13742274045944, 116, 0.04993675381238609, 286, 100000
3743, -161.32717117341235, 125, 0.04993675381238609, 286, 100000
3745, -358.8310459899949, 346, 0.04993675381238609, 286, 100000
3746, -428.78705891710706, 472, 0.04993675381238609, 286, 100000
3747, -64.22781096212566, 689, 0.04993675381238609, 286, 100000
3748, -147.7058789767325, 313, 0.04993675381238609, 286, 100000
3749, -194.69001108733937, 448, 0.04993675381238609, 286, 100000
3750, 80.06101642164867, 627, 0.04993675381238609, 286, 100000
3751, 30.44605178385973, 77, 0.04993675381238609, 286, 100000
3752, -285.53674631926697, 1000, 0.04993675381238609, 286, 100000
3753, 2.81281665363349, 1000, 0.04993675381238609, 286, 100000
3754, 37.12076802738011, 154, 0.04993675381238609, 286, 100000
3755, 15.615658760187216, 660, 0.04993675381238609, 286, 100000
3756, -252.23460914145107, 1000, 0.04993675381238609, 286, 100000
3757, -154.62848716578446, 205, 0.04993675381238609, 286, 100000
3758, -35.6690048801247, 657, 0.04993675381238609, 286, 100000
3759, -168.31172353960574, 170, 0.04993675381238609, 286, 100000
3760, -37.169614692356845, 694, 0.04993675381238609, 286, 100000
3761, -145.9326597377658, 151, 0.04993675381238609, 286, 100000
3762, -360.754628204857, 1000, 0.04993675381238609, 286, 100000
3763, -135.2406495801988, 915, 0.04993675381238609, 286, 100000
3764, -159.15414396720007, 1000, 0.04993675381238609, 286, 100000
3765, -262.92684416638804, 1000, 0.04993675381238609, 286, 100000
3766, -433.00164864557155, 819, 0.04993675381238609, 286, 100000
3767, -152.90753016248345, 229, 0.04993675381238609, 286, 100000
3768, -173.23298282176256, 1000, 0.04993675381238609, 286, 100000
3769, -224.06755977633293, 1000, 0.04993675381238609, 286, 100000
3770, -129.7774624817539, 1000, 0.04993675381238609, 286, 100000
3771, -208.21599929593503, 121, 0.04993675381238609, 286, 100000
3772, -320.56573578272946, 1000, 0.04993675381238609, 286, 100000
3773, -358.4019941542647, 1000, 0.04993675381238609, 286, 100000
3774, -231.89829356125847, 1000, 0.04993675381238609, 286, 100000
3775, -84.34873316076118, 970, 0.04993675381238609, 286, 100000
3776, -181.38043332006782, 502, 0.04993675381238609, 286, 100000
3777, 1.9616560959111666, 1000, 0.04993675381238609, 286, 100000
3778, -637.9445548717922, 1000, 0.04993675381238609, 286, 100000
3779, -195.47661658911966, 1000, 0.04993675381238609, 286, 100000
3780, -131.32109676802065, 1000, 0.04993675381238609, 286, 100000
3781, -152.4649864134517, 332, 0.04993675381238609, 286, 100000
3782, 35.1757849213318, 200, 0.04993675381238609, 286, 100000
3783, -554.9112258837558, 1000, 0.04993675381238609, 286, 100000
3784, -147.31728962995112, 95, 0.04993675381238609, 286, 100000
3785, -129.47155895642936, 57, 0.04993675381238609, 286, 100000
3786, -140.988155645784, 139, 0.04993675381238609, 286, 100000
3787, -211.6647588426713, 163, 0.04993675381238609, 286, 100000
3788, -126.39906921720831, 1000, 0.04993675381238609, 286, 100000
3789, -12.13405773579143, 185, 0.04993675381238609, 286, 100000
3790, -132.1367266936286, 381, 0.04993675381238609, 286, 100000
3791, -159.91638843226247, 429, 0.04993675381238609, 286, 100000
3792, -65.10515620940714, 1000, 0.04993675381238609, 286, 100000
3793, -154.14664418008033, 127, 0.04993675381238609, 286, 100000
3794, 35.982274228706956, 166, 0.04993675381238609, 286, 100000
3795, -137.68491726065986, 138, 0.04993675381238609, 286, 100000
3796, -169.42993811983615, 448, 0.04993675381238609, 286, 100000
3797, -182.64674023725092, 517, 0.04993675381238609, 286, 100000
3798, -345.3975018002675, 1000, 0.04993675381238609, 286, 100000
3799, -173.60164525348227, 673, 0.04993675381238609, 286, 100000
3800, -130.42810970961727, 1000, 0.04993675381238609, 286, 100000
