episode, reward, success, duration, n_steps, epsilon, success_count, memory length, avg_critic_loss, avg_actor_loss
14001, 11644.766070127487, True, 1.693796157836914, 73, 0.04996170339735633, 0, 100000, 38.91048812866211, -227284.9375
14002, 9626.827649056911, True, 9.421695232391357, 446, 0.04996170339735633, 0, 100000, 37.58951187133789, -230840.15625
14003, 7711.749709870666, True, 17.43934392929077, 881, 0.04996170339735633, 0, 100000, 37.72353744506836, -230986.390625
14004, 6950.355885013938, True, 18.579471826553345, 947, 0.04996170339735633, 0, 100000, 36.88112258911133, -231909.140625
14005, 5705.591118365526, True, 14.115729808807373, 714, 0.04996170339735633, 0, 100000, 36.99958801269531, -230088.171875
14006, 8259.984341323376, True, 13.804404020309448, 679, 0.04996170339735633, 0, 100000, 36.24022674560547, -231612.09375
14007, 7930.747085517971, True, 12.567092418670654, 629, 0.04996170339735633, 0, 100000, 37.13887023925781, -232444.140625
14008, 6509.988481134176, True, 21.536632537841797, 1076, 0.04996170339735633, 0, 100000, 37.10145950317383, -231447.53125
14009, 6485.15349502489, True, 21.3772132396698, 1086, 0.04996170339735633, 0, 100000, 36.76206970214844, -229382.703125
14010, 5751.952207028866, True, 15.782341480255127, 779, 0.04996170339735633, 0, 100000, 36.4178466796875, -229724.53125
14011, 5550.126884588972, True, 20.044663667678833, 989, 0.04996170339735633, 0, 100000, 35.88475799560547, -228908.453125
14012, 6304.448824077845, True, 19.045727014541626, 946, 0.04996170339735633, 0, 100000, 36.65454864501953, -229193.546875
14013, 7271.176516454667, True, 14.825327634811401, 836, 0.04996170339735633, 0, 100000, 35.590721130371094, -228333.03125
14014, -12059.38084885478, False, 4.061367988586426, 221, 0.04996170339735633, 0, 100000, 35.443172454833984, -229494.359375
14015, 9530.797477915883, True, 9.038613319396973, 492, 0.04996170339735633, 0, 100000, 35.44239807128906, -226863.0625
14016, 6230.797900825739, True, 16.05027437210083, 904, 0.04996170339735633, 0, 100000, 36.43077087402344, -227257.609375
14017, -14329.53942334652, False, 6.174959182739258, 350, 0.04996170339735633, 0, 100000, 35.488590240478516, -226496.734375
14018, 5771.818645327352, True, 15.491671800613403, 869, 0.04996170339735633, 0, 100000, 36.0631217956543, -227786.9375
14019, 4216.898376598954, True, 20.893312215805054, 1219, 0.04996170339735633, 0, 100000, 36.1854362487793, -227380.21875
14020, 6374.556880430318, True, 19.395676136016846, 1106, 0.04996170339735633, 0, 100000, 35.909725189208984, -226533.734375
14021, -10844.936618089676, False, 1.4007349014282227, 69, 0.04996170339735633, 0, 100000, 33.589866638183594, -224430.71875
14022, 9346.010023002513, True, 9.565085411071777, 512, 0.04996170339735633, 0, 100000, 36.48140335083008, -226210.75
14023, 5350.967779323459, True, 15.576242923736572, 896, 0.04996170339735633, 0, 100000, 35.861167907714844, -227392.359375
14024, 3592.3980581462383, True, 21.691766023635864, 1251, 0.04996170339735633, 0, 100000, 36.27870559692383, -226197.4375
14025, 1265.9707899987698, True, 25.7631094455719, 1491, 0.04996170339735633, 0, 100000, 36.43447494506836, -225108.84375
14026, 8558.636401414871, True, 7.996255159378052, 447, 0.04996170339735633, 0, 100000, 37.76005554199219, -222980.78125
14027, 7032.739317849278, True, 17.39298152923584, 941, 0.04996170339735633, 0, 100000, 35.53171920776367, -224788.765625
14028, 5633.393148928881, True, 19.77235436439514, 1117, 0.04996170339735633, 0, 100000, 36.138671875, -222449.984375
14029, 9265.55887503177, True, 8.906578063964844, 499, 0.04996170339735633, 0, 100000, 36.52574157714844, -224042.484375
14030, 7802.541026055813, True, 15.104139566421509, 829, 0.04996170339735633, 0, 100000, 35.851715087890625, -223839.609375
14031, 7244.031007185578, True, 16.36135721206665, 914, 0.04996170339735633, 0, 100000, 36.18456268310547, -222707.40625
14032, 7312.027582664043, True, 16.045250177383423, 904, 0.04996170339735633, 0, 100000, 36.61030578613281, -221819.953125
14033, -12490.036291241646, False, 5.338531732559204, 295, 0.04996170339735633, 0, 100000, 35.75392150878906, -220810.1875
14034, 8010.498947042972, True, 14.812028169631958, 793, 0.04996170339735633, 0, 100000, 36.2401008605957, -220473.484375
14035, 8450.068159371614, True, 9.307404279708862, 518, 0.04996170339735633, 0, 100000, 35.71324920654297, -220952.984375
14036, 8693.710344821215, True, 9.057560205459595, 493, 0.04996170339735633, 0, 100000, 37.24024963378906, -219874.28125
14037, 5696.616563767195, True, 16.857043027877808, 935, 0.04996170339735633, 0, 100000, 36.036258697509766, -220682.53125
14038, 5786.501875936985, True, 20.28378415107727, 1155, 0.04996170339735633, 0, 100000, 36.164608001708984, -219388.21875
14039, -11782.931746646762, False, 4.192220211029053, 231, 0.04996170339735633, 0, 100000, 36.41184616088867, -217092.0625
14040, 7654.608204705641, True, 13.609639883041382, 744, 0.04996170339735633, 0, 100000, 36.68247985839844, -218638.53125
14041, -12566.250261068344, False, 4.709927558898926, 263, 0.04996170339735633, 0, 100000, 36.201595306396484, -217610.34375
14042, 9430.74607784301, True, 9.176212072372437, 494, 0.04996170339735633, 0, 100000, 36.03806686401367, -217147.96875
14043, -15642.06510257721, False, 10.49347448348999, 588, 0.04996170339735633, 0, 100000, 36.62929916381836, -217118.9375
14044, 6221.860918711871, True, 14.9042649269104, 838, 0.04996170339735633, 0, 100000, 37.239410400390625, -215032.328125
14045, 4852.566524460912, True, 24.528496265411377, 1389, 0.04996170339735633, 0, 100000, 36.24391174316406, -214669.96875
14046, 2443.930607113987, True, 26.131741046905518, 1518, 0.04996170339735633, 0, 100000, 36.606483459472656, -212167.609375
14047, 6459.931752469391, True, 18.10898780822754, 1019, 0.04996170339735633, 0, 100000, 35.56629943847656, -209528.421875
14048, 6059.192217230797, True, 16.017690658569336, 869, 0.04996170339735633, 0, 100000, 36.165470123291016, -207605.90625
14049, -17609.115783212706, False, 20.251899242401123, 1102, 0.04996170339735633, 0, 100000, 35.45714569091797, -206648.53125
14050, 8111.519642561674, True, 13.000245571136475, 711, 0.04996170339735633, 0, 100000, 37.32839584350586, -205572.078125
14051, 5314.953506231308, True, 16.565908908843994, 892, 0.04996170339735633, 0, 100000, 35.75546646118164, -205873.5625
14052, 8806.272404745221, True, 10.856372833251953, 594, 0.04996170339735633, 0, 100000, 35.624210357666016, -204927.453125
14053, 7075.354605823755, True, 11.586488008499146, 604, 0.04996170339735633, 0, 100000, 35.72865676879883, -204153.234375
14054, 4708.185170531273, True, 18.20362901687622, 1002, 0.04996170339735633, 0, 100000, 36.62617111206055, -202799.5625
14055, 5763.829171270132, True, 15.072335243225098, 852, 0.04996170339735633, 0, 100000, 36.25293731689453, -201958.421875
14056, -18592.25219964981, False, 18.44109082221985, 1018, 0.04996170339735633, 0, 100000, 36.137481689453125, -200984.96875
14057, 8749.170271474868, True, 10.86174464225769, 597, 0.04996170339735633, 0, 100000, 36.92112731933594, -200648.140625
14058, 2615.8368208259344, True, 25.15136981010437, 1388, 0.04996170339735633, 0, 100000, 36.963966369628906, -198074.671875
14059, 5613.959348878823, True, 18.852320432662964, 1080, 0.04996170339735633, 0, 100000, 36.53078079223633, -195669.84375
14060, 9672.433481425047, True, 8.279222965240479, 466, 0.04996170339735633, 0, 100000, 36.54851531982422, -195417.78125
14061, -11291.203379154205, False, 2.1656084060668945, 106, 0.04996170339735633, 0, 100000, 33.81949996948242, -194620.75
14062, -14210.12305355072, False, 10.14380145072937, 545, 0.04996170339735633, 0, 100000, 36.120880126953125, -195269.390625
14063, 7882.758091151714, True, 12.258896589279175, 688, 0.04996170339735633, 0, 100000, 37.04293441772461, -193351.390625
14064, -12784.945986151695, False, 4.934201955795288, 269, 0.04996170339735633, 0, 100000, 38.2061653137207, -191441.21875
14065, 6537.796963006258, True, 13.465579509735107, 724, 0.04996170339735633, 0, 100000, 37.76405334472656, -192382.234375
14066, 5093.663718342781, True, 15.805311441421509, 889, 0.04996170339735633, 0, 100000, 37.4818000793457, -190951.234375
14067, 5731.290457308292, True, 16.345404863357544, 919, 0.04996170339735633, 0, 100000, 35.653141021728516, -189077.8125
14068, 3585.245258960873, True, 28.020236015319824, 1607, 0.04996170339735633, 0, 100000, 36.842445373535156, -186730.4375
14069, -11047.591176748276, False, 1.3895483016967773, 70, 0.04996170339735633, 0, 100000, 35.65586853027344, -183634.09375
14070, -12397.263946004212, False, 36.29981350898743, 1998, 0.04996170339735633, 0, 100000, 37.24234390258789, -182631.484375
14071, 8959.819331526756, True, 9.195071458816528, 533, 0.04996170339735633, 0, 100000, 37.12761688232422, -178716.875
14072, 8896.268061056733, True, 9.513973236083984, 498, 0.04996170339735633, 0, 100000, 37.652183532714844, -180071.46875
14073, 5051.632121577859, True, 22.613192796707153, 1248, 0.04996170339735633, 0, 100000, 38.05344009399414, -178837.453125
14074, 6526.751648329198, True, 17.864083766937256, 1006, 0.04996170339735633, 0, 100000, 38.01816177368164, -176441.484375
14075, 8561.134562386142, True, 12.694705486297607, 695, 0.04996170339735633, 0, 100000, 37.003482818603516, -174753.0
14076, 9212.997933506966, True, 9.57387661933899, 506, 0.04996170339735633, 0, 100000, 36.6141471862793, -173792.4375
14077, 5961.498372673988, True, 13.747875213623047, 732, 0.04996170339735633, 0, 100000, 36.10419845581055, -174767.703125
14078, 7299.410673201084, True, 12.329070568084717, 665, 0.04996170339735633, 0, 100000, 38.293888092041016, -173073.65625
14079, -15654.854610975832, False, 18.856908559799194, 1041, 0.04996170339735633, 0, 100000, 36.61365509033203, -172167.484375
14080, 8723.099093005061, True, 10.850294828414917, 599, 0.04996170339735633, 0, 100000, 37.028778076171875, -170449.6875
14081, 1799.7621889263391, True, 24.378813982009888, 1350, 0.04996170339735633, 0, 100000, 37.52476501464844, -168028.4375
14082, 2619.632220659405, True, 25.123127460479736, 1443, 0.04996170339735633, 0, 100000, 35.422000885009766, -165389.078125
14083, 6910.783811807632, True, 15.781933307647705, 890, 0.04996170339735633, 0, 100000, 35.200469970703125, -162738.5
14084, -11203.426586151123, False, 1.9581902027130127, 95, 0.04996170339735633, 0, 100000, 39.780426025390625, -162955.28125
14085, 9211.984752058983, True, 9.923719882965088, 517, 0.04996170339735633, 0, 100000, 36.67435073852539, -162412.90625
14086, -11066.744669437408, False, 0.9876339435577393, 49, 0.04996170339735633, 0, 100000, 33.99447250366211, -155990.90625
14087, 8235.40110450983, True, 9.677059650421143, 517, 0.04996170339735633, 0, 100000, 35.734310150146484, -160866.90625
14088, -11563.422809123993, False, 2.1722073554992676, 108, 0.04996170339735633, 0, 100000, 36.68124008178711, -160868.28125
14089, 8308.052938565612, True, 9.481313467025757, 511, 0.04996170339735633, 0, 100000, 38.50600814819336, -160007.796875
14090, -11495.609497070312, False, 1.7192668914794922, 87, 0.04996170339735633, 0, 100000, 36.2254638671875, -159127.59375
14091, 10135.811740159988, True, 6.66622519493103, 352, 0.04996170339735633, 0, 100000, 37.04725646972656, -160468.84375
14092, 8979.725890815258, True, 8.18392539024353, 449, 0.04996170339735633, 0, 100000, 36.730831146240234, -158991.015625
14093, -12062.697943687439, False, 4.203531503677368, 222, 0.04996170339735633, 0, 100000, 36.803802490234375, -158472.71875
14094, 9666.8862433061, True, 9.258756160736084, 497, 0.04996170339735633, 0, 100000, 36.22856140136719, -158572.1875
14095, 4471.097280211747, True, 21.684987783432007, 1216, 0.04996170339735633, 0, 100000, 36.919342041015625, -157801.046875
14096, 238.02546820789576, True, 21.319204568862915, 1208, 0.04996170339735633, 0, 100000, 37.12270736694336, -154827.265625
14097, 857.3842199444771, True, 25.118393659591675, 1427, 0.04996170339735633, 0, 100000, 35.824913024902344, -151609.015625
14098, -15317.399015635252, False, 15.013605833053589, 833, 0.04996170339735633, 0, 100000, 34.81620407104492, -149189.78125
14099, -13090.785346083343, False, 8.640679597854614, 458, 0.04996170339735633, 0, 100000, 34.7664680480957, -147144.328125
14100, -13537.114768207073, False, 8.594632387161255, 449, 0.04996170339735633, 0, 100000, 36.88154983520508, -146222.453125
14101, 10300.782016396523, True, 6.109644412994385, 310, 0.04996170339735633, 0, 100000, 34.40718078613281, -144715.375
14102, -13105.739664077759, False, 4.1378350257873535, 215, 0.04996170339735633, 0, 100000, 36.68953323364258, -146766.765625
14103, -13007.653603956103, False, 6.485965728759766, 341, 0.04996170339735633, 0, 100000, 38.89775085449219, -146165.875
14104, 9360.220504507422, True, 9.522222995758057, 511, 0.04996170339735633, 0, 100000, 36.40761184692383, -143359.5625
14105, 5873.046152345836, True, 21.169847011566162, 1188, 0.04996170339735633, 0, 100000, 35.67751693725586, -143075.265625
14106, -14479.76440820098, False, 10.425913095474243, 574, 0.04996170339735633, 0, 100000, 34.78641128540039, -140948.296875
14107, 6845.078753359616, True, 13.500420093536377, 730, 0.04996170339735633, 0, 100000, 34.46268081665039, -140147.171875
14108, -12077.262928962708, False, 3.803208827972412, 200, 0.04996170339735633, 0, 100000, 33.876461029052734, -139525.765625
14109, 10417.072810278274, True, 6.086696147918701, 316, 0.04996170339735633, 0, 100000, 33.98336410522461, -138519.5
14110, -15272.886049419641, False, 15.709833145141602, 854, 0.04996170339735633, 0, 100000, 35.492225646972656, -137154.0625
14111, -11828.441693127155, False, 3.010439157485962, 161, 0.04996170339735633, 0, 100000, 33.67359161376953, -136619.859375
14112, 9608.419056223705, True, 8.887567043304443, 463, 0.04996170339735633, 0, 100000, 35.146175384521484, -135772.78125
14113, -15220.731565618888, False, 14.934643507003784, 813, 0.04996170339735633, 0, 100000, 36.35063171386719, -134621.734375
14114, 7245.47362870723, True, 10.89818024635315, 600, 0.04996170339735633, 0, 100000, 35.111934661865234, -133742.40625
14115, -12270.699647173285, False, 4.762474060058594, 254, 0.04996170339735633, 0, 100000, 35.212650299072266, -131332.46875
14116, 9584.266953859478, True, 9.2405526638031, 482, 0.04996170339735633, 0, 100000, 35.45515060424805, -132353.4375
14117, 8249.603798419237, True, 9.37163519859314, 510, 0.04996170339735633, 0, 100000, 36.303993225097656, -131805.90625
14118, -13196.23338073492, False, 7.824188470840454, 424, 0.04996170339735633, 0, 100000, 33.17165756225586, -130595.921875
14119, -13983.887366652489, False, 4.814680576324463, 248, 0.04996170339735633, 0, 100000, 35.313987731933594, -131390.453125
14120, 9465.818542391062, True, 9.087525367736816, 480, 0.04996170339735633, 0, 100000, 35.858497619628906, -130469.515625
14121, 4922.095501631498, True, 18.284465551376343, 1010, 0.04996170339735633, 0, 100000, 35.915103912353516, -127808.8046875
14122, 6684.978537932038, True, 16.40259885787964, 933, 0.04996170339735633, 0, 100000, 36.75600814819336, -126137.9609375
14123, -13534.588008671999, False, 10.991841077804565, 606, 0.04996170339735633, 0, 100000, 37.20697784423828, -125443.328125
14124, 7460.050047323108, True, 14.054259061813354, 756, 0.04996170339735633, 0, 100000, 33.407588958740234, -124035.796875
14125, -16494.570514459163, False, 19.950255155563354, 1099, 0.04996170339735633, 0, 100000, 35.34359359741211, -122168.578125
14126, -12404.793250918388, False, 6.382975339889526, 349, 0.04996170339735633, 0, 100000, 34.89606857299805, -118965.0625
14127, 9418.795187713578, True, 9.55264139175415, 499, 0.04996170339735633, 0, 100000, 35.18833923339844, -119196.53125
14128, -13262.658770740032, False, 6.300971508026123, 332, 0.04996170339735633, 0, 100000, 35.06698989868164, -117960.421875
14129, 10833.753412865102, True, 4.3527867794036865, 226, 0.04996170339735633, 0, 100000, 35.2247200012207, -118032.265625
14130, 9291.046255201101, True, 8.77790379524231, 467, 0.04996170339735633, 0, 100000, 35.948272705078125, -117829.890625
14131, -12595.590797781944, False, 6.186216592788696, 328, 0.04996170339735633, 0, 100000, 37.23115539550781, -117280.3515625
14132, 9413.337797313929, True, 9.191861867904663, 497, 0.04996170339735633, 0, 100000, 34.16704177856445, -116105.40625
14133, -15074.321344146505, False, 16.025527238845825, 885, 0.04996170339735633, 0, 100000, 35.14814758300781, -114844.703125
14134, -11311.710929572582, False, 2.660505533218384, 139, 0.04996170339735633, 0, 100000, 32.127716064453125, -112752.953125
14135, -13226.809579461813, False, 9.238306045532227, 487, 0.04996170339735633, 0, 100000, 36.56507873535156, -112550.671875
14136, -13341.285452477634, False, 8.750382661819458, 488, 0.04996170339735633, 0, 100000, 33.38384246826172, -112766.2734375
14137, 9614.709465518594, True, 9.054925918579102, 483, 0.04996170339735633, 0, 100000, 34.17739486694336, -111322.109375
14138, -11232.261514663696, False, 1.5331807136535645, 79, 0.04996170339735633, 0, 100000, 36.67654800415039, -109457.015625
14139, 7504.798263445497, True, 13.768216848373413, 731, 0.04996170339735633, 0, 100000, 33.289154052734375, -111225.796875
14140, -16064.639671862125, False, 14.324252605438232, 788, 0.04996170339735633, 0, 100000, 32.23639678955078, -109726.8828125
14141, -13811.233593043871, False, 11.19124436378479, 606, 0.04996170339735633, 0, 100000, 34.24139404296875, -108189.65625
14142, 7015.635770894587, True, 13.234005212783813, 716, 0.04996170339735633, 0, 100000, 32.38326644897461, -106898.71875
14143, -11698.275542974472, False, 3.7178544998168945, 202, 0.04996170339735633, 0, 100000, 31.11099624633789, -107787.2109375
14144, 10936.017447203398, True, 4.085050821304321, 207, 0.04996170339735633, 0, 100000, 31.477481842041016, -104952.09375
14145, 7884.401005804539, True, 8.549635171890259, 459, 0.04996170339735633, 0, 100000, 34.316734313964844, -105787.1953125
14146, 4759.7851645462215, True, 20.984820127487183, 1174, 0.04996170339735633, 0, 100000, 33.01426315307617, -104133.6484375
14147, -15557.809758260846, False, 13.45384669303894, 764, 0.04996170339735633, 0, 100000, 31.377269744873047, -102726.53125
14148, -14049.242242127657, False, 9.00803828239441, 487, 0.04996170339735633, 0, 100000, 34.170372009277344, -101016.75
14149, 7821.378189116716, True, 13.99252462387085, 745, 0.04996170339735633, 0, 100000, 32.157352447509766, -100614.6328125
14150, -15539.830982625484, False, 7.430196523666382, 390, 0.04996170339735633, 0, 100000, 31.207653045654297, -99468.8203125
14151, -13342.665002703667, False, 8.991425514221191, 476, 0.04996170339735633, 0, 100000, 32.64176559448242, -98712.7890625
14152, -12434.323787093163, False, 3.653820037841797, 172, 0.04996170339735633, 0, 100000, 33.67747497558594, -98665.90625
14153, -13690.190290510654, False, 9.283596515655518, 480, 0.04996170339735633, 0, 100000, 32.53361511230469, -96765.03125
14154, 10902.434601426125, True, 3.9422707557678223, 209, 0.04996170339735633, 0, 100000, 36.45635986328125, -97315.3515625
14155, 9231.551845669746, True, 9.46312141418457, 503, 0.04996170339735633, 0, 100000, 31.311847686767578, -96040.296875
14156, 9811.56190340221, True, 7.828319311141968, 417, 0.04996170339735633, 0, 100000, 32.08197784423828, -95492.9140625
14157, -11345.091524124146, False, 2.0122931003570557, 89, 0.04996170339735633, 0, 100000, 34.4194450378418, -95684.84375
14158, 8786.250967150554, True, 11.335163116455078, 598, 0.04996170339735633, 0, 100000, 33.09422302246094, -95062.2109375
14159, -12371.460156917572, False, 2.7270326614379883, 142, 0.04996170339735633, 0, 100000, 31.6939640045166, -94818.765625
14160, 8726.612789586186, True, 9.922338962554932, 519, 0.04996170339735633, 0, 100000, 33.231727600097656, -94554.84375
14161, -12034.19625377655, False, 1.5724740028381348, 79, 0.04996170339735633, 0, 100000, 35.005950927734375, -92819.875
14162, 8725.25932699442, True, 9.732864379882812, 504, 0.04996170339735633, 0, 100000, 32.46426773071289, -94204.0
14163, -37326.47749380022, False, 24.367532968521118, 1360, 0.04996170339735633, 0, 100000, 33.45069122314453, -92336.4609375
14164, -15368.17887043953, False, 10.014468908309937, 568, 0.04996170339735633, 0, 100000, 32.80781555175781, -90353.1796875
14165, -17332.72799038887, False, 11.706576108932495, 628, 0.04996170339735633, 0, 100000, 33.4306755065918, -88322.1328125
14166, -16615.901017785072, False, 12.1774582862854, 652, 0.04996170339735633, 0, 100000, 34.87813949584961, -87983.015625
14167, 10978.227056361735, True, 4.053364992141724, 209, 0.04996170339735633, 0, 100000, 38.109962463378906, -86037.3359375
14168, 4339.929714024067, True, 19.855865240097046, 1083, 0.04996170339735633, 0, 100000, 34.5048713684082, -84898.2109375
14169, -13298.154075473547, False, 7.495950698852539, 411, 0.04996170339735633, 0, 100000, 35.529388427734375, -84367.4609375
14170, 7433.760389760137, True, 12.40450382232666, 671, 0.04996170339735633, 0, 100000, 33.97083282470703, -83457.0
14171, -14841.715211898088, False, 11.864291429519653, 640, 0.04996170339735633, 0, 100000, 34.67469024658203, -82870.453125
14172, -12922.859538380057, False, 7.78080940246582, 411, 0.04996170339735633, 0, 100000, 34.037296295166016, -81047.0625
14173, 7862.831215530634, True, 10.254260063171387, 533, 0.04996170339735633, 0, 100000, 34.60430908203125, -79987.7578125
14174, 7086.163217231631, True, 14.834975481033325, 796, 0.04996170339735633, 0, 100000, 34.28420639038086, -80311.2734375
14175, 8040.933161023073, True, 14.435334920883179, 785, 0.04996170339735633, 0, 100000, 33.2010612487793, -79752.0625
14176, -11725.348283618689, False, 4.804424524307251, 262, 0.04996170339735633, 0, 100000, 33.713523864746094, -79459.828125
14177, -12949.845833972096, False, 9.133427381515503, 473, 0.04996170339735633, 0, 100000, 34.65845489501953, -78995.484375
14178, 10217.930685080588, True, 6.461611270904541, 351, 0.04996170339735633, 0, 100000, 32.59978485107422, -77501.9921875
14179, 2836.645169556141, True, 15.07637643814087, 822, 0.04996170339735633, 0, 100000, 34.55772399902344, -76708.0859375
14180, -13816.953860521317, False, 3.718010902404785, 200, 0.04996170339735633, 0, 100000, 34.208282470703125, -76113.6328125
14181, -12043.539248466492, False, 3.4744420051574707, 183, 0.04996170339735633, 0, 100000, 39.802860260009766, -75703.4140625
14182, -13078.674384745304, False, 7.8121702671051025, 410, 0.04996170339735633, 0, 100000, 30.348947525024414, -75836.828125
14183, 9315.622627988458, True, 9.86848521232605, 530, 0.04996170339735633, 0, 100000, 35.74289321899414, -74662.8671875
14184, -12619.850736141205, False, 3.824083089828491, 195, 0.04996170339735633, 0, 100000, 35.5692138671875, -74540.6796875
14185, -13688.49492353201, False, 6.7571141719818115, 358, 0.04996170339735633, 0, 100000, 34.96215057373047, -75122.6953125
14186, -14372.699524849653, False, 11.897699117660522, 645, 0.04996170339735633, 0, 100000, 34.06250762939453, -74220.09375
14187, 10404.213284857571, True, 4.9451189041137695, 267, 0.04996170339735633, 0, 100000, 33.971988677978516, -73293.4140625
14188, -11966.03935599327, False, 3.0716803073883057, 162, 0.04996170339735633, 0, 100000, 32.80154037475586, -72615.46875
14189, -13300.643625974655, False, 8.103470087051392, 424, 0.04996170339735633, 0, 100000, 32.811683654785156, -72227.71875
14190, 10155.329915583134, True, 6.13331151008606, 324, 0.04996170339735633, 0, 100000, 36.090396881103516, -71920.921875
14191, 9543.153789162636, True, 9.195082902908325, 487, 0.04996170339735633, 0, 100000, 36.7255973815918, -70139.6484375
14192, -11472.917336255312, False, 2.7400963306427, 141, 0.04996170339735633, 0, 100000, 37.016807556152344, -69201.734375
14193, -11523.60595035553, False, 3.1159443855285645, 157, 0.04996170339735633, 0, 100000, 34.088409423828125, -70337.328125
14194, -12945.745226740837, False, 5.6882946491241455, 302, 0.04996170339735633, 0, 100000, 34.737083435058594, -69856.0859375
14195, -12248.596309781075, False, 4.051584243774414, 210, 0.04996170339735633, 0, 100000, 33.83043670654297, -69799.1796875
14196, 9291.358421862125, True, 9.52823805809021, 511, 0.04996170339735633, 0, 100000, 37.82442855834961, -68840.234375
14197, 8330.159606561065, True, 11.31403398513794, 614, 0.04996170339735633, 0, 100000, 34.4050407409668, -68022.78125
14198, 9542.675330596045, True, 8.57405972480774, 467, 0.04996170339735633, 0, 100000, 38.45137405395508, -67237.34375
14199, -12465.067241549492, False, 6.001618385314941, 323, 0.04996170339735633, 0, 100000, 34.147945404052734, -66811.3203125
14200, 8802.259311594069, True, 9.476081848144531, 500, 0.04996170339735633, 0, 100000, 35.43684768676758, -66561.578125
14201, 5790.362689055502, True, 14.503633260726929, 791, 0.04996170339735633, 0, 100000, 36.53878402709961, -65521.7109375
14202, 6134.378385096788, True, 20.26614809036255, 1151, 0.04996170339735633, 0, 100000, 36.749916076660156, -64421.6171875
14203, -11182.936303138733, False, 1.6004364490509033, 86, 0.04996170339735633, 0, 100000, 37.43986129760742, -62600.12109375
14204, -14212.656880259514, False, 7.3230812549591064, 380, 0.04996170339735633, 0, 100000, 36.03643035888672, -63372.48828125
14205, -13320.120030775666, False, 8.29051160812378, 440, 0.04996170339735633, 0, 100000, 33.63661575317383, -61525.40625
14206, -11300.527112904936, False, 2.852924108505249, 141, 0.04996170339735633, 0, 100000, 33.403018951416016, -59793.72265625
14207, 10689.595687512308, True, 5.063726902008057, 262, 0.04996170339735633, 0, 100000, 36.19976806640625, -61343.0234375
14208, -15430.053243733943, False, 13.166728973388672, 716, 0.04996170339735633, 0, 100000, 37.04708480834961, -60640.296875
14209, 10903.369968265295, True, 4.25764012336731, 222, 0.04996170339735633, 0, 100000, 37.775516510009766, -59259.85546875
14210, 9487.684980396181, True, 9.29806137084961, 490, 0.04996170339735633, 0, 100000, 34.637603759765625, -59957.08203125
14211, 7897.228693664074, True, 8.829837322235107, 476, 0.04996170339735633, 0, 100000, 37.544097900390625, -59787.76171875
14212, -13859.956767369062, False, 10.91517186164856, 588, 0.04996170339735633, 0, 100000, 35.4339714050293, -58869.59765625
14213, -13165.275506706908, False, 9.899734258651733, 532, 0.04996170339735633, 0, 100000, 37.49746322631836, -57511.94140625
14214, -12139.077156625688, False, 35.565130949020386, 1998, 0.04996170339735633, 0, 100000, 35.58424377441406, -56197.6015625
14215, -13765.529940962791, False, 9.278458833694458, 530, 0.04996170339735633, 0, 100000, 38.5590934753418, -53935.25
14216, -13258.28840303421, False, 6.912533521652222, 372, 0.04996170339735633, 0, 100000, 38.81768035888672, -54409.50390625
14217, 1160.409112766385, True, 32.0981388092041, 1786, 0.04996170339735633, 0, 100000, 36.6850700378418, -53384.28515625
14218, -11149.782429218292, False, 1.3941810131072998, 72, 0.04996170339735633, 0, 100000, 38.64735412597656, -53830.69921875
14219, 1662.223417326808, True, 28.290297031402588, 1537, 0.04996170339735633, 0, 100000, 37.954593658447266, -52035.1640625
14220, -10759.008235931396, False, 1.0549778938293457, 54, 0.04996170339735633, 0, 100000, 28.46949577331543, -50732.54296875
14221, -11648.332087589428, False, 2.8459205627441406, 142, 0.04996170339735633, 0, 100000, 42.43741989135742, -50415.640625
14222, 525.1925589442253, True, 29.850641012191772, 1652, 0.04996170339735633, 0, 100000, 37.254974365234375, -50596.5390625
14223, 6375.128009900451, True, 14.75955319404602, 847, 0.04996170339735633, 0, 100000, 38.54752731323242, -49936.06640625
14224, 8952.59022538364, True, 10.320556163787842, 558, 0.04996170339735633, 0, 100000, 37.1218147277832, -49570.5859375
14225, 4743.184114307165, True, 17.279809951782227, 925, 0.04996170339735633, 0, 100000, 39.034725189208984, -49093.3828125
14226, -14456.211506068707, False, 9.947753667831421, 532, 0.04996170339735633, 0, 100000, 41.68927764892578, -47005.6484375
14227, -19265.73610368278, False, 23.350725889205933, 1251, 0.04996170339735633, 0, 100000, 38.1496696472168, -46200.8203125
14228, -13494.084536463022, False, 34.81519818305969, 1998, 0.04996170339735633, 0, 100000, 38.599700927734375, -45156.5234375
14229, -16797.661583334208, False, 20.008328914642334, 1123, 0.04996170339735633, 0, 100000, 37.88751220703125, -44467.95703125
14230, -13766.467500656843, False, 36.23623299598694, 1998, 0.04996170339735633, 0, 100000, 39.70630645751953, -41593.1875
14231, -12139.471980441362, False, 35.0432243347168, 1998, 0.04996170339735633, 0, 100000, 38.832584381103516, -40284.63671875
14232, -15484.277574520558, False, 16.137438535690308, 898, 0.04996170339735633, 0, 100000, 38.098960876464844, -39335.80859375
14233, -12324.669142842293, False, 6.62126350402832, 346, 0.04996170339735633, 0, 100000, 37.98460388183594, -39631.4609375
14234, -12170.480204514693, False, 36.50529623031616, 1998, 0.04996170339735633, 0, 100000, 38.09523010253906, -38227.61328125
14235, 3841.3499681204557, True, 22.864591598510742, 1331, 0.04996170339735633, 0, 100000, 39.48165512084961, -36976.21484375
14236, -22155.99407670088, False, 28.26133370399475, 1534, 0.04996170339735633, 0, 100000, 37.816532135009766, -36171.51953125
14237, -12190.617858029902, False, 35.66627740859985, 1998, 0.04996170339735633, 0, 100000, 37.815799713134766, -33717.140625
14238, -12097.934365406632, False, 35.244199991226196, 1998, 0.04996170339735633, 0, 100000, 38.7647590637207, -32210.732421875
14239, -19474.498824292794, False, 23.79406762123108, 1315, 0.04996170339735633, 0, 100000, 38.40019607543945, -29823.482421875
14240, -11661.153098762035, False, 3.1537508964538574, 167, 0.04996170339735633, 0, 100000, 35.81869888305664, -29738.35546875
14241, 7274.976184219122, True, 15.782776832580566, 810, 0.04996170339735633, 0, 100000, 36.379295349121094, -28507.861328125
14242, -13554.195174908265, False, 35.97740817070007, 1998, 0.04996170339735633, 0, 100000, 38.64809036254883, -27315.01953125
14243, -16415.581214666367, False, 9.310490608215332, 510, 0.04996170339735633, 0, 100000, 37.79139709472656, -25986.9453125
14244, 5244.0077140033245, True, 20.42749786376953, 1084, 0.04996170339735633, 0, 100000, 37.74797821044922, -25477.8125
14245, -11006.931025981903, False, 1.0829787254333496, 55, 0.04996170339735633, 0, 100000, 39.164642333984375, -23376.439453125
14246, -18834.541799794883, False, 14.191765069961548, 732, 0.04996170339735633, 0, 100000, 38.761661529541016, -24694.125
14247, 7932.136348202825, True, 12.662346363067627, 680, 0.04996170339735633, 0, 100000, 37.26341247558594, -22888.169921875
14248, 9191.487340686843, True, 8.912142276763916, 462, 0.04996170339735633, 0, 100000, 38.10556411743164, -22610.072265625
14249, -11061.980326890945, False, 1.412797451019287, 71, 0.04996170339735633, 0, 100000, 41.47487258911133, -22465.64453125
14250, 7065.930136822164, True, 13.430132865905762, 698, 0.04996170339735633, 0, 100000, 37.63848876953125, -22453.46484375
14251, -11737.63589123357, False, 35.98770451545715, 1998, 0.04996170339735633, 0, 100000, 36.9244270324707, -20022.748046875
14252, 8422.77054798603, True, 10.670749187469482, 592, 0.04996170339735633, 0, 100000, 37.161766052246094, -18665.107421875
14253, 6323.857940074056, True, 19.945457220077515, 1058, 0.04996170339735633, 0, 100000, 38.06659698486328, -18178.482421875
14254, -12371.906205907464, False, 4.728467702865601, 233, 0.04996170339735633, 0, 100000, 38.339054107666016, -16433.029296875
14255, 10377.15869769454, True, 5.073681831359863, 252, 0.04996170339735633, 0, 100000, 37.948612213134766, -16917.6640625
14256, 6896.534271640703, True, 18.886012077331543, 1012, 0.04996170339735633, 0, 100000, 37.74405288696289, -16217.4091796875
14257, -10813.985604286194, False, 1.276334285736084, 52, 0.04996170339735633, 0, 100000, 41.191612243652344, -16197.548828125
14258, 7599.46798838675, True, 15.704646825790405, 804, 0.04996170339735633, 0, 100000, 36.11228942871094, -15858.283203125
14259, -10923.276123046875, False, 1.1647858619689941, 58, 0.04996170339735633, 0, 100000, 29.213497161865234, -15025.6162109375
14260, 8304.126722842455, True, 12.872416734695435, 667, 0.04996170339735633, 0, 100000, 38.01792526245117, -15873.9267578125
14261, -12725.33278407529, False, 7.0233354568481445, 373, 0.04996170339735633, 0, 100000, 37.14724349975586, -15781.8779296875
14262, 10123.015585660934, True, 6.717026233673096, 346, 0.04996170339735633, 0, 100000, 40.055477142333984, -14930.6240234375
14263, -14037.673726022243, False, 13.134296655654907, 672, 0.04996170339735633, 0, 100000, 38.22098922729492, -14846.7138671875
14264, -14347.428559541702, False, 9.082974433898926, 481, 0.04996170339735633, 0, 100000, 36.78584289550781, -14235.080078125
14265, -11475.221969485283, False, 3.1773157119750977, 161, 0.04996170339735633, 0, 100000, 36.169246673583984, -13160.6923828125
14266, -13307.048725128174, False, 8.085127353668213, 407, 0.04996170339735633, 0, 100000, 38.85371780395508, -12941.16015625
14267, -13958.742792785168, False, 10.068906545639038, 523, 0.04996170339735633, 0, 100000, 36.24219512939453, -12505.98046875
14268, -11462.095593690872, False, 3.1132357120513916, 154, 0.04996170339735633, 0, 100000, 36.12749481201172, -12379.693359375
14269, -12547.396781653166, False, 7.404052257537842, 377, 0.04996170339735633, 0, 100000, 38.192806243896484, -11392.69921875
14270, -12510.333584994078, False, 6.770769119262695, 347, 0.04996170339735633, 0, 100000, 33.17310333251953, -12048.8251953125
14271, -12966.31823527813, False, 8.031375646591187, 415, 0.04996170339735633, 0, 100000, 37.371429443359375, -10847.779296875
14272, 9227.206029474735, True, 9.761155843734741, 516, 0.04996170339735633, 0, 100000, 35.406471252441406, -10912.9208984375
14273, -12003.907593250275, False, 2.6216394901275635, 131, 0.04996170339735633, 0, 100000, 34.83219909667969, -9880.1572265625
14274, -13122.080439805984, False, 7.714480638504028, 394, 0.04996170339735633, 0, 100000, 36.920684814453125, -9146.6005859375
14275, -12749.815166418906, False, 7.289366006851196, 377, 0.04996170339735633, 0, 100000, 35.05646514892578, -9633.474609375
14276, 8654.267874911427, True, 11.826886415481567, 611, 0.04996170339735633, 0, 100000, 37.933563232421875, -8569.0224609375
14277, -10834.032582640648, False, 1.1667184829711914, 57, 0.04996170339735633, 0, 100000, 36.59037399291992, -8821.5859375
14278, 10347.723101814976, True, 6.128140687942505, 310, 0.04996170339735633, 0, 100000, 36.89420700073242, -8184.91357421875
14279, 8999.493182480335, True, 10.594683408737183, 547, 0.04996170339735633, 0, 100000, 37.064151763916016, -8294.0234375
14280, -12213.623465061188, False, 5.7164530754089355, 302, 0.04996170339735633, 0, 100000, 38.029685974121094, -8479.0419921875
14281, -11373.849977135658, False, 2.9399890899658203, 148, 0.04996170339735633, 0, 100000, 40.588287353515625, -7170.14208984375
14282, 9217.684788674116, True, 10.046225547790527, 530, 0.04996170339735633, 0, 100000, 36.44218444824219, -7471.3251953125
14283, -14762.68209028244, False, 12.23572564125061, 654, 0.04996170339735633, 0, 100000, 36.16270065307617, -7033.14599609375
14284, -13011.25139093399, False, 7.760621070861816, 406, 0.04996170339735633, 0, 100000, 34.22040557861328, -6226.39404296875
14285, -12313.675463914871, False, 6.245785474777222, 322, 0.04996170339735633, 0, 100000, 36.8890495300293, -5240.4580078125
14286, 8588.40326167643, True, 10.003037929534912, 512, 0.04996170339735633, 0, 100000, 37.893341064453125, -4872.55078125
14287, -13321.44385778904, False, 7.449305772781372, 384, 0.04996170339735633, 0, 100000, 36.301029205322266, -3912.3505859375
14288, -15033.979021936655, False, 8.950422763824463, 460, 0.04996170339735633, 0, 100000, 37.07588577270508, -3337.61865234375
14289, -17657.907173633575, False, 13.509065389633179, 711, 0.04996170339735633, 0, 100000, 37.25931930541992, -2745.7705078125
14290, -14245.791041195393, False, 9.462770462036133, 499, 0.04996170339735633, 0, 100000, 35.190311431884766, -1577.0982666015625
14291, -14673.647674251348, False, 9.085921287536621, 467, 0.04996170339735633, 0, 100000, 37.59410858154297, -994.5167236328125
14292, -13038.30623960495, False, 8.8503098487854, 464, 0.04996170339735633, 0, 100000, 35.860713958740234, -605.63330078125
14293, -13660.582604929805, False, 11.366363286972046, 593, 0.04996170339735633, 0, 100000, 35.70998764038086, 334.17559814453125
14294, 9612.581435620785, True, 10.184888124465942, 395, 0.04996170339735633, 0, 100000, 38.981021881103516, 768.2447509765625
14295, 9453.581038475037, True, 11.63215160369873, 461, 0.04996170339735633, 0, 100000, 40.21019744873047, 1264.001953125
14296, -16378.425038397312, False, 39.382441997528076, 1998, 0.04996170339735633, 0, 100000, 37.96845626831055, 2124.299560546875
14297, 10922.297396555543, True, 4.081214904785156, 210, 0.04996170339735633, 0, 100000, 39.06956100463867, 3159.630126953125
14298, -13560.629933357239, False, 11.404127597808838, 587, 0.04996170339735633, 0, 100000, 37.0128059387207, 3525.697509765625
14299, -13781.798393413424, False, 9.053003787994385, 483, 0.04996170339735633, 0, 100000, 35.352264404296875, 4186.5458984375
14300, -13106.455206868239, False, 8.90388822555542, 463, 0.04996170339735633, 0, 100000, 37.289329528808594, 4218.36767578125
14301, 10552.048610985279, True, 5.475704193115234, 281, 0.04996170339735633, 0, 100000, 36.768856048583984, 4666.7880859375
14302, -11804.479028910398, False, 5.7080841064453125, 294, 0.04996170339735633, 0, 100000, 37.26194381713867, 5457.84033203125
14303, -11069.232964754105, False, 2.3957419395446777, 117, 0.04996170339735633, 0, 100000, 37.515018463134766, 6051.87353515625
14304, -16180.68761612475, False, 11.08211064338684, 575, 0.04996170339735633, 0, 100000, 35.62628936767578, 5615.73046875
14305, -13031.48546710983, False, 7.674739360809326, 400, 0.04996170339735633, 0, 100000, 35.882198333740234, 6424.69189453125
14306, 8976.87192373909, True, 11.119720220565796, 588, 0.04996170339735633, 0, 100000, 37.058921813964844, 6903.5751953125
14307, -11018.864084243774, False, 1.5152058601379395, 79, 0.04996170339735633, 0, 100000, 34.44040298461914, 7353.4619140625
14308, 6295.657533288002, True, 13.057663917541504, 674, 0.04996170339735633, 0, 100000, 35.9905891418457, 8117.25
14309, -12803.06263744831, False, 8.04223918914795, 417, 0.04996170339735633, 0, 100000, 37.385066986083984, 7451.14697265625
14310, 7538.109198227525, True, 13.977861642837524, 737, 0.04996170339735633, 0, 100000, 37.02843475341797, 8089.03369140625
14311, -12524.15289952606, False, 5.249891996383667, 275, 0.04996170339735633, 0, 100000, 39.99170684814453, 7782.43359375
14312, 7646.409477651119, True, 13.590760469436646, 719, 0.04996170339735633, 0, 100000, 35.829734802246094, 9024.8994140625
14313, -14478.893774554133, False, 13.335150957107544, 718, 0.04996170339735633, 0, 100000, 35.76573944091797, 9653.259765625
14314, -12303.864758491516, False, 6.321555137634277, 338, 0.04996170339735633, 0, 100000, 36.745121002197266, 10394.927734375
14315, 9881.473783607595, True, 7.449445724487305, 379, 0.04996170339735633, 0, 100000, 38.5919189453125, 11208.9775390625
14316, -14471.117182545364, False, 13.243403434753418, 702, 0.04996170339735633, 0, 100000, 36.37479019165039, 11450.3330078125
14317, -13568.069757062942, False, 10.29662013053894, 541, 0.04996170339735633, 0, 100000, 37.18107986450195, 11471.728515625
14318, -19685.999869912863, False, 21.172988414764404, 1137, 0.04996170339735633, 0, 100000, 37.63163375854492, 12226.025390625
14319, 7995.885603427887, True, 13.32748556137085, 712, 0.04996170339735633, 0, 100000, 38.043540954589844, 12686.0
14320, 9257.632392388768, True, 9.830913305282593, 516, 0.04996170339735633, 0, 100000, 36.622833251953125, 12794.4921875
14321, -10814.213343262672, False, 1.5001301765441895, 72, 0.04996170339735633, 0, 100000, 35.95207214355469, 14404.3291015625
14322, -14321.790127515793, False, 12.62568736076355, 643, 0.04996170339735633, 0, 100000, 36.84495162963867, 14448.2490234375
14323, 8041.686241015792, True, 13.391743183135986, 717, 0.04996170339735633, 0, 100000, 36.18901062011719, 14819.748046875
14324, 6058.521299809217, True, 20.702213764190674, 1129, 0.04996170339735633, 0, 100000, 35.77287673950195, 15719.6494140625
14325, -10917.205052375793, False, 1.4358079433441162, 72, 0.04996170339735633, 0, 100000, 34.3399772644043, 15834.02734375
14326, 10523.393951781094, True, 5.930731296539307, 297, 0.04996170339735633, 0, 100000, 38.561100006103516, 16499.12890625
14327, 9465.336465448141, True, 8.22620940208435, 425, 0.04996170339735633, 0, 100000, 36.448246002197266, 15519.484375
14328, -13345.901958346367, False, 10.562425136566162, 540, 0.04996170339735633, 0, 100000, 34.23808670043945, 14896.9404296875
14329, 8111.315157830715, True, 12.56068229675293, 658, 0.04996170339735633, 0, 100000, 34.103614807128906, 14871.533203125
14330, -12747.31882378459, False, 8.516246795654297, 447, 0.04996170339735633, 0, 100000, 34.79682922363281, 15468.6787109375
14331, -12407.717687871307, False, 36.70029330253601, 1998, 0.04996170339735633, 0, 100000, 36.001319885253906, 15500.14453125
14332, -13857.538088172674, False, 9.157480478286743, 510, 0.04996170339735633, 0, 100000, 33.71017837524414, 16651.185546875
14333, 8544.915736909956, True, 13.311371088027954, 690, 0.04996170339735633, 0, 100000, 34.84635543823242, 16512.9375
14334, 3288.4172058068216, True, 28.758716344833374, 1567, 0.04996170339735633, 0, 100000, 37.225135803222656, 17954.83984375
14335, 5612.200326159596, True, 19.36164426803589, 1080, 0.04996170339735633, 0, 100000, 35.616233825683594, 18440.365234375
14336, 7116.787210606039, True, 16.059746026992798, 874, 0.04996170339735633, 0, 100000, 36.662532806396484, 19453.087890625
14337, -18079.075637042522, False, 42.56208348274231, 1998, 0.04996170339735633, 0, 100000, 34.97074890136719, 20993.650390625
14338, -12869.974958986044, False, 40.222278356552124, 1998, 0.04996170339735633, 0, 100000, 35.50373840332031, 22476.888671875
14339, 8680.449738919735, True, 13.068193912506104, 607, 0.04996170339735633, 0, 100000, 34.97555923461914, 23383.791015625
14340, -10910.017691612244, False, 1.5841319561004639, 67, 0.04996170339735633, 0, 100000, 29.141496658325195, 22046.453125
