episode, reward, success, duration, n_steps, epsilon, success_count, memory length, avg_critic_loss, avg_actor_loss
10001, 11627.300048068166, True, 1.6216914653778076, 72, 0.04996170339735633, 0, 100000, 39.58008575439453, -224507.78125
10002, 8465.339216947556, True, 9.856024265289307, 495, 0.04996170339735633, 0, 100000, 42.11593246459961, -226170.0625
10003, -12454.997779846191, False, 2.039949417114258, 94, 0.04996170339735633, 0, 100000, 37.327842712402344, -222654.65625
10004, 7427.431472599506, True, 12.392327070236206, 621, 0.04996170339735633, 0, 100000, 41.129310607910156, -225885.890625
10005, -17073.549716480076, False, 14.32893443107605, 729, 0.04996170339735633, 0, 100000, 40.781009674072266, -227337.328125
10006, 8388.734569042921, True, 13.773327827453613, 684, 0.04996170339735633, 0, 100000, 40.65373611450195, -226518.546875
10007, -21607.638711673208, False, 28.54663324356079, 1438, 0.04996170339735633, 0, 100000, 40.442901611328125, -226258.046875
10008, 8585.450379222631, True, 13.218606233596802, 650, 0.04996170339735633, 0, 100000, 40.35969543457031, -225892.453125
10009, 9289.809342397377, True, 10.880134344100952, 525, 0.04996170339735633, 0, 100000, 40.78596115112305, -226236.171875
10010, 7652.756052177399, True, 14.183421611785889, 695, 0.04996170339735633, 0, 100000, 40.45829772949219, -227061.09375
10011, 7409.415446404368, True, 17.639121294021606, 865, 0.04996170339735633, 0, 100000, 41.124759674072266, -226744.671875
10012, -13469.78230035305, False, 5.09609842300415, 241, 0.04996170339735633, 0, 100000, 41.94526672363281, -226038.59375
10013, 9601.707167327404, True, 9.713905811309814, 468, 0.04996170339735633, 0, 100000, 40.47805404663086, -226650.703125
10014, 5253.059649899602, True, 20.49328637123108, 1028, 0.04996170339735633, 0, 100000, 40.712242126464844, -226625.0625
10015, 5935.684377744794, True, 20.692754983901978, 1046, 0.04996170339735633, 0, 100000, 40.612667083740234, -227052.9375
10016, -11221.424746990204, False, 1.698561429977417, 75, 0.04996170339735633, 0, 100000, 36.773536682128906, -225348.875
10017, 10489.44117796421, True, 6.124897480010986, 294, 0.04996170339735633, 0, 100000, 41.04404830932617, -226553.234375
10018, 8653.830010761507, True, 13.462218523025513, 660, 0.04996170339735633, 0, 100000, 39.94485855102539, -226759.546875
10019, -13213.853142894804, False, 8.107383966445923, 399, 0.04996170339735633, 0, 100000, 41.13184356689453, -226760.984375
10020, -13008.33526802063, False, 8.998741388320923, 410, 0.04996170339735633, 0, 100000, 39.581077575683594, -227638.203125
10021, 9675.020206704736, True, 9.714699745178223, 478, 0.04996170339735633, 0, 100000, 40.51802444458008, -226171.1875
10022, 6056.32582038641, True, 21.99912929534912, 1086, 0.04996170339735633, 0, 100000, 40.77695083618164, -225893.796875
10023, 6762.899228930473, True, 14.882757186889648, 750, 0.04996170339735633, 0, 100000, 40.561370849609375, -226181.546875
10024, 6552.689604699612, True, 17.958862781524658, 858, 0.04996170339735633, 0, 100000, 40.76763916015625, -226305.859375
10025, 9828.443605318666, True, 9.205473184585571, 438, 0.04996170339735633, 0, 100000, 40.382843017578125, -226146.09375
10026, 8218.752081513405, True, 14.81949758529663, 697, 0.04996170339735633, 0, 100000, 39.637176513671875, -226751.21875
10027, 8192.318299679086, True, 12.910747528076172, 638, 0.04996170339735633, 0, 100000, 40.2154541015625, -226677.4375
10028, 6513.585119873285, True, 20.44642400741577, 1052, 0.04996170339735633, 0, 100000, 40.70411682128906, -225167.078125
10029, -14452.343877136707, False, 7.364247560501099, 418, 0.04996170339735633, 0, 100000, 42.720523834228516, -224905.953125
10030, 9266.312273398042, True, 9.613943576812744, 527, 0.04996170339735633, 0, 100000, 39.900638580322266, -224605.75
10031, -11585.918040037155, False, 2.422633409500122, 130, 0.04996170339735633, 0, 100000, 39.42355728149414, -223179.734375
10032, -12635.337860658765, False, 34.649797201156616, 1998, 0.04996170339735633, 0, 100000, 40.7452392578125, -222662.609375
10033, 8613.69360756874, True, 10.897552490234375, 618, 0.04996170339735633, 0, 100000, 41.01909637451172, -219674.40625
10034, 9454.694434851408, True, 8.978418588638306, 482, 0.04996170339735633, 0, 100000, 41.391483306884766, -220354.25
10035, 6295.365442186594, True, 19.47667169570923, 1080, 0.04996170339735633, 0, 100000, 41.15516662597656, -219485.171875
10036, 8122.583877931815, True, 12.737992763519287, 720, 0.04996170339735633, 0, 100000, 40.802268981933594, -219836.53125
10037, 9448.399840176105, True, 8.916486024856567, 486, 0.04996170339735633, 0, 100000, 41.659889221191406, -219209.09375
10038, 6991.7321845293045, True, 17.520426034927368, 955, 0.04996170339735633, 0, 100000, 40.49541091918945, -217684.046875
10039, -19535.7957258597, False, 15.612604141235352, 869, 0.04996170339735633, 0, 100000, 40.5250244140625, -217418.453125
10040, 8341.29173645028, True, 13.440808057785034, 737, 0.04996170339735633, 0, 100000, 40.428070068359375, -217192.203125
10041, 4379.483384113759, True, 26.671878814697266, 1490, 0.04996170339735633, 0, 100000, 40.41990661621094, -214622.6875
10042, -12001.182160407305, False, 4.425996541976929, 241, 0.04996170339735633, 0, 100000, 43.73883056640625, -213849.765625
10043, 10972.152494549751, True, 4.272361516952515, 212, 0.04996170339735633, 0, 100000, 41.25709915161133, -212993.921875
10044, 7133.598348997533, True, 8.984076499938965, 478, 0.04996170339735633, 0, 100000, 41.22162628173828, -213102.578125
10045, 7286.953945048153, True, 15.884836912155151, 895, 0.04996170339735633, 0, 100000, 40.406959533691406, -213834.78125
10046, 8769.436029955745, True, 10.765643835067749, 609, 0.04996170339735633, 0, 100000, 41.626441955566406, -213389.0
10047, 7171.991209834814, True, 15.936047554016113, 893, 0.04996170339735633, 0, 100000, 41.032501220703125, -212567.40625
10048, 7649.096855178475, True, 12.872692108154297, 727, 0.04996170339735633, 0, 100000, 41.830196380615234, -213495.546875
10049, -10837.378985881805, False, 1.335127592086792, 59, 0.04996170339735633, 0, 100000, 38.84008026123047, -212062.46875
10050, 10319.163610696793, True, 5.669294357299805, 305, 0.04996170339735633, 0, 100000, 43.92477035522461, -213659.875
10051, 9358.22575929761, True, 9.14382791519165, 507, 0.04996170339735633, 0, 100000, 43.42120361328125, -213908.484375
10052, -18752.98053598404, False, 18.678025484085083, 1054, 0.04996170339735633, 0, 100000, 41.55074691772461, -212223.953125
10053, 9072.18857742846, True, 10.202494859695435, 585, 0.04996170339735633, 0, 100000, 43.3079719543457, -210462.8125
10054, 7930.6902185976505, True, 14.027465105056763, 774, 0.04996170339735633, 0, 100000, 42.07129669189453, -210660.4375
10055, 9063.49341430515, True, 11.069997310638428, 609, 0.04996170339735633, 0, 100000, 42.48566436767578, -210349.40625
10056, 5889.466475049034, True, 21.150561809539795, 1185, 0.04996170339735633, 0, 100000, 41.63363265991211, -210036.828125
10057, -12616.386266451329, False, 34.45271563529968, 1998, 0.04996170339735633, 0, 100000, 42.14083480834961, -207089.96875
10058, 4828.586756832898, True, 17.827505350112915, 1015, 0.04996170339735633, 0, 100000, 43.037322998046875, -204667.265625
10059, 6612.8216622285545, True, 16.593556880950928, 911, 0.04996170339735633, 0, 100000, 43.112937927246094, -203737.328125
10060, 4868.486419931054, True, 19.96988320350647, 1098, 0.04996170339735633, 0, 100000, 41.844078063964844, -204052.71875
10061, -11785.324732780457, False, 1.369152545928955, 71, 0.04996170339735633, 0, 100000, 37.380985260009766, -201690.359375
10062, 9340.379947543144, True, 9.787907361984253, 516, 0.04996170339735633, 0, 100000, 42.89640808105469, -204268.296875
10063, 5020.129624045454, True, 21.519389152526855, 1184, 0.04996170339735633, 0, 100000, 42.23229217529297, -203000.25
10064, 5032.377485703677, True, 22.030203342437744, 1252, 0.04996170339735633, 0, 100000, 42.20662307739258, -201324.5
10065, 5196.243599712849, True, 14.409079551696777, 810, 0.04996170339735633, 0, 100000, 42.27617263793945, -199536.984375
10066, -14762.773737251759, False, 14.366756200790405, 773, 0.04996170339735633, 0, 100000, 43.38858413696289, -199582.21875
10067, -12368.010540947318, False, 5.6627538204193115, 303, 0.04996170339735633, 0, 100000, 40.30009460449219, -198336.03125
10068, 7795.207055712119, True, 14.445240020751953, 768, 0.04996170339735633, 0, 100000, 42.87406921386719, -197921.609375
10069, 4411.311826009303, True, 22.3166286945343, 1258, 0.04996170339735633, 0, 100000, 42.76221466064453, -195698.015625
10070, 7156.359936363995, True, 14.818187952041626, 821, 0.04996170339735633, 0, 100000, 43.26156997680664, -193773.9375
10071, 3604.538359954953, True, 18.53234338760376, 1038, 0.04996170339735633, 0, 100000, 41.61775207519531, -193803.796875
10072, 7538.19415672496, True, 15.967340230941772, 882, 0.04996170339735633, 0, 100000, 42.721370697021484, -191986.359375
10073, 9061.85312025249, True, 9.610673904418945, 535, 0.04996170339735633, 0, 100000, 42.99036407470703, -191340.046875
10074, -12702.141884610057, False, 35.290278911590576, 1998, 0.04996170339735633, 0, 100000, 41.555641174316406, -189733.15625
10075, 7274.975558120757, True, 12.155109405517578, 697, 0.04996170339735633, 0, 100000, 41.08854293823242, -187226.4375
10076, -11696.55680590868, False, 4.571306228637695, 241, 0.04996170339735633, 0, 100000, 41.774925231933594, -185872.328125
10077, 6505.506765663624, True, 13.808791637420654, 735, 0.04996170339735633, 0, 100000, 42.06140899658203, -185476.25
10078, -12626.62837255001, False, 5.113336563110352, 281, 0.04996170339735633, 0, 100000, 41.72007751464844, -184352.0
10079, 10368.31174595654, True, 6.16009521484375, 326, 0.04996170339735633, 0, 100000, 39.30320358276367, -183417.21875
10080, 6074.341319620609, True, 16.2298903465271, 873, 0.04996170339735633, 0, 100000, 40.30039978027344, -183399.078125
10081, 4667.440098553896, True, 15.838047742843628, 897, 0.04996170339735633, 0, 100000, 41.71263885498047, -182061.5625
10082, 3174.0620296299458, True, 21.942334413528442, 1237, 0.04996170339735633, 0, 100000, 41.84663391113281, -180629.84375
10083, 4708.769980430603, True, 19.0837984085083, 1081, 0.04996170339735633, 0, 100000, 41.55034637451172, -179507.453125
10084, -13188.374222459272, False, 7.825750112533569, 426, 0.04996170339735633, 0, 100000, 39.623294830322266, -177753.734375
10085, 9363.516721516848, True, 9.815863132476807, 521, 0.04996170339735633, 0, 100000, 42.15565872192383, -177316.328125
10086, -11550.559945583344, False, 1.765864610671997, 90, 0.04996170339735633, 0, 100000, 42.61091232299805, -176000.34375
10087, 8493.820059776306, True, 8.961575746536255, 486, 0.04996170339735633, 0, 100000, 41.833404541015625, -176496.21875
10088, -13511.396622419357, False, 4.967305421829224, 262, 0.04996170339735633, 0, 100000, 41.40296936035156, -176897.828125
10089, 9247.974291302264, True, 9.05906057357788, 491, 0.04996170339735633, 0, 100000, 42.40054702758789, -175501.078125
10090, -13592.669962393586, False, 9.703266382217407, 522, 0.04996170339735633, 0, 100000, 41.957820892333984, -176121.796875
10091, 7491.684583842754, True, 14.899372577667236, 820, 0.04996170339735633, 0, 100000, 40.800479888916016, -174314.84375
10092, -11883.83034196496, False, 4.054555892944336, 214, 0.04996170339735633, 0, 100000, 39.825897216796875, -173376.453125
10093, 10475.175514012575, True, 5.4735753536224365, 284, 0.04996170339735633, 0, 100000, 39.33287811279297, -171257.109375
10094, 9694.972162058577, True, 8.105175495147705, 436, 0.04996170339735633, 0, 100000, 43.301273345947266, -174139.921875
10095, -11310.385951964185, False, 2.406641721725464, 126, 0.04996170339735633, 0, 100000, 38.397315979003906, -170410.0625
10096, -13652.595642765984, False, 8.898450374603271, 478, 0.04996170339735633, 0, 100000, 39.509708404541016, -171513.671875
10097, 9495.258535593748, True, 8.654724359512329, 477, 0.04996170339735633, 0, 100000, 41.751712799072266, -170926.078125
10098, -13387.858658403158, False, 8.520295858383179, 464, 0.04996170339735633, 0, 100000, 42.07002258300781, -171350.703125
10099, -11740.057116150856, False, 3.4531638622283936, 181, 0.04996170339735633, 0, 100000, 40.06576919555664, -168679.96875
10100, 10336.63476216793, True, 5.97136116027832, 308, 0.04996170339735633, 0, 100000, 42.55425262451172, -169325.578125
10101, 1245.6232305504382, True, 30.871469974517822, 1720, 0.04996170339735633, 0, 100000, 39.973480224609375, -168310.75
10102, 2730.4849266558886, True, 21.406296014785767, 1244, 0.04996170339735633, 0, 100000, 41.49842071533203, -165889.921875
10103, 7025.992033234797, True, 18.081414937973022, 986, 0.04996170339735633, 0, 100000, 40.846702575683594, -163356.390625
10104, 8916.286208689213, True, 8.403025150299072, 445, 0.04996170339735633, 0, 100000, 38.38341522216797, -162281.921875
10105, -11956.876617312431, False, 4.359727144241333, 220, 0.04996170339735633, 0, 100000, 37.8549690246582, -161427.859375
10106, -13513.679030686617, False, 9.47305703163147, 494, 0.04996170339735633, 0, 100000, 41.162078857421875, -160750.859375
10107, 9918.247589468956, True, 7.179452657699585, 375, 0.04996170339735633, 0, 100000, 40.60095977783203, -160947.234375
10108, 6670.567925058305, True, 15.658526182174683, 836, 0.04996170339735633, 0, 100000, 40.682674407958984, -159802.625
10109, -11958.278048038483, False, 1.7396125793457031, 92, 0.04996170339735633, 0, 100000, 36.307308197021484, -155305.40625
10110, 10899.5050496459, True, 4.036425590515137, 206, 0.04996170339735633, 0, 100000, 41.36565017700195, -160274.421875
10111, 5588.921447172761, True, 15.066762685775757, 827, 0.04996170339735633, 0, 100000, 39.973384857177734, -158461.125
10112, 7233.126507769339, True, 15.930410623550415, 891, 0.04996170339735633, 0, 100000, 39.035518646240234, -157656.1875
10113, -11195.440210580826, False, 1.7089042663574219, 86, 0.04996170339735633, 0, 100000, 37.79599380493164, -156745.140625
10114, 8818.211841255426, True, 9.391313552856445, 503, 0.04996170339735633, 0, 100000, 40.07633590698242, -156047.4375
10115, -11036.991999149323, False, 2.032602548599243, 103, 0.04996170339735633, 0, 100000, 40.95975112915039, -154792.734375
10116, 8204.754157163203, True, 14.108627319335938, 764, 0.04996170339735633, 0, 100000, 40.297149658203125, -154882.9375
10117, 1689.5740011082962, True, 24.883777379989624, 1404, 0.04996170339735633, 0, 100000, 39.066104888916016, -153557.3125
10118, 5735.396757438779, True, 21.81169891357422, 1236, 0.04996170339735633, 0, 100000, 38.550567626953125, -150547.15625
10119, 8483.61413961649, True, 11.863905429840088, 653, 0.04996170339735633, 0, 100000, 38.270687103271484, -148958.953125
10120, -16320.90577980876, False, 18.153894424438477, 951, 0.04996170339735633, 0, 100000, 38.07631301879883, -147645.96875
10121, 9852.363323196769, True, 7.285031080245972, 387, 0.04996170339735633, 0, 100000, 37.59427261352539, -145783.953125
10122, -14402.940536111593, False, 11.485700607299805, 602, 0.04996170339735633, 0, 100000, 39.89021301269531, -145940.625
10123, 10129.152968108654, True, 6.6468024253845215, 356, 0.04996170339735633, 0, 100000, 39.00129318237305, -144891.59375
10124, -12205.830964803696, False, 4.889918088912964, 251, 0.04996170339735633, 0, 100000, 37.24054718017578, -145109.15625
10125, 10941.261316902936, True, 4.04664945602417, 211, 0.04996170339735633, 0, 100000, 38.453094482421875, -144508.109375
10126, 9565.097086999565, True, 8.556297302246094, 451, 0.04996170339735633, 0, 100000, 36.92957305908203, -143279.21875
10127, -13124.44813683629, False, 8.671419382095337, 459, 0.04996170339735633, 0, 100000, 39.66720962524414, -143961.046875
10128, 8974.275868460536, True, 10.715191841125488, 579, 0.04996170339735633, 0, 100000, 34.498321533203125, -141966.65625
10129, 8737.211176127195, True, 11.747781753540039, 645, 0.04996170339735633, 0, 100000, 38.04704666137695, -142597.265625
10130, -15577.581733994186, False, 13.582743406295776, 749, 0.04996170339735633, 0, 100000, 36.7167854309082, -140645.390625
10131, -14905.240994649008, False, 10.025022029876709, 554, 0.04996170339735633, 0, 100000, 36.87255859375, -139430.921875
10132, 10306.176188647747, True, 5.858088970184326, 307, 0.04996170339735633, 0, 100000, 36.879066467285156, -138684.859375
10133, 8395.623208858073, True, 11.94544243812561, 637, 0.04996170339735633, 0, 100000, 38.93519592285156, -138341.046875
10134, -12455.873791843653, False, 6.135385751724243, 323, 0.04996170339735633, 0, 100000, 35.96910095214844, -136758.625
10135, 8649.372803404927, True, 11.422311544418335, 620, 0.04996170339735633, 0, 100000, 35.95977020263672, -136488.921875
10136, -11649.13801689446, False, 3.14406681060791, 168, 0.04996170339735633, 0, 100000, 42.72542190551758, -133754.78125
10137, 10042.655456125736, True, 7.110379457473755, 372, 0.04996170339735633, 0, 100000, 36.059818267822266, -134748.640625
10138, 7389.276253577322, True, 16.030953645706177, 873, 0.04996170339735633, 0, 100000, 36.68255615234375, -133814.484375
10139, -13777.31967651844, False, 6.2663493156433105, 347, 0.04996170339735633, 0, 100000, 37.282875061035156, -133463.28125
10140, 9881.556051194668, True, 7.322643756866455, 395, 0.04996170339735633, 0, 100000, 39.1130485534668, -132188.359375
10141, 5425.326359331608, True, 18.534125089645386, 1014, 0.04996170339735633, 0, 100000, 36.95951843261719, -130946.71875
10142, -12959.867414563894, False, 5.0800416469573975, 274, 0.04996170339735633, 0, 100000, 36.984230041503906, -130747.765625
10143, -12871.151974985376, False, 8.383872032165527, 442, 0.04996170339735633, 0, 100000, 36.281864166259766, -129281.40625
10144, -12515.43682268262, False, 7.594782114028931, 406, 0.04996170339735633, 0, 100000, 37.21035385131836, -128305.1328125
10145, 8046.082414455712, True, 11.780642986297607, 634, 0.04996170339735633, 0, 100000, 36.495689392089844, -126756.7421875
10146, -12056.118324398994, False, 3.9538581371307373, 212, 0.04996170339735633, 0, 100000, 38.34763717651367, -126115.2890625
10147, 10837.630355596542, True, 4.199381589889526, 218, 0.04996170339735633, 0, 100000, 36.17097854614258, -127114.75
10148, 8716.456444442272, True, 9.229185819625854, 488, 0.04996170339735633, 0, 100000, 36.96230697631836, -125653.375
10149, 4494.335834085941, True, 21.90737557411194, 1214, 0.04996170339735633, 0, 100000, 35.10675048828125, -124654.96875
10150, -16570.088231399655, False, 12.886483669281006, 720, 0.04996170339735633, 0, 100000, 33.701385498046875, -122959.4921875
10151, 9160.789256066084, True, 10.220035314559937, 549, 0.04996170339735633, 0, 100000, 33.75981521606445, -121053.6484375
10152, -11566.929366350174, False, 3.4044013023376465, 172, 0.04996170339735633, 0, 100000, 37.19102096557617, -120196.2109375
10153, 11033.196531116962, True, 3.9030261039733887, 195, 0.04996170339735633, 0, 100000, 30.057903289794922, -121629.1484375
10154, 7102.389347709715, True, 17.294420957565308, 919, 0.04996170339735633, 0, 100000, 35.27227783203125, -119752.765625
10155, 6026.348809665069, True, 13.280928373336792, 732, 0.04996170339735633, 0, 100000, 31.998668670654297, -118816.6484375
10156, -17327.690278168768, False, 20.87387752532959, 1145, 0.04996170339735633, 0, 100000, 35.27869415283203, -115865.4921875
10157, -12385.86349415034, False, 34.979222536087036, 1998, 0.04996170339735633, 0, 100000, 33.363121032714844, -111770.0625
10158, 8166.475545808673, True, 13.058722496032715, 737, 0.04996170339735633, 0, 100000, 34.711185455322266, -108335.03125
10159, -12031.265682845376, False, 5.406213998794556, 279, 0.04996170339735633, 0, 100000, 34.35185241699219, -107122.828125
10160, 10503.302445098758, True, 5.218968152999878, 267, 0.04996170339735633, 0, 100000, 33.874691009521484, -106399.6796875
10161, 8386.179097771645, True, 12.861860513687134, 668, 0.04996170339735633, 0, 100000, 31.660354614257812, -107110.015625
10162, 5704.34874956042, True, 13.606404781341553, 743, 0.04996170339735633, 0, 100000, 32.055320739746094, -106100.25
10163, -17983.704932581633, False, 15.767901420593262, 864, 0.04996170339735633, 0, 100000, 33.05214309692383, -105764.59375
10164, 10840.753080457449, True, 4.213714122772217, 228, 0.04996170339735633, 0, 100000, 35.81458282470703, -103861.09375
10165, -15065.177621126175, False, 12.665787696838379, 660, 0.04996170339735633, 0, 100000, 32.195369720458984, -102882.921875
10166, 8798.249038273469, True, 11.322824239730835, 602, 0.04996170339735633, 0, 100000, 33.38350296020508, -102336.6171875
10167, -10937.146845817566, False, 1.6136620044708252, 81, 0.04996170339735633, 0, 100000, 31.535919189453125, -102312.390625
10168, 10146.725801944733, True, 6.762840032577515, 334, 0.04996170339735633, 0, 100000, 35.15838623046875, -101666.6328125
10169, 7100.556818366051, True, 14.389362812042236, 768, 0.04996170339735633, 0, 100000, 33.48579788208008, -101113.9453125
10170, -11213.143970097415, False, 2.1285288333892822, 111, 0.04996170339735633, 0, 100000, 31.659629821777344, -99884.2265625
10171, 6227.8538328409195, True, 13.242575883865356, 702, 0.04996170339735633, 0, 100000, 34.192420959472656, -100101.4453125
10172, 7190.348295431584, True, 15.074338674545288, 831, 0.04996170339735633, 0, 100000, 33.87922286987305, -99224.2734375
10173, -13647.869100630283, False, 10.61884593963623, 576, 0.04996170339735633, 0, 100000, 32.18937683105469, -98063.1875
10174, -11542.306809902191, False, 2.8323707580566406, 148, 0.04996170339735633, 0, 100000, 33.72021484375, -97631.046875
10175, -13028.996876597404, False, 8.084896802902222, 412, 0.04996170339735633, 0, 100000, 34.44047546386719, -96061.328125
10176, -12166.573456339538, False, 5.375424146652222, 280, 0.04996170339735633, 0, 100000, 35.551212310791016, -95280.3125
10177, -12693.65310060978, False, 6.936539649963379, 359, 0.04996170339735633, 0, 100000, 30.919511795043945, -94966.40625
10178, 9462.005314171314, True, 9.844066381454468, 525, 0.04996170339735633, 0, 100000, 35.61471176147461, -94880.984375
10179, -10872.604606866837, False, 1.4585468769073486, 74, 0.04996170339735633, 0, 100000, 28.895540237426758, -91580.1875
10180, 8783.03869714588, True, 9.572460889816284, 492, 0.04996170339735633, 0, 100000, 34.94813537597656, -94524.46875
10181, 7884.773637831211, True, 15.3300621509552, 827, 0.04996170339735633, 0, 100000, 35.803436279296875, -93337.6328125
10182, -11683.872429013252, False, 3.4975345134735107, 183, 0.04996170339735633, 0, 100000, 37.66264724731445, -92212.84375
10183, 10387.850885391235, True, 6.161939382553101, 311, 0.04996170339735633, 0, 100000, 37.31174850463867, -92553.65625
10184, -12632.37945842743, False, 5.492250204086304, 288, 0.04996170339735633, 0, 100000, 36.26350402832031, -91575.78125
10185, 8731.544593155384, True, 9.743056535720825, 514, 0.04996170339735633, 0, 100000, 32.878597259521484, -90657.6484375
10186, -12359.771839141846, False, 5.529894113540649, 290, 0.04996170339735633, 0, 100000, 34.799434661865234, -90649.125
10187, -13158.290282070637, False, 7.271013021469116, 379, 0.04996170339735633, 0, 100000, 33.591121673583984, -88600.7578125
10188, 10965.414374992251, True, 4.022904396057129, 210, 0.04996170339735633, 0, 100000, 31.308414459228516, -88709.8984375
10189, 8095.744544878602, True, 14.04248833656311, 723, 0.04996170339735633, 0, 100000, 35.86725616455078, -88437.2421875
10190, -16882.82546068728, False, 14.210079908370972, 762, 0.04996170339735633, 0, 100000, 33.25010681152344, -86802.0703125
10191, 10447.964947521687, True, 5.777415037155151, 293, 0.04996170339735633, 0, 100000, 37.357120513916016, -85885.5859375
10192, 9193.473508253694, True, 8.918615102767944, 439, 0.04996170339735633, 0, 100000, 35.974239349365234, -86035.109375
10193, -13769.348363917321, False, 11.77332067489624, 585, 0.04996170339735633, 0, 100000, 35.562530517578125, -85626.6015625
10194, 9065.334683656693, True, 11.438073635101318, 586, 0.04996170339735633, 0, 100000, 33.267051696777344, -83421.796875
10195, -11035.000459432602, False, 1.7613253593444824, 92, 0.04996170339735633, 0, 100000, 37.994205474853516, -82454.21875
10196, -14004.77294017002, False, 13.103514909744263, 686, 0.04996170339735633, 0, 100000, 34.20012283325195, -82885.0703125
10197, 6852.306140910834, True, 13.864582300186157, 750, 0.04996170339735633, 0, 100000, 33.044090270996094, -83211.2578125
10198, 3905.376520983875, True, 20.764477729797363, 1145, 0.04996170339735633, 0, 100000, 34.472267150878906, -81812.484375
10199, -18694.54255528748, False, 17.114759922027588, 939, 0.04996170339735633, 0, 100000, 35.09949493408203, -80301.3515625
10200, -13314.357462838292, False, 6.233241081237793, 314, 0.04996170339735633, 0, 100000, 32.99373245239258, -77165.921875
10201, -12879.250955224037, False, 8.282830715179443, 423, 0.04996170339735633, 0, 100000, 36.640098571777344, -78247.734375
10202, 8320.729354023933, True, 13.420232772827148, 713, 0.04996170339735633, 0, 100000, 36.617706298828125, -77104.1875
10203, 5953.199410066009, True, 21.442610502243042, 1186, 0.04996170339735633, 0, 100000, 34.36017608642578, -75773.71875
10204, 8783.885172069073, True, 11.248708009719849, 618, 0.04996170339735633, 0, 100000, 34.4000129699707, -74744.2578125
10205, 9728.055202111602, True, 8.260584115982056, 437, 0.04996170339735633, 0, 100000, 35.015254974365234, -74429.078125
10206, 4575.727885760367, True, 21.947840929031372, 1184, 0.04996170339735633, 0, 100000, 35.212039947509766, -73127.4609375
10207, -12407.78037687298, False, 4.119836807250977, 225, 0.04996170339735633, 0, 100000, 36.707786560058594, -72973.0703125
10208, 9399.242445513606, True, 10.2538902759552, 530, 0.04996170339735633, 0, 100000, 33.48326873779297, -71649.015625
10209, 9048.51516366005, True, 10.163824319839478, 540, 0.04996170339735633, 0, 100000, 35.693763732910156, -71963.859375
10210, 9129.751324906945, True, 9.47057819366455, 507, 0.04996170339735633, 0, 100000, 36.25028991699219, -71079.671875
10211, -14933.775364637375, False, 8.494722604751587, 451, 0.04996170339735633, 0, 100000, 35.716426849365234, -70216.65625
10212, -13498.892433077097, False, 9.297096967697144, 499, 0.04996170339735633, 0, 100000, 34.314178466796875, -69761.875
10213, -13981.00986623764, False, 35.81452751159668, 1998, 0.04996170339735633, 0, 100000, 35.40665054321289, -66440.078125
10214, -13763.532331861556, False, 8.938375473022461, 499, 0.04996170339735633, 0, 100000, 37.532405853271484, -62398.9921875
10215, 10469.444575302303, True, 5.467428207397461, 281, 0.04996170339735633, 0, 100000, 36.67148971557617, -62610.69140625
10216, -16844.943206444383, False, 14.454190731048584, 774, 0.04996170339735633, 0, 100000, 34.52696228027344, -61796.26953125
10217, -12790.2151809223, False, 35.77224111557007, 1998, 0.04996170339735633, 0, 100000, 35.91815948486328, -59807.06640625
10218, 7255.493380352855, True, 14.298917531967163, 805, 0.04996170339735633, 0, 100000, 36.48880386352539, -56315.21875
10219, 6267.3555091023445, True, 18.80137586593628, 1003, 0.04996170339735633, 0, 100000, 34.92829895019531, -55840.07421875
10220, 9741.326513916254, True, 8.544412851333618, 461, 0.04996170339735633, 0, 100000, 34.3088493347168, -55540.2578125
10221, -12711.024252712727, False, 6.385257244110107, 333, 0.04996170339735633, 0, 100000, 38.42298126220703, -55697.86328125
10222, -12975.173050284386, False, 8.047757148742676, 415, 0.04996170339735633, 0, 100000, 34.53319549560547, -55588.0546875
10223, -13113.696903042495, False, 7.371976852416992, 391, 0.04996170339735633, 0, 100000, 36.3525276184082, -54612.79296875
10224, 8817.769940674305, True, 10.948158740997314, 586, 0.04996170339735633, 0, 100000, 35.23475646972656, -53422.92578125
10225, -19316.942450776696, False, 24.31936812400818, 1343, 0.04996170339735633, 0, 100000, 36.14249801635742, -52938.3046875
10226, 10002.618680730462, True, 7.113398313522339, 384, 0.04996170339735633, 0, 100000, 38.38895797729492, -50170.41015625
10227, 5977.422709807754, True, 14.334218263626099, 773, 0.04996170339735633, 0, 100000, 37.54991912841797, -50611.3359375
10228, 7999.46705532074, True, 10.725636720657349, 567, 0.04996170339735633, 0, 100000, 35.310611724853516, -50077.34375
10229, 8012.394981104881, True, 13.314148426055908, 726, 0.04996170339735633, 0, 100000, 36.63124465942383, -49204.1328125
10230, -11780.10885822773, False, 3.3099513053894043, 174, 0.04996170339735633, 0, 100000, 35.60624694824219, -48699.48828125
10231, 7107.176994740963, True, 14.306894302368164, 751, 0.04996170339735633, 0, 100000, 36.76725387573242, -48204.24609375
10232, 2244.4060795903206, True, 23.082228899002075, 1258, 0.04996170339735633, 0, 100000, 35.58208465576172, -46488.08203125
10233, 8437.534587424248, True, 9.646166801452637, 519, 0.04996170339735633, 0, 100000, 34.556549072265625, -46012.3984375
10234, 6399.916692972183, True, 17.629706144332886, 951, 0.04996170339735633, 0, 100000, 35.69540786743164, -45613.37890625
10235, -14270.842297077179, False, 7.066735506057739, 387, 0.04996170339735633, 0, 100000, 36.81490707397461, -45453.53125
10236, 8302.827918797731, True, 13.089723587036133, 685, 0.04996170339735633, 0, 100000, 37.77577209472656, -43961.58984375
10237, 8395.619632989168, True, 10.652507305145264, 580, 0.04996170339735633, 0, 100000, 35.2663688659668, -43830.44921875
10238, -17183.863357648253, False, 18.444225072860718, 1010, 0.04996170339735633, 0, 100000, 35.24225997924805, -43086.66015625
10239, 6784.104004263878, True, 9.001397371292114, 470, 0.04996170339735633, 0, 100000, 36.734683990478516, -41227.51953125
10240, -12580.030265808105, False, 5.687005281448364, 293, 0.04996170339735633, 0, 100000, 32.56391143798828, -42007.36328125
10241, -13771.920248389244, False, 9.795172929763794, 505, 0.04996170339735633, 0, 100000, 35.44352340698242, -40025.58984375
10242, 7707.964425340295, True, 14.58823299407959, 780, 0.04996170339735633, 0, 100000, 37.00682067871094, -39058.3828125
10243, -16637.633943378925, False, 16.20282506942749, 886, 0.04996170339735633, 0, 100000, 36.22343444824219, -37915.8515625
10244, -11150.360054731369, False, 2.3945398330688477, 123, 0.04996170339735633, 0, 100000, 33.8143424987793, -36475.27734375
10245, -11769.20995002985, False, 5.523669719696045, 280, 0.04996170339735633, 0, 100000, 39.00469970703125, -35692.56640625
10246, -11122.924298584461, False, 2.762852430343628, 140, 0.04996170339735633, 0, 100000, 35.001338958740234, -33370.69140625
10247, -12658.49995239079, False, 8.152854919433594, 418, 0.04996170339735633, 0, 100000, 37.81995391845703, -34533.17578125
10248, 10876.692719191313, True, 4.213616371154785, 215, 0.04996170339735633, 0, 100000, 36.50120544433594, -35089.2578125
10249, 9822.99696745351, True, 8.40807580947876, 428, 0.04996170339735633, 0, 100000, 34.22836685180664, -36035.84765625
10250, -14362.063755586743, False, 14.367217779159546, 749, 0.04996170339735633, 0, 100000, 37.25548553466797, -35393.28515625
10251, 7364.317398928106, True, 10.602479219436646, 573, 0.04996170339735633, 0, 100000, 34.91530990600586, -33913.74609375
10252, 9561.333073079586, True, 8.842293977737427, 469, 0.04996170339735633, 0, 100000, 37.752872467041016, -33271.04296875
10253, -10977.505931854248, False, 1.697418451309204, 87, 0.04996170339735633, 0, 100000, 37.806575775146484, -33608.00390625
10254, -14332.1483970806, False, 8.707416772842407, 449, 0.04996170339735633, 0, 100000, 38.251338958740234, -33585.72265625
10255, 8564.531753763556, True, 8.820894718170166, 477, 0.04996170339735633, 0, 100000, 36.62253952026367, -32204.5390625
10256, 6674.591214478016, True, 14.123292922973633, 756, 0.04996170339735633, 0, 100000, 36.001644134521484, -32478.357421875
10257, -11581.147093057632, False, 2.0383098125457764, 102, 0.04996170339735633, 0, 100000, 35.65384292602539, -32248.267578125
10258, -12627.054850392044, False, 8.182190656661987, 429, 0.04996170339735633, 0, 100000, 36.3787841796875, -30846.787109375
10259, 8607.938439592719, True, 12.246694087982178, 653, 0.04996170339735633, 0, 100000, 35.06309509277344, -30048.16796875
10260, -13726.913505226374, False, 12.020249605178833, 655, 0.04996170339735633, 0, 100000, 39.34980010986328, -30159.91796875
10261, -11857.465032815933, False, 4.703754663467407, 249, 0.04996170339735633, 0, 100000, 37.36412811279297, -29520.556640625
10262, 7762.101869121194, True, 11.145207405090332, 570, 0.04996170339735633, 0, 100000, 37.54738998413086, -28356.482421875
10263, 6204.338341414928, True, 15.829953908920288, 852, 0.04996170339735633, 0, 100000, 37.81623458862305, -27909.130859375
10264, -11878.396440505981, False, 1.347701072692871, 70, 0.04996170339735633, 0, 100000, 43.1770133972168, -28715.064453125
10265, 7649.9835559129715, True, 15.008282661437988, 784, 0.04996170339735633, 0, 100000, 37.82160186767578, -27191.849609375
10266, -11511.897244691849, False, 2.4679296016693115, 132, 0.04996170339735633, 0, 100000, 35.405372619628906, -26583.669921875
10267, 8517.30724247545, True, 12.857494592666626, 662, 0.04996170339735633, 0, 100000, 35.26249313354492, -26073.27734375
10268, -13219.341753944755, False, 6.353376388549805, 328, 0.04996170339735633, 0, 100000, 36.7862663269043, -26013.37109375
10269, -15142.237561441958, False, 10.977249383926392, 579, 0.04996170339735633, 0, 100000, 37.54591751098633, -25029.6796875
10270, 8802.06607401371, True, 11.134100914001465, 597, 0.04996170339735633, 0, 100000, 39.132137298583984, -24262.849609375
10271, 3390.013273000717, True, 12.35696268081665, 654, 0.04996170339735633, 0, 100000, 37.831119537353516, -23381.02734375
10272, -17927.68834245205, False, 12.291748046875, 662, 0.04996170339735633, 0, 100000, 37.58089065551758, -22629.9375
10273, 7665.444954931736, True, 12.474968910217285, 673, 0.04996170339735633, 0, 100000, 35.82364273071289, -21540.64453125
10274, -14312.768545001745, False, 9.833537578582764, 529, 0.04996170339735633, 0, 100000, 35.89482879638672, -21675.97265625
10275, 10715.359777867794, True, 4.175763130187988, 224, 0.04996170339735633, 0, 100000, 40.42441177368164, -20770.48046875
10276, -12194.442121185828, False, 3.6539225578308105, 187, 0.04996170339735633, 0, 100000, 34.389129638671875, -20300.419921875
10277, -12961.287859201431, False, 7.344807863235474, 383, 0.04996170339735633, 0, 100000, 33.98752975463867, -20575.72265625
10278, 9259.62466019392, True, 9.938205003738403, 516, 0.04996170339735633, 0, 100000, 36.87555694580078, -19387.7734375
10279, -11936.5025690794, False, 3.767845392227173, 193, 0.04996170339735633, 0, 100000, 38.116153717041016, -20024.611328125
10280, 7099.836574822664, True, 13.686149597167969, 720, 0.04996170339735633, 0, 100000, 38.43284606933594, -19041.3984375
10281, -11788.747322261333, False, 4.581344366073608, 242, 0.04996170339735633, 0, 100000, 37.75520706176758, -19430.59375
10282, 10153.692035257816, True, 6.9531636238098145, 357, 0.04996170339735633, 0, 100000, 35.935977935791016, -19243.83984375
10283, -13948.63706664741, False, 11.04214072227478, 580, 0.04996170339735633, 0, 100000, 37.38251495361328, -18731.626953125
10284, 8676.88127541542, True, 10.924224138259888, 584, 0.04996170339735633, 0, 100000, 34.92790985107422, -18151.384765625
10285, -11924.018145918846, False, 3.562141180038452, 190, 0.04996170339735633, 0, 100000, 39.11137008666992, -18199.130859375
10286, -11519.084934949875, False, 3.305476188659668, 164, 0.04996170339735633, 0, 100000, 35.43606948852539, -16996.259765625
10287, 8802.441326599568, True, 10.51647400856018, 540, 0.04996170339735633, 0, 100000, 35.746280670166016, -16803.3671875
10288, -19559.15153162554, False, 18.097124338150024, 983, 0.04996170339735633, 0, 100000, 36.82704162597656, -16518.71484375
10289, -13092.374130904675, False, 7.91149115562439, 431, 0.04996170339735633, 0, 100000, 37.71112823486328, -14754.93359375
10290, 8397.667877346277, True, 12.777896165847778, 679, 0.04996170339735633, 0, 100000, 36.92266845703125, -14442.8779296875
10291, -15088.421177864075, False, 12.388628959655762, 656, 0.04996170339735633, 0, 100000, 37.79611587524414, -13920.54296875
10292, -12831.554252386093, False, 6.580549955368042, 353, 0.04996170339735633, 0, 100000, 39.68291473388672, -13317.591796875
10293, -13694.321991622448, False, 10.304418802261353, 543, 0.04996170339735633, 0, 100000, 34.651649475097656, -12963.912109375
10294, 9674.110295295715, True, 7.805746555328369, 419, 0.04996170339735633, 0, 100000, 35.65483856201172, -11415.537109375
10295, -14041.525539278984, False, 11.098182439804077, 594, 0.04996170339735633, 0, 100000, 37.50056076049805, -10576.8076171875
10296, 8110.847092926502, True, 13.12000322341919, 698, 0.04996170339735633, 0, 100000, 36.885379791259766, -10164.12109375
10297, -13490.022175431252, False, 7.768563270568848, 418, 0.04996170339735633, 0, 100000, 38.54494857788086, -9981.1748046875
10298, -13994.970032930374, False, 11.118557453155518, 579, 0.04996170339735633, 0, 100000, 34.93815994262695, -9293.5537109375
10299, 8556.173875944689, True, 12.791095972061157, 683, 0.04996170339735633, 0, 100000, 36.63057327270508, -8554.97265625
10300, -12116.983677864075, False, 4.948216199874878, 262, 0.04996170339735633, 0, 100000, 38.60438537597656, -8568.9453125
10301, -12739.405434131622, False, 5.9639952182769775, 303, 0.04996170339735633, 0, 100000, 37.227779388427734, -8384.9833984375
10302, -12963.665551364422, False, 7.908380746841431, 417, 0.04996170339735633, 0, 100000, 36.14777374267578, -7485.96630859375
10303, -13924.983747020364, False, 11.662054300308228, 617, 0.04996170339735633, 0, 100000, 34.233577728271484, -6932.376953125
10304, -12730.403750542551, False, 6.350049734115601, 334, 0.04996170339735633, 0, 100000, 38.504695892333984, -6661.49755859375
10305, -13173.626726001501, False, 8.289788961410522, 425, 0.04996170339735633, 0, 100000, 36.97332000732422, -5822.17626953125
10306, 6555.130174100399, True, 14.013845443725586, 748, 0.04996170339735633, 0, 100000, 35.8564567565918, -5204.35107421875
10307, -17992.770769637078, False, 19.967039585113525, 1082, 0.04996170339735633, 0, 100000, 37.425743103027344, -3924.402587890625
10308, 8259.190392024815, True, 13.660962343215942, 758, 0.04996170339735633, 0, 100000, 37.57490158081055, -2717.927490234375
10309, -18116.258021771908, False, 10.41928219795227, 560, 0.04996170339735633, 0, 100000, 37.02459716796875, -1897.2861328125
10310, 7414.985469374806, True, 13.781497955322266, 727, 0.04996170339735633, 0, 100000, 36.19294738769531, -972.3609008789062
10311, -16899.87734937668, False, 4.935041904449463, 255, 0.04996170339735633, 0, 100000, 34.791141510009766, 643.4576416015625
10312, -11713.260078400373, False, 4.916280269622803, 247, 0.04996170339735633, 0, 100000, 36.691558837890625, 1276.5599365234375
10313, -11631.340278543532, False, 3.1148734092712402, 158, 0.04996170339735633, 0, 100000, 37.701637268066406, 1235.539794921875
10314, 9591.551363825798, True, 8.806900978088379, 458, 0.04996170339735633, 0, 100000, 37.42567443847656, 549.0531616210938
10315, -12917.71853017807, False, 3.1450417041778564, 165, 0.04996170339735633, 0, 100000, 38.016963958740234, 2327.28125
10316, 7797.396817609668, True, 14.66639518737793, 770, 0.04996170339735633, 0, 100000, 36.299102783203125, 1961.1234130859375
10317, -13479.380566120148, False, 8.221526384353638, 446, 0.04996170339735633, 0, 100000, 38.89406204223633, 2247.822265625
10318, -14020.585920333862, False, 9.264909505844116, 482, 0.04996170339735633, 0, 100000, 37.66328048706055, 3144.823486328125
10319, -12405.751633763313, False, 6.04137110710144, 314, 0.04996170339735633, 0, 100000, 40.374717712402344, 3623.636962890625
10320, 6887.821006774902, True, 14.327085018157959, 754, 0.04996170339735633, 0, 100000, 36.28441619873047, 4804.791015625
10321, -26071.114100933075, False, 16.278215408325195, 890, 0.04996170339735633, 0, 100000, 38.197021484375, 5960.28955078125
10322, 8145.2297568023205, True, 13.625231981277466, 746, 0.04996170339735633, 0, 100000, 36.52389907836914, 8522.671875
10323, 2630.7523863092065, True, 13.415340185165405, 727, 0.04996170339735633, 0, 100000, 35.90376281738281, 8423.9033203125
10324, -12689.876133799553, False, 4.336510896682739, 229, 0.04996170339735633, 0, 100000, 36.57851028442383, 9339.326171875
10325, 8161.448594242334, True, 9.909223318099976, 503, 0.04996170339735633, 0, 100000, 39.83951187133789, 9326.86328125
10326, -13759.16288948059, False, 3.8220102787017822, 195, 0.04996170339735633, 0, 100000, 38.57849884033203, 9816.802734375
10327, -14053.06601503212, False, 11.763371706008911, 615, 0.04996170339735633, 0, 100000, 36.68855667114258, 9936.24609375
10328, 9621.716207504272, True, 9.014038801193237, 475, 0.04996170339735633, 0, 100000, 36.18600845336914, 10363.771484375
10329, -12541.822376847267, False, 3.464552164077759, 174, 0.04996170339735633, 0, 100000, 38.931640625, 10410.6748046875
10330, -14503.49460849911, False, 12.06861138343811, 629, 0.04996170339735633, 0, 100000, 36.269447326660156, 10720.29296875
10331, 9582.722187787294, True, 9.11265254020691, 486, 0.04996170339735633, 0, 100000, 35.16160583496094, 12360.703125
10332, -13948.113161250949, False, 12.207719326019287, 653, 0.04996170339735633, 0, 100000, 36.403114318847656, 12153.83203125
10333, 10995.53598177433, True, 4.083268404006958, 217, 0.04996170339735633, 0, 100000, 36.66176223754883, 13344.7158203125
10334, -15765.31340849027, False, 15.07265305519104, 791, 0.04996170339735633, 0, 100000, 38.27164077758789, 12456.5068359375
10335, -13481.131032630801, False, 9.897015810012817, 538, 0.04996170339735633, 0, 100000, 38.219581604003906, 13207.162109375
10336, -14034.998968467116, False, 11.80676531791687, 630, 0.04996170339735633, 0, 100000, 39.09293746948242, 14313.8505859375
10337, 10784.409450650215, True, 4.2945029735565186, 227, 0.04996170339735633, 0, 100000, 41.69465255737305, 14021.759765625
10338, -11366.881738312542, False, 3.040966749191284, 152, 0.04996170339735633, 0, 100000, 34.09671401977539, 14228.70703125
10339, -12939.815339922905, False, 8.213451147079468, 431, 0.04996170339735633, 0, 100000, 37.500694274902344, 14488.1240234375
10340, -11910.2609924227, False, 4.938136100769043, 250, 0.04996170339735633, 0, 100000, 40.75228500366211, 14914.1845703125
10341, 9367.225982755423, True, 9.556808471679688, 502, 0.04996170339735633, 0, 100000, 37.23688507080078, 15369.9736328125
10342, -14020.860310792923, False, 4.781558513641357, 240, 0.04996170339735633, 0, 100000, 39.00840759277344, 15470.7314453125
10343, 10048.113870203495, True, 6.659120321273804, 343, 0.04996170339735633, 0, 100000, 37.7454719543457, 15759.2861328125
10344, -12754.43403597176, False, 7.665684700012207, 397, 0.04996170339735633, 0, 100000, 38.971649169921875, 15704.85546875
10345, 8230.942592203617, True, 13.645012855529785, 720, 0.04996170339735633, 0, 100000, 38.04450225830078, 15977.111328125
10346, 8812.975042678416, True, 11.265618801116943, 607, 0.04996170339735633, 0, 100000, 37.469581604003906, 16242.7265625
10347, 9585.5578956604, True, 8.998570680618286, 479, 0.04996170339735633, 0, 100000, 37.17672348022461, 15570.7666015625
10348, -11027.78061747551, False, 1.4471054077148438, 70, 0.04996170339735633, 0, 100000, 29.546072006225586, 14751.4013671875
10349, -13139.956771671772, False, 8.569552898406982, 447, 0.04996170339735633, 0, 100000, 38.0579948425293, 16672.037109375
10350, -13806.534223020077, False, 8.589220762252808, 453, 0.04996170339735633, 0, 100000, 40.996524810791016, 16826.509765625
10351, 10222.932114362717, True, 6.044561862945557, 312, 0.04996170339735633, 0, 100000, 38.27437210083008, 17377.62890625
10352, 8866.331994727254, True, 9.053461790084839, 475, 0.04996170339735633, 0, 100000, 36.621055603027344, 17078.92578125
10353, -11696.087649703026, False, 3.9788217544555664, 201, 0.04996170339735633, 0, 100000, 35.62331008911133, 17821.92578125
10354, 8215.461099194363, True, 13.980896472930908, 737, 0.04996170339735633, 0, 100000, 34.90688705444336, 18116.591796875
10355, 8839.261317491531, True, 11.165854692459106, 601, 0.04996170339735633, 0, 100000, 36.68601989746094, 18119.154296875
10356, -12984.889548009261, False, 8.31714653968811, 434, 0.04996170339735633, 0, 100000, 40.012813568115234, 18658.18359375
10357, -12976.65384733677, False, 8.170706510543823, 428, 0.04996170339735633, 0, 100000, 36.169368743896484, 18794.7109375
10358, -15706.665772974491, False, 11.748947143554688, 615, 0.04996170339735633, 0, 100000, 39.4334716796875, 19795.01953125
10359, 7124.263656873256, True, 13.616045951843262, 726, 0.04996170339735633, 0, 100000, 36.114253997802734, 20494.3671875
10360, -16332.946962028742, False, 12.234982252120972, 645, 0.04996170339735633, 0, 100000, 38.16665267944336, 21049.2109375
10361, 9069.815170317888, True, 10.357370376586914, 554, 0.04996170339735633, 0, 100000, 39.18272399902344, 21980.7890625
10362, -28270.08838891238, False, 34.29371881484985, 1868, 0.04996170339735633, 0, 100000, 38.16801834106445, 22901.080078125
10363, 8331.014433370903, True, 11.8720064163208, 667, 0.04996170339735633, 0, 100000, 35.436466217041016, 24441.88671875
10364, -13295.974518537521, False, 7.626472234725952, 401, 0.04996170339735633, 0, 100000, 37.46627426147461, 24999.232421875
10365, -12780.419741600752, False, 7.317180633544922, 377, 0.04996170339735633, 0, 100000, 38.213016510009766, 24130.05859375
10366, -11882.120877072215, False, 3.7542917728424072, 189, 0.04996170339735633, 0, 100000, 36.82802200317383, 24818.9921875
10367, -12842.614729344845, False, 6.273485422134399, 316, 0.04996170339735633, 0, 100000, 43.32585525512695, 24652.232421875
10368, 10942.479660466313, True, 4.231440544128418, 219, 0.04996170339735633, 0, 100000, 37.84959030151367, 25514.1796875
10369, -11098.424365758896, False, 2.6980185508728027, 133, 0.04996170339735633, 0, 100000, 37.970882415771484, 24360.28125
10370, 9954.302352786064, True, 7.155675649642944, 370, 0.04996170339735633, 0, 100000, 44.20378112792969, 24907.111328125
10371, -12800.047204077244, False, 6.484479665756226, 326, 0.04996170339735633, 0, 100000, 40.77179718017578, 26139.408203125
10372, -13117.684730648994, False, 6.819363117218018, 355, 0.04996170339735633, 0, 100000, 41.02372360229492, 26634.73046875
10373, 8304.291245758533, True, 10.597371339797974, 551, 0.04996170339735633, 0, 100000, 39.68257141113281, 27117.681640625
10374, 8492.151724815369, True, 8.724844217300415, 472, 0.04996170339735633, 0, 100000, 39.79261016845703, 27309.857421875
10375, -14168.257573366165, False, 9.080060243606567, 477, 0.04996170339735633, 0, 100000, 39.45540237426758, 27685.134765625
10376, -13047.122178554535, False, 7.557777404785156, 401, 0.04996170339735633, 0, 100000, 38.66984939575195, 26916.431640625
10377, -17371.111373569816, False, 36.43869185447693, 1998, 0.04996170339735633, 0, 100000, 37.86637496948242, 29287.224609375
10378, -13747.64480215311, False, 9.126684665679932, 496, 0.04996170339735633, 0, 100000, 38.46578598022461, 30833.501953125
10379, -13318.317807684653, False, 9.139465093612671, 467, 0.04996170339735633, 0, 100000, 38.89165496826172, 30868.271484375
10380, -11246.217078715563, False, 2.931602954864502, 151, 0.04996170339735633, 0, 100000, 38.70904541015625, 31217.9296875
10381, 9667.478628396988, True, 7.959945201873779, 403, 0.04996170339735633, 0, 100000, 35.15048599243164, 31037.86328125
10382, -13630.983582675457, False, 8.801010608673096, 451, 0.04996170339735633, 0, 100000, 38.21736526489258, 31664.966796875
10383, -17137.956833854318, False, 18.972313404083252, 1015, 0.04996170339735633, 0, 100000, 37.470252990722656, 32676.83203125
10384, 10167.803938031197, True, 6.442398309707642, 341, 0.04996170339735633, 0, 100000, 39.63282775878906, 33908.2265625
10385, -12758.683870077133, False, 3.447633981704712, 173, 0.04996170339735633, 0, 100000, 38.83686828613281, 32643.119140625
10386, -11410.989963412285, False, 3.4217536449432373, 173, 0.04996170339735633, 0, 100000, 40.07051467895508, 33955.88671875
10387, -14266.301838830113, False, 11.977263927459717, 620, 0.04996170339735633, 0, 100000, 41.658477783203125, 34226.28515625
10388, -13658.32560774684, False, 8.7938973903656, 464, 0.04996170339735633, 0, 100000, 39.725345611572266, 34027.0859375
10389, -12416.763875246048, False, 4.187965631484985, 212, 0.04996170339735633, 0, 100000, 37.31343460083008, 34319.39453125
10390, -15655.325463160872, False, 37.12864303588867, 1998, 0.04996170339735633, 0, 100000, 38.18684387207031, 35533.28125
10391, 7428.878902768716, True, 12.661300659179688, 706, 0.04996170339735633, 0, 100000, 36.50518798828125, 37483.18359375
10392, 9202.941149912775, True, 9.819364309310913, 505, 0.04996170339735633, 0, 100000, 37.67123794555664, 37479.97265625
10393, -12113.892711400986, False, 4.155540227890015, 211, 0.04996170339735633, 0, 100000, 40.59989547729492, 38055.31640625
10394, 7393.807731091976, True, 12.587920427322388, 647, 0.04996170339735633, 0, 100000, 38.96522903442383, 38558.2890625
10395, -13797.824201464653, False, 10.370497703552246, 549, 0.04996170339735633, 0, 100000, 37.28418731689453, 38896.50390625
10396, -12641.352370977402, False, 7.702529191970825, 396, 0.04996170339735633, 0, 100000, 37.879886627197266, 39624.73046875
10397, -12570.311691731215, False, 4.320816993713379, 215, 0.04996170339735633, 0, 100000, 37.469139099121094, 40436.140625
10398, 8598.632016230375, True, 12.44563341140747, 634, 0.04996170339735633, 0, 100000, 39.27829360961914, 39643.6640625
10399, -18542.698777616024, False, 19.121489763259888, 1015, 0.04996170339735633, 0, 100000, 37.51017379760742, 40547.51953125
10400, -11500.830669164658, False, 3.074516773223877, 164, 0.04996170339735633, 0, 100000, 36.80481719970703, 41062.71484375
10401, 6874.204955786467, True, 16.218034505844116, 832, 0.04996170339735633, 0, 100000, 38.07786560058594, 41866.7109375
10402, -13768.002363562584, False, 36.10569453239441, 1998, 0.04996170339735633, 0, 100000, 39.5932731628418, 41823.2109375
10403, -14146.922981396317, False, 9.695215463638306, 517, 0.04996170339735633, 0, 100000, 39.39198684692383, 42653.890625
10404, -12795.591329187155, False, 4.554697751998901, 234, 0.04996170339735633, 0, 100000, 36.94236373901367, 42366.6328125
10405, 9992.373697906733, True, 7.830004930496216, 388, 0.04996170339735633, 0, 100000, 40.50080490112305, 43129.75390625
10406, -14924.014856100082, False, 11.402010440826416, 586, 0.04996170339735633, 0, 100000, 37.957969665527344, 43796.54296875
10407, 9966.564936429262, True, 7.0970213413238525, 368, 0.04996170339735633, 0, 100000, 38.836978912353516, 42887.21875
10408, -11636.097733467817, False, 4.359236240386963, 224, 0.04996170339735633, 0, 100000, 35.49770736694336, 42740.69140625
10409, 11024.824513971806, True, 4.059196472167969, 206, 0.04996170339735633, 0, 100000, 38.50729751586914, 42714.5234375
10410, -16324.091720819473, False, 7.760654449462891, 399, 0.04996170339735633, 0, 100000, 38.930755615234375, 44198.53125
10411, 10171.706250309944, True, 6.465798854827881, 334, 0.04996170339735633, 0, 100000, 37.26737976074219, 43481.77734375
10412, -14288.105845339596, False, 12.810307025909424, 666, 0.04996170339735633, 0, 100000, 39.54941940307617, 43664.875
10413, 8438.029918253422, True, 11.788782119750977, 637, 0.04996170339735633, 0, 100000, 41.3265266418457, 44723.16015625
10414, -11123.081417798996, False, 1.5804314613342285, 81, 0.04996170339735633, 0, 100000, 39.86604690551758, 44732.3203125
10415, -13478.606909632683, False, 8.668658256530762, 441, 0.04996170339735633, 0, 100000, 37.045997619628906, 44774.1484375
10416, -13081.551500201225, False, 7.354465484619141, 387, 0.04996170339735633, 0, 100000, 36.83809280395508, 44656.046875
10417, 8368.693552017212, True, 8.979318141937256, 460, 0.04996170339735633, 0, 100000, 38.815738677978516, 45438.62890625
10418, -16239.358858004212, False, 36.86144208908081, 1998, 0.04996170339735633, 0, 100000, 39.3276252746582, 46677.3359375
10419, -13637.977117143571, False, 35.16316056251526, 1998, 0.04996170339735633, 0, 100000, 39.404109954833984, 49210.96484375
10420, -13042.276908196509, False, 7.890476226806641, 428, 0.04996170339735633, 0, 100000, 36.64731979370117, 50556.1015625
10421, -11759.085134506226, False, 5.358787298202515, 266, 0.04996170339735633, 0, 100000, 43.46625518798828, 50084.69140625
10422, -12363.144004642963, False, 4.175681114196777, 207, 0.04996170339735633, 0, 100000, 33.54747009277344, 50785.23046875
10423, 8174.399916231632, True, 13.779760360717773, 719, 0.04996170339735633, 0, 100000, 39.703338623046875, 52048.06640625
10424, -19561.03117787838, False, 11.30298399925232, 589, 0.04996170339735633, 0, 100000, 39.15149688720703, 52112.38671875
10425, -12547.280867815018, False, 6.880678653717041, 354, 0.04996170339735633, 0, 100000, 37.799232482910156, 51947.4921875
10426, -12036.40046107769, False, 5.644064903259277, 281, 0.04996170339735633, 0, 100000, 40.406795501708984, 52780.796875
10427, -14391.349545896053, False, 10.845492362976074, 549, 0.04996170339735633, 0, 100000, 39.9659309387207, 53764.41015625
10428, 10825.65134191513, True, 4.30472731590271, 218, 0.04996170339735633, 0, 100000, 36.590824127197266, 52970.2265625
10429, -16414.72476541996, False, 8.313050746917725, 421, 0.04996170339735633, 0, 100000, 39.153934478759766, 53461.625
10430, 7608.208268381655, True, 12.476416110992432, 656, 0.04996170339735633, 0, 100000, 39.505226135253906, 55125.26953125
10431, 6981.062316685915, True, 10.532939910888672, 560, 0.04996170339735633, 0, 100000, 40.349143981933594, 55164.2890625
10432, -12001.084504127502, False, 1.6251239776611328, 79, 0.04996170339735633, 0, 100000, 39.575035095214844, 55984.80859375
10433, -13595.018248312175, False, 8.642306566238403, 446, 0.04996170339735633, 0, 100000, 38.09442901611328, 54730.01171875
10434, 10035.351010918617, True, 7.191211938858032, 374, 0.04996170339735633, 0, 100000, 38.627620697021484, 55372.95703125
10435, -11581.719223678112, False, 2.7795729637145996, 142, 0.04996170339735633, 0, 100000, 42.167747497558594, 55404.8671875
10436, 7915.924139067531, True, 10.107579946517944, 518, 0.04996170339735633, 0, 100000, 38.95784378051758, 54986.62109375
10437, -12351.307106256485, False, 5.751435041427612, 296, 0.04996170339735633, 0, 100000, 40.56305694580078, 55900.26171875
10438, -12480.892132401466, False, 4.302183628082275, 221, 0.04996170339735633, 0, 100000, 43.40172576904297, 56041.96484375
10439, 10073.02889162302, True, 6.754159927368164, 346, 0.04996170339735633, 0, 100000, 35.619869232177734, 56221.3515625
10440, -12083.486146241426, False, 5.690990686416626, 284, 0.04996170339735633, 0, 100000, 36.22857666015625, 56229.8046875
10441, -12787.423042327166, False, 9.035618305206299, 456, 0.04996170339735633, 0, 100000, 41.73369216918945, 56391.94140625
10442, -11673.502326726913, False, 3.2779343128204346, 168, 0.04996170339735633, 0, 100000, 41.19631576538086, 55630.9765625
10443, 10414.882360503078, True, 5.949720144271851, 297, 0.04996170339735633, 0, 100000, 45.235267639160156, 57010.76953125
10444, 9540.458665326238, True, 8.683533906936646, 451, 0.04996170339735633, 0, 100000, 38.623199462890625, 55930.67578125
10445, -16261.481749102473, False, 14.29475736618042, 741, 0.04996170339735633, 0, 100000, 40.25977325439453, 57286.13671875
10446, 7128.325874595437, True, 13.731137752532959, 718, 0.04996170339735633, 0, 100000, 41.3387565612793, 57011.48828125
10447, 5722.885344445705, True, 20.245753049850464, 1056, 0.04996170339735633, 0, 100000, 40.938690185546875, 56965.64453125
10448, -12986.684709906578, False, 3.601154327392578, 194, 0.04996170339735633, 0, 100000, 37.9438591003418, 56272.2578125
10449, 9584.134154051542, True, 9.203605651855469, 473, 0.04996170339735633, 0, 100000, 39.5814094543457, 56483.18359375
10450, 5747.949614033103, True, 21.871000051498413, 1156, 0.04996170339735633, 0, 100000, 41.492427825927734, 57809.109375
10451, 3030.23069383204, True, 26.012468814849854, 1390, 0.04996170339735633, 0, 100000, 38.60517501831055, 58529.3515625
10452, 8999.159987330437, True, 9.20969533920288, 500, 0.04996170339735633, 0, 100000, 38.72101974487305, 58492.59765625
10453, -15346.100129887462, False, 15.078511714935303, 777, 0.04996170339735633, 0, 100000, 38.357322692871094, 59022.546875
10454, 8296.663044605171, True, 13.886167049407959, 734, 0.04996170339735633, 0, 100000, 40.04662322998047, 59264.2890625
10455, -15313.96541385632, False, 15.108020305633545, 791, 0.04996170339735633, 0, 100000, 39.14551544189453, 58972.69921875
10456, 10837.831246301532, True, 4.308048963546753, 216, 0.04996170339735633, 0, 100000, 36.43948745727539, 60202.8203125
10457, -11671.608673423529, False, 3.3420517444610596, 163, 0.04996170339735633, 0, 100000, 44.46379089355469, 59278.796875
10458, 10083.968718290329, True, 6.539963960647583, 330, 0.04996170339735633, 0, 100000, 39.102699279785156, 59805.68359375
10459, -12670.949455112219, False, 6.297245979309082, 330, 0.04996170339735633, 0, 100000, 37.488895416259766, 60396.5078125
10460, 8633.196569144726, True, 10.20508623123169, 523, 0.04996170339735633, 0, 100000, 38.80858612060547, 60003.5859375
10461, 5354.993988435715, True, 21.861701726913452, 1186, 0.04996170339735633, 0, 100000, 39.258384704589844, 60296.2578125
10462, -13422.79970496893, False, 9.436551332473755, 508, 0.04996170339735633, 0, 100000, 39.92475891113281, 60104.62890625
10463, -12768.135525405407, False, 7.758599519729614, 398, 0.04996170339735633, 0, 100000, 41.448760986328125, 60302.15234375
10464, 9487.214597284794, True, 9.36872935295105, 479, 0.04996170339735633, 0, 100000, 39.63393783569336, 61418.296875
10465, -13316.835875403136, False, 6.818270921707153, 343, 0.04996170339735633, 0, 100000, 38.976768493652344, 60155.890625
10466, 8237.578802328557, True, 14.136657953262329, 736, 0.04996170339735633, 0, 100000, 38.24825668334961, 61242.45703125
10467, -14729.985255524516, False, 11.076696395874023, 574, 0.04996170339735633, 0, 100000, 40.21662139892578, 61136.79296875
10468, 8510.010381948203, True, 11.344830989837646, 585, 0.04996170339735633, 0, 100000, 39.829429626464844, 61176.703125
10469, -12295.040765076876, False, 5.767571926116943, 297, 0.04996170339735633, 0, 100000, 35.656158447265625, 61143.3125
10470, -12863.84678903222, False, 7.812402725219727, 397, 0.04996170339735633, 0, 100000, 37.56636047363281, 61095.11328125
10471, 9545.077315866947, True, 9.537909746170044, 488, 0.04996170339735633, 0, 100000, 37.236061096191406, 61289.75
10472, -19113.46245020628, False, 16.467254161834717, 864, 0.04996170339735633, 0, 100000, 39.12767028808594, 61926.4921875
10473, 8544.710428357124, True, 9.822786331176758, 519, 0.04996170339735633, 0, 100000, 37.9187126159668, 63162.35546875
10474, -11144.004724740982, False, 1.8533334732055664, 93, 0.04996170339735633, 0, 100000, 41.847023010253906, 61484.49609375
10475, 10991.979095995426, True, 4.016894817352295, 198, 0.04996170339735633, 0, 100000, 42.274383544921875, 62177.21875
10476, 8887.173894882202, True, 9.311434268951416, 484, 0.04996170339735633, 0, 100000, 38.756893157958984, 63841.97265625
10477, -15608.076873227954, False, 17.16333842277527, 916, 0.04996170339735633, 0, 100000, 38.998687744140625, 63383.1875
10478, -13312.206700235605, False, 7.713940858840942, 418, 0.04996170339735633, 0, 100000, 39.99127197265625, 63504.04296875
10479, 10159.89906346798, True, 6.514641284942627, 330, 0.04996170339735633, 0, 100000, 39.82326889038086, 64148.0234375
10480, 7414.462837532163, True, 16.225947856903076, 839, 0.04996170339735633, 0, 100000, 38.8209114074707, 64381.5390625
10481, -12503.676756620407, False, 5.730931997299194, 298, 0.04996170339735633, 0, 100000, 37.90769577026367, 63558.2734375
10482, -13503.669483065605, False, 9.900652885437012, 512, 0.04996170339735633, 0, 100000, 36.74876022338867, 63946.55078125
10483, 10225.010498464108, True, 6.335732936859131, 325, 0.04996170339735633, 0, 100000, 39.296173095703125, 63483.8515625
10484, 5460.493281379342, True, 17.255203247070312, 895, 0.04996170339735633, 0, 100000, 38.576637268066406, 64556.76953125
10485, 7712.66010761261, True, 10.083847045898438, 526, 0.04996170339735633, 0, 100000, 39.346675872802734, 64821.6953125
10486, -11938.26947581768, False, 4.296846628189087, 216, 0.04996170339735633, 0, 100000, 41.77249526977539, 64236.0546875
10487, -13175.267613530159, False, 8.250324487686157, 420, 0.04996170339735633, 0, 100000, 36.97633361816406, 64702.0078125
10488, 10873.212917417288, True, 4.166774749755859, 215, 0.04996170339735633, 0, 100000, 38.19993209838867, 64495.88671875
10489, -11829.204495668411, False, 3.5885660648345947, 182, 0.04996170339735633, 0, 100000, 40.361629486083984, 65352.8359375
10490, -12620.888358592987, False, 7.436205863952637, 382, 0.04996170339735633, 0, 100000, 38.51385498046875, 64816.39453125
10491, 8270.668105412275, True, 13.790138483047485, 715, 0.04996170339735633, 0, 100000, 39.644989013671875, 65512.6875
10492, 7414.089708976448, True, 13.808528661727905, 695, 0.04996170339735633, 0, 100000, 38.56766891479492, 65641.8671875
10493, 6454.646307919174, True, 18.444509506225586, 980, 0.04996170339735633, 0, 100000, 40.64680862426758, 65799.90625
10494, 8933.622291594744, True, 10.564117670059204, 563, 0.04996170339735633, 0, 100000, 40.444725036621094, 66177.109375
10495, -13828.756031006575, False, 11.629616260528564, 622, 0.04996170339735633, 0, 100000, 40.765403747558594, 65614.0078125
10496, -11680.885161876678, False, 3.286327362060547, 162, 0.04996170339735633, 0, 100000, 35.214908599853516, 66097.8359375
10497, -12679.950648915023, False, 7.320375204086304, 377, 0.04996170339735633, 0, 100000, 39.284603118896484, 66191.265625
10498, -12067.350035071373, False, 3.298304796218872, 177, 0.04996170339735633, 0, 100000, 38.78826904296875, 66365.6796875
10499, -13161.394720897079, False, 8.698217630386353, 453, 0.04996170339735633, 0, 100000, 39.01942443847656, 66213.671875
10500, 8452.856462657452, True, 10.29131555557251, 542, 0.04996170339735633, 0, 100000, 38.16920471191406, 66231.703125
10501, -17480.654474863783, False, 19.785847425460815, 1008, 0.04996170339735633, 0, 100000, 39.97700119018555, 66401.234375
10502, 8399.847232401371, True, 11.239312171936035, 588, 0.04996170339735633, 0, 100000, 39.2887077331543, 67246.9765625
10503, -11163.959873586893, False, 2.805302858352661, 141, 0.04996170339735633, 0, 100000, 37.6666259765625, 66052.1953125
10504, -12866.120550513268, False, 8.2880699634552, 431, 0.04996170339735633, 0, 100000, 42.814483642578125, 67750.7734375
10505, 10129.968336433172, True, 6.505454778671265, 333, 0.04996170339735633, 0, 100000, 37.777931213378906, 67194.984375
10506, -13280.76204688847, False, 9.409791469573975, 482, 0.04996170339735633, 0, 100000, 40.67256546020508, 66885.546875
10507, 9322.676500618458, True, 9.601791858673096, 501, 0.04996170339735633, 0, 100000, 39.245262145996094, 67564.3359375
10508, -11349.458548225462, False, 2.816347122192383, 144, 0.04996170339735633, 0, 100000, 39.96511459350586, 67497.5390625
10509, 9374.026571556926, True, 9.754701614379883, 501, 0.04996170339735633, 0, 100000, 43.059112548828125, 66443.5078125
10510, -14471.10468853265, False, 13.419922590255737, 696, 0.04996170339735633, 0, 100000, 41.03057098388672, 66916.625
10511, -12939.4279743433, False, 7.769182920455933, 402, 0.04996170339735633, 0, 100000, 38.95358657836914, 66399.1953125
10512, -13149.638800144196, False, 8.855528593063354, 457, 0.04996170339735633, 0, 100000, 41.725189208984375, 66889.234375
10513, -13787.68006491661, False, 8.355838537216187, 419, 0.04996170339735633, 0, 100000, 40.35889434814453, 67292.9375
10514, 7226.237938374281, True, 10.02157473564148, 518, 0.04996170339735633, 0, 100000, 37.34017562866211, 67779.15625
10515, -16723.286330563948, False, 14.317485809326172, 739, 0.04996170339735633, 0, 100000, 39.3887825012207, 66955.390625
10516, 5904.06814853102, True, 16.426430463790894, 873, 0.04996170339735633, 0, 100000, 42.14993667602539, 66656.1015625
10517, -11986.40541023016, False, 5.158804416656494, 266, 0.04996170339735633, 0, 100000, 44.193565368652344, 64952.3671875
10518, 6463.866766706109, True, 13.052797794342041, 691, 0.04996170339735633, 0, 100000, 38.76858901977539, 65629.328125
10519, -16417.567150741816, False, 9.053423881530762, 469, 0.04996170339735633, 0, 100000, 41.88774490356445, 65975.890625
10520, 5568.258517317474, True, 13.714601039886475, 703, 0.04996170339735633, 0, 100000, 39.07370376586914, 66572.3046875
10521, 2699.254721045494, True, 20.187479257583618, 1072, 0.04996170339735633, 0, 100000, 39.36409378051758, 66569.296875
10522, -14990.731579987332, False, 10.776633024215698, 581, 0.04996170339735633, 0, 100000, 42.43632507324219, 67034.7421875
10523, -14124.08529639244, False, 8.903561353683472, 457, 0.04996170339735633, 0, 100000, 39.828025817871094, 66542.9296875
10524, -12903.20962703228, False, 8.774650812149048, 459, 0.04996170339735633, 0, 100000, 39.33767318725586, 67494.703125
10525, 7549.549959421158, True, 10.361371755599976, 521, 0.04996170339735633, 0, 100000, 39.54447937011719, 68378.953125
10526, -12049.221442461014, False, 4.842568874359131, 244, 0.04996170339735633, 0, 100000, 43.626922607421875, 67827.203125
10527, 10062.071094930172, True, 6.7350380420684814, 339, 0.04996170339735633, 0, 100000, 42.899314880371094, 68375.8359375
10528, 8352.708200871944, True, 11.044843912124634, 581, 0.04996170339735633, 0, 100000, 40.06755065917969, 67566.0
10529, 9181.096680700779, True, 9.929651021957397, 516, 0.04996170339735633, 0, 100000, 40.221431732177734, 67669.3046875
10530, 7380.875622801483, True, 16.97622585296631, 876, 0.04996170339735633, 0, 100000, 41.07351303100586, 68167.7109375
10531, -12322.12043082714, False, 5.4049460887908936, 285, 0.04996170339735633, 0, 100000, 41.78680419921875, 68408.515625
10532, 7623.436199814081, True, 10.030370950698853, 512, 0.04996170339735633, 0, 100000, 41.527523040771484, 68398.2109375
10533, 5965.516322236508, True, 19.977247953414917, 1043, 0.04996170339735633, 0, 100000, 40.586151123046875, 68190.28125
10534, -14202.074665145017, False, 11.417421102523804, 601, 0.04996170339735633, 0, 100000, 39.455963134765625, 67982.5390625
10535, -12240.039786845446, False, 5.732708215713501, 291, 0.04996170339735633, 0, 100000, 39.524234771728516, 67260.1484375
10536, -13185.787378430367, False, 7.710413694381714, 393, 0.04996170339735633, 0, 100000, 43.06998825073242, 68947.546875
10537, -12513.255007980391, False, 6.501457214355469, 332, 0.04996170339735633, 0, 100000, 39.62904739379883, 69003.234375
10538, 7070.661693096161, True, 9.953762531280518, 516, 0.04996170339735633, 0, 100000, 39.292606353759766, 69728.65625
10539, -15128.027581609786, False, 15.565677165985107, 826, 0.04996170339735633, 0, 100000, 39.152130126953125, 69781.0703125
10540, 8529.630165576935, True, 7.686892986297607, 404, 0.04996170339735633, 0, 100000, 39.714839935302734, 70489.328125
10541, 8595.767230629921, True, 10.175043106079102, 531, 0.04996170339735633, 0, 100000, 39.32170867919922, 70425.34375
10542, -12389.667691200972, False, 5.843015670776367, 293, 0.04996170339735633, 0, 100000, 41.908973693847656, 70507.5390625
10543, -12920.374752804637, False, 7.789189577102661, 403, 0.04996170339735633, 0, 100000, 38.93905258178711, 70688.828125
10544, 9481.662414491177, True, 9.666417598724365, 504, 0.04996170339735633, 0, 100000, 40.081260681152344, 70263.765625
10545, -10938.645414590836, False, 1.595266580581665, 77, 0.04996170339735633, 0, 100000, 40.334800720214844, 70102.9140625
10546, 9829.165417715907, True, 8.73998737335205, 440, 0.04996170339735633, 0, 100000, 42.52627944946289, 70747.375
10547, -12736.7947306633, False, 4.394475221633911, 227, 0.04996170339735633, 0, 100000, 40.50061798095703, 71704.6953125
10548, 8267.398749064654, True, 13.421188354492188, 706, 0.04996170339735633, 0, 100000, 40.60832214355469, 71489.8828125
10549, -18479.402409881353, False, 21.210855722427368, 1126, 0.04996170339735633, 0, 100000, 40.67736053466797, 71018.1171875
10550, 8325.300470076501, True, 12.395524740219116, 663, 0.04996170339735633, 0, 100000, 40.644046783447266, 71529.203125
10551, -10855.678967237473, False, 1.3084185123443604, 65, 0.04996170339735633, 0, 100000, 34.55595397949219, 71338.171875
10552, 6750.636222243309, True, 11.783045291900635, 601, 0.04996170339735633, 0, 100000, 38.460487365722656, 71829.59375
10553, -13351.99314713478, False, 7.131012916564941, 356, 0.04996170339735633, 0, 100000, 40.87803268432617, 71656.015625
10554, 9809.140048332512, True, 7.960254669189453, 420, 0.04996170339735633, 0, 100000, 38.886329650878906, 72206.0078125
10555, 8805.121948480606, True, 11.493564367294312, 590, 0.04996170339735633, 0, 100000, 39.90011978149414, 71712.0234375
10556, -11640.192225245759, False, 36.99266958236694, 1998, 0.04996170339735633, 0, 100000, 40.56895446777344, 71659.390625
10557, -16784.915476620197, False, 11.585947513580322, 633, 0.04996170339735633, 0, 100000, 41.81956481933594, 71503.171875
10558, 8567.844195008278, True, 13.423351526260376, 694, 0.04996170339735633, 0, 100000, 39.980438232421875, 71647.7265625
10559, -15857.350543260574, False, 18.834521532058716, 966, 0.04996170339735633, 0, 100000, 40.85892868041992, 72002.578125
10560, 9447.062462478876, True, 9.650820255279541, 503, 0.04996170339735633, 0, 100000, 38.91314697265625, 72055.8828125
10561, 8056.180079460144, True, 11.292389869689941, 579, 0.04996170339735633, 0, 100000, 40.27644729614258, 72332.125
10562, 9431.721797376871, True, 9.396121740341187, 473, 0.04996170339735633, 0, 100000, 40.28712844848633, 71982.484375
10563, 7805.791798144579, True, 8.596887826919556, 446, 0.04996170339735633, 0, 100000, 40.50705337524414, 71197.5078125
10564, -13767.484463095665, False, 5.564534902572632, 286, 0.04996170339735633, 0, 100000, 34.8754768371582, 71519.609375
10565, 7896.9971292465925, True, 11.530556678771973, 594, 0.04996170339735633, 0, 100000, 39.335025787353516, 71793.625
10566, 7794.234572000802, True, 15.089582681655884, 799, 0.04996170339735633, 0, 100000, 39.5005989074707, 71521.546875
10567, -11006.613431707025, False, 1.8566224575042725, 93, 0.04996170339735633, 0, 100000, 40.31385040283203, 70778.25
10568, 8110.336226716638, True, 14.30917501449585, 737, 0.04996170339735633, 0, 100000, 40.59446716308594, 71642.4375
10569, -13186.214203544892, False, 8.602596759796143, 456, 0.04996170339735633, 0, 100000, 39.85057830810547, 71269.421875
10570, -13956.095976658165, False, 11.948540687561035, 619, 0.04996170339735633, 0, 100000, 41.44570541381836, 71889.25
10571, 8771.767778128386, True, 9.985490083694458, 511, 0.04996170339735633, 0, 100000, 40.433963775634766, 71112.4375
10572, -13811.677907913923, False, 7.985959053039551, 415, 0.04996170339735633, 0, 100000, 39.145851135253906, 71777.609375
10573, 9758.839683100581, True, 7.723343372344971, 392, 0.04996170339735633, 0, 100000, 39.38388442993164, 71047.7578125
10574, -13465.899299841374, False, 8.83762240409851, 459, 0.04996170339735633, 0, 100000, 38.259883880615234, 71870.3046875
10575, 7812.942027747631, True, 10.775064945220947, 554, 0.04996170339735633, 0, 100000, 37.925777435302734, 71812.40625
10576, 5782.40716564469, True, 22.215105295181274, 1146, 0.04996170339735633, 0, 100000, 40.23125457763672, 71694.796875
10577, -13367.264990329742, False, 8.695977687835693, 463, 0.04996170339735633, 0, 100000, 39.795467376708984, 71826.1015625
10578, 7925.630019232631, True, 11.779359102249146, 599, 0.04996170339735633, 0, 100000, 39.34160614013672, 71688.140625
10579, -15038.710355043411, False, 7.775169610977173, 400, 0.04996170339735633, 0, 100000, 40.592220306396484, 71248.3359375
10580, -15278.06454527378, False, 10.610803365707397, 549, 0.04996170339735633, 0, 100000, 38.955204010009766, 71602.4375
10581, 8462.711586610414, True, 9.397854328155518, 486, 0.04996170339735633, 0, 100000, 38.61290740966797, 72224.4375
10582, -11071.152300357819, False, 1.9385030269622803, 99, 0.04996170339735633, 0, 100000, 36.52178192138672, 72481.5546875
10583, -11187.861611366272, False, 2.701230049133301, 136, 0.04996170339735633, 0, 100000, 36.78956985473633, 72202.5625
10584, 8427.015864938498, True, 9.609944820404053, 493, 0.04996170339735633, 0, 100000, 40.54973602294922, 72651.671875
10585, 7535.594410791993, True, 17.058358669281006, 882, 0.04996170339735633, 0, 100000, 41.63529968261719, 73301.0078125
10586, 7869.235787391663, True, 15.206711053848267, 807, 0.04996170339735633, 0, 100000, 38.00904846191406, 72558.6796875
10587, 4754.178481161594, True, 23.04628014564514, 1227, 0.04996170339735633, 0, 100000, 40.45746612548828, 72512.9296875
10588, 3359.076033964753, True, 22.14313578605652, 1205, 0.04996170339735633, 0, 100000, 38.51786422729492, 73220.96875
10589, 6425.223848029971, True, 20.424097537994385, 1106, 0.04996170339735633, 0, 100000, 38.2143440246582, 72671.421875
10590, 4555.031210355461, True, 22.714831352233887, 1198, 0.04996170339735633, 0, 100000, 41.16681671142578, 73107.0625
10591, -14708.53824492544, False, 14.06598973274231, 753, 0.04996170339735633, 0, 100000, 41.67904281616211, 73089.8046875
10592, 9568.026963114738, True, 8.947876930236816, 478, 0.04996170339735633, 0, 100000, 38.461891174316406, 72804.5859375
10593, -10971.4612429142, False, 1.7673392295837402, 88, 0.04996170339735633, 0, 100000, 39.952693939208984, 73160.6796875
10594, 8755.454436335713, True, 9.733083963394165, 494, 0.04996170339735633, 0, 100000, 40.76565933227539, 73272.625
10595, -12687.132959842682, False, 5.051742315292358, 254, 0.04996170339735633, 0, 100000, 43.20018005371094, 73838.5234375
10596, -12908.259283713996, False, 8.605350255966187, 448, 0.04996170339735633, 0, 100000, 39.51699447631836, 73825.4140625
10597, 10248.017016291618, True, 6.066143274307251, 316, 0.04996170339735633, 0, 100000, 38.541099548339844, 72976.25
10598, 7389.502851780504, True, 14.061239242553711, 737, 0.04996170339735633, 0, 100000, 38.869720458984375, 73578.8046875
10599, 8225.191879346967, True, 13.729793071746826, 715, 0.04996170339735633, 0, 100000, 41.28679656982422, 73448.6171875
10600, -12846.702514529228, False, 6.508938550949097, 333, 0.04996170339735633, 0, 100000, 38.334712982177734, 73110.5546875
10601, -12506.21307760477, False, 6.02302885055542, 299, 0.04996170339735633, 0, 100000, 38.25571060180664, 72777.578125
10602, 9477.712835341692, True, 9.308935165405273, 487, 0.04996170339735633, 0, 100000, 41.33256912231445, 73474.890625
10603, -14149.015093274415, False, 10.583445310592651, 540, 0.04996170339735633, 0, 100000, 39.16218566894531, 73173.0234375
10604, -17054.681028097868, False, 11.063015937805176, 575, 0.04996170339735633, 0, 100000, 38.93947219848633, 73205.2734375
10605, -13895.991683393717, False, 12.218350648880005, 638, 0.04996170339735633, 0, 100000, 39.44430923461914, 74152.6640625
10606, 10073.027294428088, True, 6.894787311553955, 345, 0.04996170339735633, 0, 100000, 38.478729248046875, 74143.703125
10607, -15069.569284237921, False, 16.011775255203247, 833, 0.04996170339735633, 0, 100000, 42.10076904296875, 73742.140625
10608, 10581.055113896728, True, 5.049684762954712, 256, 0.04996170339735633, 0, 100000, 41.17241287231445, 74107.859375
10609, -11570.099985957146, False, 3.5249226093292236, 176, 0.04996170339735633, 0, 100000, 38.392539978027344, 73485.1953125
10610, -13061.32873904705, False, 8.986778497695923, 460, 0.04996170339735633, 0, 100000, 40.87218475341797, 74532.125
10611, -14075.649499595165, False, 9.94633173942566, 536, 0.04996170339735633, 0, 100000, 39.76054763793945, 74434.125
10612, -13999.69386100769, False, 8.87403917312622, 451, 0.04996170339735633, 0, 100000, 42.24709701538086, 74087.453125
10613, 8421.10406795144, True, 12.554764986038208, 654, 0.04996170339735633, 0, 100000, 40.012596130371094, 74837.7578125
10614, -11200.761610984802, False, 1.6992220878601074, 82, 0.04996170339735633, 0, 100000, 39.13539123535156, 73342.578125
10615, -12324.32230463624, False, 6.9270875453948975, 354, 0.04996170339735633, 0, 100000, 42.190826416015625, 74113.9921875
10616, -13288.641692757607, False, 7.919809103012085, 397, 0.04996170339735633, 0, 100000, 40.94133758544922, 75277.5078125
10617, -14802.788651287556, False, 9.53624439239502, 492, 0.04996170339735633, 0, 100000, 38.46306228637695, 74558.125
10618, 6753.493967213202, True, 15.59658670425415, 818, 0.04996170339735633, 0, 100000, 39.971256256103516, 74417.2578125
10619, -13929.87635064125, False, 10.398053884506226, 548, 0.04996170339735633, 0, 100000, 40.54207992553711, 74341.9453125
10620, -12861.956510305405, False, 7.215189695358276, 374, 0.04996170339735633, 0, 100000, 35.529476165771484, 73491.140625
10621, -12654.619096532464, False, 7.2484450340271, 377, 0.04996170339735633, 0, 100000, 41.901248931884766, 75313.0390625
10622, -14031.245456695557, False, 11.206421136856079, 585, 0.04996170339735633, 0, 100000, 40.218055725097656, 74655.0390625
10623, -13693.329057753086, False, 9.542780637741089, 495, 0.04996170339735633, 0, 100000, 39.978145599365234, 75478.2109375
10624, -14163.650853917003, False, 11.014941453933716, 570, 0.04996170339735633, 0, 100000, 37.96524429321289, 75577.6015625
10625, -16793.852841876447, False, 14.871011734008789, 757, 0.04996170339735633, 0, 100000, 39.02794647216797, 75907.6328125
10626, -15705.04274481535, False, 11.470258235931396, 587, 0.04996170339735633, 0, 100000, 40.512062072753906, 76083.8046875
10627, -13338.469997704029, False, 8.143240213394165, 424, 0.04996170339735633, 0, 100000, 36.42373275756836, 75995.921875
10628, 9249.907675784081, True, 9.907226324081421, 511, 0.04996170339735633, 0, 100000, 40.89913558959961, 76887.9296875
10629, -11955.917194843292, False, 3.345329523086548, 172, 0.04996170339735633, 0, 100000, 36.90937805175781, 77070.2421875
10630, 9186.39454753697, True, 9.545936584472656, 495, 0.04996170339735633, 0, 100000, 35.9867057800293, 76860.875
10631, -11966.564526319504, False, 2.9582104682922363, 156, 0.04996170339735633, 0, 100000, 37.06953430175781, 77593.6640625
10632, -11564.58310008049, False, 3.1711153984069824, 163, 0.04996170339735633, 0, 100000, 41.52278518676758, 77243.7578125
10633, 8956.141062220559, True, 11.247403383255005, 576, 0.04996170339735633, 0, 100000, 42.405067443847656, 78415.28125
10634, 8941.510824263096, True, 11.126909494400024, 581, 0.04996170339735633, 0, 100000, 39.55313491821289, 77977.4609375
10635, -11820.58860206604, False, 3.887956380844116, 197, 0.04996170339735633, 0, 100000, 40.14210510253906, 76896.0078125
10636, -12927.101234018803, False, 8.688173770904541, 440, 0.04996170339735633, 0, 100000, 42.03440475463867, 78060.7421875
10637, -13128.235922396183, False, 8.434420108795166, 439, 0.04996170339735633, 0, 100000, 39.834957122802734, 78357.3359375
10638, -12907.810060478747, False, 8.575934648513794, 436, 0.04996170339735633, 0, 100000, 40.82386779785156, 78260.2265625
10639, -14952.671914216131, False, 13.153664588928223, 688, 0.04996170339735633, 0, 100000, 39.559207916259766, 78149.671875
10640, -11568.906807661057, False, 3.6289916038513184, 184, 0.04996170339735633, 0, 100000, 38.939979553222656, 78200.9296875
10641, 10297.590055167675, True, 6.031609773635864, 313, 0.04996170339735633, 0, 100000, 40.780235290527344, 78045.0390625
10642, 8471.446041420102, True, 12.502294301986694, 649, 0.04996170339735633, 0, 100000, 41.465911865234375, 79264.6875
10643, -16089.954559605569, False, 18.790053129196167, 971, 0.04996170339735633, 0, 100000, 41.30497360229492, 79321.765625
10644, 10779.483598411083, True, 4.400719404220581, 228, 0.04996170339735633, 0, 100000, 36.62406921386719, 79655.2734375
10645, 8577.45441160351, True, 11.63520622253418, 607, 0.04996170339735633, 0, 100000, 42.5798225402832, 79900.796875
10646, -11519.92246890068, False, 3.146538734436035, 162, 0.04996170339735633, 0, 100000, 39.09326934814453, 79910.953125
10647, 8604.90302658081, True, 11.67341947555542, 600, 0.04996170339735633, 0, 100000, 42.337947845458984, 79666.0
10648, -16658.39360871911, False, 19.090692043304443, 1005, 0.04996170339735633, 0, 100000, 41.34203338623047, 80328.9921875
10649, 9099.35160940513, True, 10.163118124008179, 540, 0.04996170339735633, 0, 100000, 39.09440612792969, 80348.5078125
10650, -14956.221417956054, False, 12.283396244049072, 644, 0.04996170339735633, 0, 100000, 41.84429168701172, 80344.8671875
10651, -12600.318957209587, False, 7.071218490600586, 363, 0.04996170339735633, 0, 100000, 38.15082550048828, 80868.0234375
10652, 5272.949556231499, True, 15.830817699432373, 816, 0.04996170339735633, 0, 100000, 39.73735046386719, 81146.734375
10653, -18879.189860790968, False, 21.988351345062256, 1174, 0.04996170339735633, 0, 100000, 39.585811614990234, 81173.296875
10654, -12855.252093464136, False, 7.302408456802368, 382, 0.04996170339735633, 0, 100000, 38.56605529785156, 81665.5078125
10655, 8748.952818335965, True, 7.576228857040405, 393, 0.04996170339735633, 0, 100000, 41.74397659301758, 81200.4921875
10656, 8173.383880615234, True, 13.485035181045532, 691, 0.04996170339735633, 0, 100000, 42.52809524536133, 82701.734375
10657, -12934.410721354187, False, 5.948803901672363, 302, 0.04996170339735633, 0, 100000, 42.3990364074707, 82900.6484375
10658, 6487.445250868797, True, 14.831253290176392, 770, 0.04996170339735633, 0, 100000, 40.29343032836914, 83450.1328125
10659, -11230.914042532444, False, 2.3067545890808105, 116, 0.04996170339735633, 0, 100000, 43.62995910644531, 82388.4296875
10660, -13117.635882575065, False, 8.333906173706055, 423, 0.04996170339735633, 0, 100000, 40.4915657043457, 83219.71875
10661, -13767.37876625359, False, 9.918506383895874, 516, 0.04996170339735633, 0, 100000, 39.20399475097656, 82473.328125
10662, 8216.08821141161, True, 12.987807989120483, 658, 0.04996170339735633, 0, 100000, 41.5656852722168, 83487.328125
10663, -15306.483063796535, False, 13.616369247436523, 702, 0.04996170339735633, 0, 100000, 40.698368072509766, 83450.8984375
10664, -17861.500043809414, False, 16.0935001373291, 835, 0.04996170339735633, 0, 100000, 39.23568344116211, 83499.421875
10665, -12992.156022027135, False, 8.381823778152466, 437, 0.04996170339735633, 0, 100000, 42.015647888183594, 82935.1015625
10666, 9909.347112298012, True, 7.3165602684021, 375, 0.04996170339735633, 0, 100000, 41.640594482421875, 83570.125
10667, -14945.61024042964, False, 14.031233310699463, 733, 0.04996170339735633, 0, 100000, 40.22856521606445, 83982.421875
10668, -17540.420891180634, False, 11.695750713348389, 616, 0.04996170339735633, 0, 100000, 39.26203155517578, 83819.5625
10669, -16988.790312170982, False, 12.046966552734375, 633, 0.04996170339735633, 0, 100000, 40.738651275634766, 84861.7890625
10670, -13591.830084681511, False, 10.425098896026611, 536, 0.04996170339735633, 0, 100000, 40.525821685791016, 86628.25
10671, -14077.771100342274, False, 10.218504428863525, 523, 0.04996170339735633, 0, 100000, 39.670040130615234, 85334.7265625
10672, 7918.836256027222, True, 13.892795085906982, 721, 0.04996170339735633, 0, 100000, 40.0953369140625, 86705.5390625
10673, -11695.694318637252, False, 4.182587385177612, 211, 0.04996170339735633, 0, 100000, 41.66445541381836, 86184.53125
10674, 9760.150354385376, True, 7.301613807678223, 376, 0.04996170339735633, 0, 100000, 41.349151611328125, 86269.359375
10675, -13181.217493772507, False, 8.710658311843872, 449, 0.04996170339735633, 0, 100000, 41.0384521484375, 86729.4765625
10676, -14849.8936124295, False, 11.490211009979248, 594, 0.04996170339735633, 0, 100000, 38.84027099609375, 86418.171875
10677, -18857.462759658694, False, 16.63417911529541, 886, 0.04996170339735633, 0, 100000, 42.141719818115234, 86507.46875
10678, 9688.881063818932, True, 7.624264240264893, 386, 0.04996170339735633, 0, 100000, 39.50408172607422, 86557.578125
10679, -11828.011114001274, False, 4.575965404510498, 231, 0.04996170339735633, 0, 100000, 39.015968322753906, 86641.6484375
10680, 8777.141452908516, True, 11.983680963516235, 609, 0.04996170339735633, 0, 100000, 42.88113021850586, 86996.4375
10681, 9027.202652990818, True, 11.186830043792725, 572, 0.04996170339735633, 0, 100000, 42.84721755981445, 87031.578125
10682, -12778.848281860352, False, 4.474089622497559, 225, 0.04996170339735633, 0, 100000, 42.43333053588867, 86321.2890625
10683, 8752.973943844438, True, 11.42955994606018, 586, 0.04996170339735633, 0, 100000, 41.44561767578125, 87534.7265625
10684, -10980.98930811882, False, 1.6485013961791992, 83, 0.04996170339735633, 0, 100000, 37.86240005493164, 88481.265625
10685, 9573.555650949478, True, 8.03463625907898, 410, 0.04996170339735633, 0, 100000, 41.165740966796875, 87412.546875
10686, -17495.568012669683, False, 19.94720983505249, 1038, 0.04996170339735633, 0, 100000, 41.24604415893555, 88147.40625
10687, -11569.085954904556, False, 3.7763912677764893, 194, 0.04996170339735633, 0, 100000, 44.176509857177734, 87442.125
10688, 10565.22931611538, True, 4.852035284042358, 248, 0.04996170339735633, 0, 100000, 38.34219741821289, 87534.3671875
10689, -11617.048156142235, False, 3.4317729473114014, 176, 0.04996170339735633, 0, 100000, 36.92473602294922, 88690.140625
10690, -15201.1246060431, False, 10.217975378036499, 522, 0.04996170339735633, 0, 100000, 41.9803352355957, 89131.1953125
10691, 6472.69374614954, True, 14.732405424118042, 760, 0.04996170339735633, 0, 100000, 40.510860443115234, 88439.2734375
10692, -13815.144749164581, False, 9.853697776794434, 510, 0.04996170339735633, 0, 100000, 42.02635192871094, 88743.75
10693, -13427.84083276987, False, 9.133298397064209, 458, 0.04996170339735633, 0, 100000, 38.33560562133789, 88149.4765625
10694, -12853.252712830901, False, 8.181237936019897, 419, 0.04996170339735633, 0, 100000, 39.63639831542969, 88835.015625
10695, 8762.765293627977, True, 11.72209882736206, 605, 0.04996170339735633, 0, 100000, 43.508689880371094, 89103.421875
10696, 6661.753362044692, True, 18.011888027191162, 928, 0.04996170339735633, 0, 100000, 40.244998931884766, 89455.2421875
10697, -16455.379267334938, False, 16.622121810913086, 867, 0.04996170339735633, 0, 100000, 41.044742584228516, 89559.09375
10698, -14116.08846126683, False, 10.358492136001587, 538, 0.04996170339735633, 0, 100000, 42.004981994628906, 89134.1328125
10699, 10868.634251475334, True, 4.171228647232056, 217, 0.04996170339735633, 0, 100000, 41.09040069580078, 88465.7578125
10700, 9813.538541659713, True, 9.443411588668823, 425, 0.04996170339735633, 0, 100000, 40.306602478027344, 89051.7421875
10701, -13176.361420929432, False, 12.357309579849243, 553, 0.04996170339735633, 0, 100000, 42.36288070678711, 89106.1796875
10702, -11019.600250974298, False, 2.976872205734253, 136, 0.04996170339735633, 0, 100000, 38.86515808105469, 88557.1484375
10703, -13810.495458602905, False, 7.579194068908691, 331, 0.04996170339735633, 0, 100000, 38.84539794921875, 88473.078125
10704, 5399.860773906112, True, 25.74492383003235, 1179, 0.04996170339735633, 0, 100000, 40.817176818847656, 89585.4296875
10705, -11943.15960264206, False, 5.636776924133301, 258, 0.04996170339735633, 0, 100000, 42.11106872558594, 89629.921875
10706, -11958.039840631187, False, 7.400186061859131, 330, 0.04996170339735633, 0, 100000, 39.595802307128906, 89315.71875
