episode, reward, success, duration, n_steps, epsilon, success_count, memory length, avg_critic_loss, avg_actor_loss
1401, 8281.628350138664, True, 1.8427886962890625, 146, 0.44959874735743227, 0, 145, 0.8730118870735168, -5309.42822265625
1402, -7178.687664849684, False, 12.786611318588257, 154, 0.44959874735743227, 0, 298, 34.555015563964844, -35133.2421875
1403, -7555.214223346207, False, 12.133588552474976, 150, 0.44959874735743227, 0, 447, 29.555273056030273, -24619.822265625
1404, -7501.381458904711, False, 12.937997341156006, 164, 0.44959874735743227, 0, 610, 32.80915069580078, -17075.69140625
1405, 7974.253173578996, True, 20.344683170318604, 258, 0.44959874735743227, 0, 867, 37.054954528808594, -17176.24609375
1406, -7215.9655883312225, False, 1.4047443866729736, 18, 0.44959874735743227, 0, 884, 44.68191909790039, -16519.212890625
1407, -7426.780923212005, False, 19.080745458602905, 249, 0.44959874735743227, 0, 1132, 36.015750885009766, -15403.60546875
1408, 7848.9445939175785, True, 10.073513507843018, 122, 0.44959874735743227, 0, 1253, 34.47618103027344, -13414.876953125
1409, 8047.132720559835, True, 11.18199110031128, 138, 0.44959874735743227, 0, 1390, 39.16795349121094, -14840.53125
1410, -6993.700041618649, False, 52.538153648376465, 631, 0.44959874735743227, 0, 2020, 37.7880744934082, -14386.529296875
1411, 8111.088488154113, True, 19.105645179748535, 229, 0.44959874735743227, 0, 2248, 36.16974639892578, -14253.984375
1412, 8168.657599328086, True, 19.412694215774536, 229, 0.44959874735743227, 0, 2476, 36.31303024291992, -16060.2275390625
1413, -7289.637934818864, False, 3.080509662628174, 41, 0.44959874735743227, 0, 2516, 45.1079216003418, -16279.1279296875
1414, 7918.516796678305, True, 15.199262619018555, 194, 0.44959874735743227, 0, 2709, 32.9317626953125, -16142.591796875
1415, -7380.043223018292, False, 29.448399543762207, 376, 0.44959874735743227, 0, 3084, 38.26555633544922, -16737.236328125
1416, 8197.764427400194, True, 18.281864881515503, 226, 0.44959874735743227, 0, 3309, 37.285274505615234, -16619.447265625
1417, 7874.448430998251, True, 19.192816495895386, 244, 0.44959874735743227, 0, 3552, 42.76768112182617, -17540.5546875
1418, 8303.45842885971, True, 20.355407238006592, 254, 0.44959874735743227, 0, 3805, 35.04917526245117, -18075.73828125
1419, -7667.302955523133, False, 5.496414422988892, 69, 0.44959874735743227, 0, 3873, 34.59669494628906, -17858.66015625
1420, 7989.866328586359, True, 11.642446756362915, 135, 0.44959874735743227, 0, 4007, 35.402587890625, -17685.1953125
1421, -7224.230629665777, False, 10.383040428161621, 120, 0.44959874735743227, 0, 4126, 42.42536163330078, -17714.060546875
1422, 8065.910479012877, True, 7.878862619400024, 96, 0.44959874735743227, 0, 4221, 49.179012298583984, -17225.080078125
1423, -7160.347403675318, False, 13.981433391571045, 161, 0.44959874735743227, 0, 4381, 45.289974212646484, -17741.419921875
1424, -7279.07454027608, False, 9.976784944534302, 127, 0.44959874735743227, 0, 4507, 45.33503341674805, -16892.841796875
1425, -7238.305787265301, False, 6.281201362609863, 77, 0.44959874735743227, 0, 4583, 33.904666900634766, -17433.6484375
1426, -6885.2971894443035, False, 11.732389688491821, 143, 0.44959874735743227, 0, 4725, 40.96742630004883, -16546.39453125
1427, -7383.015884470195, False, 10.802945613861084, 133, 0.44959874735743227, 0, 4857, 42.869598388671875, -15596.65234375
1428, 8192.434708110988, True, 13.1737802028656, 170, 0.44959874735743227, 0, 5026, 42.33811569213867, -15111.0107421875
1429, -7760.6939956387505, False, 22.08423399925232, 288, 0.44959874735743227, 0, 5313, 43.48779296875, -15583.9423828125
1430, 8262.68979388941, True, 17.480767488479614, 219, 0.44959874735743227, 0, 5531, 43.022003173828125, -15909.48828125
1431, -7372.619851127267, False, 14.728701114654541, 186, 0.44959874735743227, 0, 5716, 41.62929916381836, -16000.3896484375
1432, -7457.735274922103, False, 9.97240948677063, 126, 0.44959874735743227, 0, 5841, 39.55314636230469, -15530.4736328125
1433, -7011.774885113817, False, 11.8816499710083, 151, 0.44959874735743227, 0, 5991, 44.431278228759766, -13975.1953125
1434, -8676.996163956821, False, 10.148203372955322, 128, 0.44959874735743227, 0, 6118, 50.904354095458984, -13511.2900390625
1435, 7973.437449501827, True, 6.071747541427612, 77, 0.44959874735743227, 0, 6194, 45.30258560180664, -11506.138671875
1436, 8119.580127662048, True, 8.793569087982178, 116, 0.44959874735743227, 0, 6309, 50.785526275634766, -12019.6953125
1437, -7045.00800319016, False, 17.614471673965454, 229, 0.44959874735743227, 0, 6537, 48.61878204345703, -11957.3642578125
1438, 8045.666624435224, True, 4.304927349090576, 62, 0.44959874735743227, 0, 6598, 55.65176773071289, -11290.318359375
1439, -7224.840772941709, False, 2.7807841300964355, 37, 0.44959874735743227, 0, 6634, 41.6920280456543, -13537.7841796875
1440, -7236.8600163985975, False, 5.617616891860962, 74, 0.44959874735743227, 0, 6707, 52.00884246826172, -12239.6298828125
1441, -7086.885471358895, False, 9.1361403465271, 118, 0.44959874735743227, 0, 6824, 50.38036346435547, -11381.732421875
1442, 8053.524366240366, True, 7.240551710128784, 96, 0.44959874735743227, 0, 6919, 54.55942153930664, -11789.5263671875
1443, -7470.238780175336, False, 14.727745771408081, 189, 0.44959874735743227, 0, 7107, 51.134185791015625, -12528.212890625
1444, 8048.048501804471, True, 15.476683616638184, 202, 0.44959874735743227, 0, 7308, 55.41802215576172, -12846.7041015625
1445, -7163.94026369974, False, 14.269886493682861, 184, 0.44959874735743227, 0, 7491, 52.57184982299805, -13022.3564453125
1446, -7224.205605410039, False, 5.847479820251465, 79, 0.44959874735743227, 0, 7569, 50.688838958740234, -12771.7236328125
1447, 8170.5013238191605, True, 11.089465856552124, 140, 0.44959874735743227, 0, 7708, 54.233314514160156, -13729.61328125
1448, -7129.753120444715, False, 5.476807594299316, 66, 0.44959874735743227, 0, 7773, 57.27406692504883, -12934.765625
1449, -7505.952763207257, False, 9.528546571731567, 121, 0.44959874735743227, 0, 7893, 49.09931182861328, -13164.4150390625
1450, 8159.375178538263, True, 11.255557537078857, 147, 0.44959874735743227, 0, 8039, 59.9532585144043, -13538.7421875
1451, -7135.866057559848, False, 8.121147871017456, 109, 0.44959874735743227, 0, 8147, 53.63705825805664, -13913.6884765625
1452, 8095.1238367022015, True, 7.31341552734375, 96, 0.44959874735743227, 0, 8242, 63.203670501708984, -13798.1376953125
1453, -8508.375135922804, False, 5.860060453414917, 77, 0.44959874735743227, 0, 8318, 52.61411666870117, -12682.8173828125
1454, 8186.598197915475, True, 12.159636497497559, 158, 0.44959874735743227, 0, 8475, 56.870845794677734, -12456.841796875
1455, -7496.274856425822, False, 5.2002112865448, 71, 0.44959874735743227, 0, 8545, 49.84203338623047, -12609.3369140625
1456, -7344.189325640909, False, 8.04511547088623, 104, 0.44959874735743227, 0, 8648, 50.10462951660156, -12828.4150390625
1457, -8025.513497164473, False, 14.19194221496582, 180, 0.44959874735743227, 0, 8827, 51.56211471557617, -13505.107421875
1458, -7728.217582017183, False, 9.555329322814941, 124, 0.44959874735743227, 0, 8950, 63.58320236206055, -12566.2734375
1459, -7367.12152042985, False, 9.706702470779419, 122, 0.44959874735743227, 0, 9071, 61.6822395324707, -10991.396484375
1460, 8257.657391811641, True, 16.011054515838623, 207, 0.44959874735743227, 0, 9277, 61.33618927001953, -12600.4296875
1461, -7280.0721304267645, False, 6.637487888336182, 81, 0.44959874735743227, 0, 9357, 52.997093200683594, -12006.4501953125
1462, -7388.846845731139, False, 10.262945890426636, 129, 0.44959874735743227, 0, 9485, 62.43404006958008, -11620.126953125
1463, -7667.1266398355365, False, 8.839699506759644, 109, 0.44959874735743227, 0, 9593, 58.63526153564453, -12100.650390625
1464, 8131.734718323132, True, 11.169378995895386, 142, 0.44959874735743227, 0, 9734, 61.96867370605469, -10936.3798828125
1465, -7371.6331624388695, False, 4.707203388214111, 66, 0.44959874735743227, 0, 9799, 53.988338470458984, -13083.591796875
1466, -8337.900104353204, False, 17.711724996566772, 221, 0.44959874735743227, 0, 10019, 58.842376708984375, -11838.890625
1467, 8153.3393086493015, True, 10.213316679000854, 134, 0.44959874735743227, 0, 10152, 68.15274047851562, -9647.6494140625
1468, -8583.505771526136, False, 7.949699401855469, 100, 0.44959874735743227, 0, 10251, 53.6079216003418, -10578.3076171875
1469, -9331.635367015377, False, 22.460590600967407, 280, 0.44959874735743227, 0, 10530, 59.90674591064453, -9238.8994140625
1470, -11775.969529192895, False, 18.48838782310486, 349, 0.44959874735743227, 0, 10878, 59.24436950683594, -8969.5390625
1471, 8131.3400303395465, True, 4.155492305755615, 97, 0.44959874735743227, 0, 10974, 58.23711395263672, -7559.21923828125
1472, -9852.812643527985, False, 6.089203119277954, 146, 0.44959874735743227, 0, 11119, 61.699012756347656, -7722.95556640625
1473, -10630.772202074062, False, 16.372242212295532, 384, 0.44959874735743227, 0, 11502, 62.53225326538086, -8557.3818359375
1474, -11972.189462251496, False, 19.36647629737854, 453, 0.44959874735743227, 0, 11954, 62.01884078979492, -6355.51220703125
1475, 8306.20512665715, True, 10.33463740348816, 241, 0.44959874735743227, 0, 12194, 68.08705139160156, -3430.634033203125
1476, -12755.833199786954, False, 13.59361743927002, 311, 0.44959874735743227, 0, 12504, 68.33746337890625, -3789.13623046875
1477, 8315.68587627355, True, 10.199222803115845, 235, 0.44959874735743227, 0, 12738, 69.00919342041016, -2420.232177734375
1478, -7910.372732471675, False, 4.588104486465454, 112, 0.44959874735743227, 0, 12849, 67.78744506835938, -3578.400390625
1479, -16723.379180967808, False, 28.29003620147705, 651, 0.44959874735743227, 0, 13499, 68.55216217041016, -2310.48193359375
1480, 8242.496541913599, True, 9.40958571434021, 222, 0.44959874735743227, 0, 13720, 67.58513641357422, 2998.445068359375
1481, -12029.931195914745, False, 9.757910966873169, 233, 0.44959874735743227, 0, 13952, 70.10679626464844, 3276.401123046875
1482, 8135.423623609822, True, 7.043611526489258, 169, 0.44959874735743227, 0, 14120, 67.73934936523438, 5485.47900390625
1483, 6141.915046718903, True, 17.449949741363525, 406, 0.44959874735743227, 0, 14525, 73.70002746582031, 6132.31787109375
1484, -7761.713902925141, False, 5.228287935256958, 123, 0.44959874735743227, 0, 14647, 67.73048400878906, 4998.451171875
1485, -9614.796573533677, False, 12.044424533843994, 283, 0.44959874735743227, 0, 14929, 73.00363159179688, 5595.18115234375
1486, -13747.773753049667, False, 22.621954917907715, 507, 0.44959874735743227, 0, 15435, 70.67376708984375, 5860.5009765625
1487, -6813.7192530706525, False, 8.869016408920288, 204, 0.44959874735743227, 0, 15638, 70.22970581054688, 6753.39697265625
1488, 8307.586431451142, True, 8.77872896194458, 202, 0.44959874735743227, 0, 15839, 73.1562728881836, 6311.98193359375
1489, -14724.095951147377, False, 21.64789390563965, 495, 0.44959874735743227, 0, 16333, 68.86804962158203, 6289.2705078125
1490, 8061.574810978025, True, 5.907161712646484, 140, 0.44959874735743227, 0, 16472, 65.18440246582031, 6490.3046875
1491, -12567.804237664677, False, 17.892587423324585, 408, 0.44959874735743227, 0, 16879, 69.7259292602539, 7979.0673828125
1492, -9783.247897739522, False, 18.640910148620605, 429, 0.44959874735743227, 0, 17307, 68.8945083618164, 9302.3857421875
1493, -7537.412016164511, False, 9.806780099868774, 227, 0.44959874735743227, 0, 17533, 67.63884735107422, 10276.1416015625
1494, 8273.935342716984, True, 9.493633031845093, 227, 0.44959874735743227, 0, 17759, 64.93799591064453, 9905.291015625
1495, -9332.074076961726, False, 10.268927335739136, 239, 0.44959874735743227, 0, 17997, 68.10652160644531, 6383.11865234375
1496, 8138.31944000721, True, 6.88607931137085, 156, 0.44959874735743227, 0, 18152, 70.13285064697266, 9178.3994140625
1497, -13454.880618852098, False, 26.3392596244812, 603, 0.44959874735743227, 0, 18754, 67.10836791992188, 8483.0341796875
1498, 8265.7571015805, True, 10.06806755065918, 236, 0.44959874735743227, 0, 18989, 68.30369567871094, 11569.845703125
1499, 7180.920133489184, True, 20.80545735359192, 478, 0.44959874735743227, 0, 19466, 67.3507308959961, 10021.2744140625
1500, 7339.024150520563, True, 18.764012336730957, 430, 0.44959874735743227, 0, 19895, 66.40238189697266, 8051.0341796875
1501, -9850.910083830357, False, 31.2705237865448, 725, 0.44959874735743227, 0, 20619, 62.65328598022461, 8026.748046875
1502, 8152.122575467452, True, 9.915077924728394, 232, 0.44959874735743227, 0, 20850, 67.40897369384766, 6561.3642578125
1503, -10415.847032923251, False, 10.115638494491577, 245, 0.44959874735743227, 0, 21094, 59.5832405090332, 6320.4072265625
1504, -7610.980471715331, False, 11.544350147247314, 278, 0.44959874735743227, 0, 21371, 62.040348052978516, 5867.677734375
1505, 8270.822394862771, True, 9.772679805755615, 219, 0.44959874735743227, 0, 21589, 61.93046951293945, 4789.4912109375
1506, -8905.73471385613, False, 5.3984291553497314, 132, 0.44959874735743227, 0, 21720, 64.44415283203125, 5870.3447265625
1507, -7235.98141005449, False, 9.015220880508423, 211, 0.44959874735743227, 0, 21930, 59.29817581176758, 4635.64404296875
1508, 8267.35412022844, True, 9.282339096069336, 206, 0.44959874735743227, 0, 22135, 57.62107467651367, 5239.41650390625
1509, -13685.253665163647, False, 22.490288496017456, 527, 0.44959874735743227, 0, 22661, 58.69922637939453, 3625.617431640625
1510, 8314.777397025377, True, 9.997701168060303, 232, 0.44959874735743227, 0, 22892, 60.610042572021484, 4067.852294921875
1511, -9132.528324663639, False, 17.052916526794434, 393, 0.44959874735743227, 0, 23284, 59.37485122680664, 3228.659912109375
1512, -14397.418015178293, False, 22.62207341194153, 526, 0.44959874735743227, 0, 23809, 60.628387451171875, 3645.019775390625
1513, 8302.99375615269, True, 9.291225910186768, 213, 0.44959874735743227, 0, 24021, 63.4292106628418, 4618.0537109375
1514, 5015.757293879986, True, 23.6963050365448, 539, 0.44959874735743227, 0, 24559, 61.96282958984375, 4904.21435546875
1515, 8281.913025842397, True, 13.59246301651001, 326, 0.44959874735743227, 0, 24884, 60.25260543823242, 4307.4794921875
1516, -16910.538076886907, False, 22.920535564422607, 511, 0.44959874735743227, 0, 25394, 57.81159591674805, 4319.87109375
1517, -6857.369074784219, False, 8.746567487716675, 205, 0.44959874735743227, 0, 25598, 56.00779342651367, 2603.86279296875
1518, -6995.752314610407, False, 10.78257703781128, 249, 0.44959874735743227, 0, 25846, 60.721519470214844, 2946.520263671875
1519, 8295.898585205432, True, 10.153064966201782, 235, 0.44959874735743227, 0, 26080, 59.48786163330078, 3248.390869140625
1520, -7232.22420378495, False, 6.578012704849243, 157, 0.44959874735743227, 0, 26236, 64.72050476074219, 3162.675048828125
1521, 8154.669592678547, True, 4.204911947250366, 97, 0.44959874735743227, 0, 26332, 55.80799102783203, 1493.38525390625
1522, 7765.087789855897, True, 9.530722856521606, 222, 0.44959874735743227, 0, 26553, 53.845680236816406, 2544.277099609375
1523, 8214.68567268923, True, 15.3100426197052, 349, 0.44959874735743227, 0, 26901, 56.82273483276367, 1399.5469970703125
1524, -8694.721369184554, False, 9.022648811340332, 212, 0.44959874735743227, 0, 27112, 57.22698974609375, 885.4019165039062
1525, -14731.602659416501, False, 27.120102882385254, 624, 0.44959874735743227, 0, 27735, 56.40177917480469, 1366.865234375
1526, 7924.2570601524785, True, 9.661389827728271, 229, 0.44959874735743227, 0, 27963, 52.302024841308594, 1746.9852294921875
1527, 2502.232511055656, True, 38.696640729904175, 889, 0.44959874735743227, 0, 28851, 52.86357879638672, 1848.1605224609375
1528, 4214.415346494177, True, 18.706597328186035, 424, 0.44959874735743227, 0, 29274, 55.59417724609375, 1447.297119140625
1529, -14751.057923203334, False, 22.35150980949402, 517, 0.44959874735743227, 0, 29790, 53.288150787353516, 1249.0687255859375
1530, -13098.173422448337, False, 17.023297786712646, 401, 0.44959874735743227, 0, 30190, 54.3973503112793, 2240.2080078125
1531, 8246.05819411762, True, 9.370291233062744, 223, 0.44959874735743227, 0, 30412, 57.45805740356445, 3747.592041015625
1532, 7643.794541125186, True, 26.57112216949463, 606, 0.44959874735743227, 0, 31017, 55.97710418701172, 2608.40087890625
1533, -10588.550241651013, False, 13.892439365386963, 325, 0.44959874735743227, 0, 31341, 56.52054214477539, 1785.9615478515625
1534, -7169.358875532635, False, 5.137042999267578, 118, 0.44959874735743227, 0, 31458, 52.66707992553711, 2763.831787109375
1535, 8087.690624423325, True, 5.646836519241333, 131, 0.44959874735743227, 0, 31588, 55.80950164794922, 3068.1484375
1536, -7356.967029482126, False, 5.47705078125, 129, 0.44959874735743227, 0, 31716, 49.98799514770508, 1988.2860107421875
1537, 8265.419099587947, True, 9.427735328674316, 213, 0.44959874735743227, 0, 31928, 56.86575698852539, 1057.8428955078125
1538, 7347.31591559574, True, 10.862329006195068, 249, 0.44959874735743227, 0, 32176, 52.49618911743164, 1205.0867919921875
1539, 7915.035445135087, True, 22.18813467025757, 504, 0.44959874735743227, 0, 32679, 53.62867736816406, 1012.2139282226562
1540, 8466.234540817328, True, 20.027019500732422, 455, 0.44959874735743227, 0, 33133, 53.47153854370117, -213.42123413085938
1541, -8235.093214571476, False, 6.755969524383545, 162, 0.44959874735743227, 0, 33294, 54.579811096191406, 1033.0010986328125
1542, -9801.740374153713, False, 16.97503399848938, 388, 0.44959874735743227, 0, 33681, 52.88738250732422, -384.8073425292969
1543, 8179.120957207866, True, 7.117000341415405, 169, 0.44959874735743227, 0, 33849, 57.10803985595703, -786.926513671875
1544, -8565.846596526448, False, 6.068221092224121, 140, 0.44959874735743227, 0, 33988, 55.792808532714844, -536.7954711914062
1545, -7976.238182084649, False, 19.5355863571167, 445, 0.44959874735743227, 0, 34432, 52.986873626708984, -231.9647979736328
1546, 8159.747804665938, True, 7.0768702030181885, 167, 0.44959874735743227, 0, 34598, 48.805259704589844, -247.52867126464844
1547, -8148.6139259934425, False, 8.387091398239136, 192, 0.44959874735743227, 0, 34789, 53.89353942871094, -188.54754638671875
1548, 8261.630576401949, True, 9.846826076507568, 226, 0.44959874735743227, 0, 35014, 53.9748420715332, 376.23907470703125
1549, 5166.618473718758, True, 30.7138249874115, 709, 0.44959874735743227, 0, 35722, 53.37140655517578, -1337.63037109375
1550, -8000.536775197834, False, 21.558395385742188, 495, 0.44959874735743227, 0, 36216, 51.10248947143555, -1196.6717529296875
1551, -8211.940375285223, False, 10.552450180053711, 248, 0.44959874735743227, 0, 36463, 53.651729583740234, -1838.8941650390625
1552, 8274.94961143285, True, 10.080389022827148, 231, 0.44959874735743227, 0, 36693, 50.36077880859375, -1359.6025390625
1553, -12311.19403739972, False, 17.734894037246704, 410, 0.44959874735743227, 0, 37102, 52.19950866699219, -1695.958251953125
1554, 8100.696403056383, True, 7.50942325592041, 175, 0.44959874735743227, 0, 37276, 48.53105545043945, -2576.051513671875
1555, -8031.963130254648, False, 5.398432731628418, 127, 0.44959874735743227, 0, 37402, 52.47848129272461, -1938.3885498046875
1556, -16727.96531822346, False, 25.20184636116028, 564, 0.44959874735743227, 0, 37965, 55.15968704223633, -1777.2354736328125
1557, -7813.864423102816, False, 11.082471132278442, 262, 0.44959874735743227, 0, 38226, 54.33749008178711, -737.3797607421875
1558, -7332.48864020966, False, 7.683612823486328, 183, 0.44959874735743227, 0, 38408, 55.953914642333984, -520.1190185546875
1559, 8140.598361629993, True, 3.9993488788604736, 92, 0.44959874735743227, 0, 38499, 55.996280670166016, -906.1295166015625
1560, -10286.41946665803, False, 24.41415500640869, 559, 0.44959874735743227, 0, 39057, 55.73717498779297, -1113.811279296875
1561, -8201.09457154572, False, 8.66854214668274, 207, 0.44959874735743227, 0, 39263, 54.4400749206543, -749.6142578125
1562, 8144.0850512087345, True, 3.9091718196868896, 90, 0.44959874735743227, 0, 39352, 55.166282653808594, -1159.6278076171875
1563, -8272.074156120187, False, 17.242743968963623, 390, 0.44959874735743227, 0, 39741, 52.5118522644043, -1006.9502563476562
1564, -8171.971546174958, False, 11.471493244171143, 260, 0.44959874735743227, 0, 40000, 57.39350891113281, -530.152587890625
1565, 8166.582529820502, True, 9.777833223342896, 224, 0.44959874735743227, 0, 40223, 57.279964447021484, -643.5601806640625
1566, -7109.004341553897, False, 16.518404006958008, 375, 0.44959874735743227, 0, 40597, 51.503875732421875, -1445.13134765625
1567, 8339.9790237993, True, 9.269510746002197, 213, 0.44959874735743227, 0, 40809, 50.74991226196289, -1710.896240234375
1568, -8331.245460703969, False, 11.09231948852539, 264, 0.44959874735743227, 0, 41072, 53.78165817260742, -1242.6920166015625
1569, 8241.295064100996, True, 10.217788934707642, 226, 0.44959874735743227, 0, 41297, 52.795475006103516, -2283.460693359375
1570, -9700.565258098766, False, 11.777552366256714, 276, 0.44959874735743227, 0, 41572, 57.67288589477539, -1653.923828125
1571, -6854.523220054805, False, 9.13270902633667, 207, 0.44959874735743227, 0, 41778, 50.9066047668457, -2556.23291015625
1572, -7372.641287505627, False, 5.5049028396606445, 127, 0.44959874735743227, 0, 41904, 50.48798370361328, -2311.39208984375
1573, -7084.718682039529, False, 9.001113176345825, 207, 0.44959874735743227, 0, 42110, 55.059627532958984, -2258.78466796875
1574, 7703.142565643415, True, 12.976367950439453, 300, 0.44959874735743227, 0, 42409, 52.883018493652344, -2599.890869140625
1575, 7909.945288684219, True, 12.760154485702515, 300, 0.44959874735743227, 0, 42708, 49.903297424316406, -3047.01708984375
1576, -7099.783405005233, False, 8.056767463684082, 191, 0.44959874735743227, 0, 42898, 46.38935089111328, -3574.562255859375
1577, 8230.08232306689, True, 9.905531883239746, 226, 0.44959874735743227, 0, 43123, 52.8459587097168, -2290.0556640625
1578, -8325.700268365443, False, 8.372145414352417, 192, 0.44959874735743227, 0, 43314, 49.87107849121094, -4031.229736328125
1579, 8187.567898742855, True, 14.58371114730835, 333, 0.44959874735743227, 0, 43646, 51.57729721069336, -3069.11474609375
1580, -9247.557669666363, False, 14.157202005386353, 326, 0.44959874735743227, 0, 43971, 50.83586502075195, -4175.68798828125
1581, 6706.848798878491, True, 11.24534296989441, 256, 0.44959874735743227, 0, 44226, 52.199623107910156, -3297.237548828125
1582, -7648.626847941428, False, 17.484771490097046, 395, 0.44959874735743227, 0, 44620, 51.606651306152344, -4168.50048828125
1583, -7201.372131990269, False, 8.453547477722168, 190, 0.44959874735743227, 0, 44809, 48.36806106567383, -4444.79833984375
1584, 5870.058291403577, True, 19.77899146080017, 455, 0.44959874735743227, 0, 45263, 53.565914154052734, -4201.48974609375
1585, -12527.867775681894, False, 39.79650807380676, 884, 0.44959874735743227, 0, 46146, 51.77700424194336, -4360.00927734375
1586, 8076.9585872613825, True, 13.95683765411377, 321, 0.44959874735743227, 0, 46466, 51.316795349121094, -4563.189453125
1587, -8192.609489979455, False, 9.082645893096924, 202, 0.44959874735743227, 0, 46667, 50.38172149658203, -5014.6064453125
1588, 7782.906467524124, True, 16.476630926132202, 374, 0.44959874735743227, 0, 47040, 49.137611389160156, -4922.86474609375
1589, -7722.408105146838, False, 19.236351251602173, 428, 0.44959874735743227, 0, 47467, 54.29768371582031, -5592.271484375
1590, -6900.8947992399335, False, 8.975095748901367, 205, 0.44959874735743227, 0, 47671, 54.07634735107422, -4714.1474609375
1591, -7226.947615489364, False, 12.138267517089844, 269, 0.44959874735743227, 0, 47939, 50.348838806152344, -5993.560546875
1592, 8330.416877130978, True, 10.201342582702637, 237, 0.44959874735743227, 0, 48175, 51.0716552734375, -6010.3681640625
1593, -7145.220409203321, False, 5.878502368927002, 139, 0.44959874735743227, 0, 48313, 47.996368408203125, -4906.08154296875
1594, 7966.369386960752, True, 17.701751470565796, 399, 0.44959874735743227, 0, 48711, 51.57312774658203, -6459.6396484375
1595, -7004.375878190622, False, 16.585071086883545, 369, 0.44959874735743227, 0, 49079, 52.871803283691406, -6654.29052734375
1596, -13294.25545641064, False, 27.208905935287476, 616, 0.44959874735743227, 0, 49694, 52.84141159057617, -6691.84619140625
1597, 8371.87835319154, True, 14.901386499404907, 343, 0.44959874735743227, 0, 50036, 50.241294860839844, -5471.556640625
1598, -14659.018038379028, False, 21.884541034698486, 484, 0.44959874735743227, 0, 50519, 51.248661041259766, -5740.51025390625
1599, 7698.644223852083, True, 9.988635301589966, 241, 0.44959874735743227, 0, 50759, 53.77238082885742, -4964.82958984375
1600, -7804.904115900397, False, 10.400031089782715, 235, 0.44959874735743227, 0, 50993, 49.32798385620117, -6077.3681640625
1601, 8078.174315482378, True, 5.667573928833008, 127, 0.44959874735743227, 0, 51119, 48.13105773925781, -6443.55224609375
1602, 8291.321109847166, True, 18.96539878845215, 429, 0.44959874735743227, 0, 51547, 51.27663803100586, -5980.66162109375
1603, -9521.564991506748, False, 23.35336971282959, 525, 0.44959874735743227, 0, 52071, 48.48378372192383, -6185.5166015625
1604, 8340.617843379732, True, 10.400023698806763, 237, 0.44959874735743227, 0, 52307, 52.80549240112305, -6148.14453125
1605, -8255.736411815975, False, 10.599057912826538, 240, 0.44959874735743227, 0, 52546, 47.45130157470703, -7243.3466796875
1606, 8015.360412014648, True, 15.724480628967285, 342, 0.44959874735743227, 0, 52887, 51.167694091796875, -7230.248046875
1607, 8082.481739420444, True, 16.03089737892151, 358, 0.44959874735743227, 0, 53244, 54.300132751464844, -6590.21630859375
1608, 7819.407666138373, True, 28.204991579055786, 623, 0.44959874735743227, 0, 53866, 50.452796936035156, -6809.390625
1609, 8244.676298495382, True, 18.084383964538574, 407, 0.44959874735743227, 0, 54272, 49.21739196777344, -7951.20751953125
1610, 6630.482945146039, True, 23.381425380706787, 525, 0.44959874735743227, 0, 54796, 51.058780670166016, -7717.66357421875
1611, -13699.169479578733, False, 11.693572044372559, 271, 0.44959874735743227, 0, 55066, 47.88412857055664, -7369.10595703125
1612, -8125.73687044112, False, 12.693106412887573, 287, 0.44959874735743227, 0, 55352, 51.326805114746094, -7802.39990234375
1613, 7892.893210791051, True, 9.868175268173218, 226, 0.44959874735743227, 0, 55577, 49.80119705200195, -6672.2763671875
1614, -7326.784771332517, False, 8.054471969604492, 185, 0.44959874735743227, 0, 55761, 50.34354782104492, -7532.98583984375
1615, 8145.517597878934, True, 13.283711910247803, 302, 0.44959874735743227, 0, 56062, 47.78824234008789, -7322.91796875
1616, -7780.995680647786, False, 9.28275728225708, 212, 0.44959874735743227, 0, 56273, 50.175601959228516, -7984.77099609375
1617, -6847.487748712301, False, 10.787830352783203, 245, 0.44959874735743227, 0, 56517, 47.68118667602539, -8181.42822265625
1618, 8161.136490880817, True, 13.995442152023315, 327, 0.44959874735743227, 0, 56843, 49.00422286987305, -7858.99560546875
1619, -7221.10365069937, False, 5.677509784698486, 132, 0.44959874735743227, 0, 56974, 55.6395263671875, -8352.9951171875
1620, 7867.231396270916, True, 21.38415813446045, 479, 0.44959874735743227, 0, 57452, 48.66349792480469, -8758.0654296875
1621, -7538.278904755134, False, 21.73392677307129, 490, 0.44959874735743227, 0, 57941, 48.43500518798828, -8472.611328125
1622, 8258.760522946715, True, 9.96078372001648, 226, 0.44959874735743227, 0, 58166, 48.53900909423828, -8685.4326171875
1623, 8208.682842858136, True, 16.55007243156433, 376, 0.44959874735743227, 0, 58541, 49.130165100097656, -8867.6806640625
1624, -7255.534761548042, False, 6.3016884326934814, 139, 0.44959874735743227, 0, 58679, 48.54928207397461, -8967.2138671875
1625, 8115.04025996034, True, 6.986392498016357, 161, 0.44959874735743227, 0, 58839, 44.71231460571289, -8366.583984375
1626, -9364.72503043525, False, 8.639474630355835, 202, 0.44959874735743227, 0, 59040, 47.07132339477539, -9888.53125
1627, 8272.763692347333, True, 10.967233180999756, 255, 0.44959874735743227, 0, 59294, 49.12832260131836, -9815.966796875
1628, -7287.181330636144, False, 2.4216651916503906, 57, 0.44959874735743227, 0, 59350, 44.34327697753906, -9362.5263671875
1629, -7375.05383554101, False, 9.26836633682251, 220, 0.44959874735743227, 0, 59569, 50.96012878417969, -9055.58203125
1630, 8155.715068936348, True, 4.047675371170044, 93, 0.44959874735743227, 0, 59661, 51.612693786621094, -8987.6162109375
1631, 8196.700162388384, True, 9.136412382125854, 210, 0.44959874735743227, 0, 59870, 48.431922912597656, -10483.0400390625
1632, -7148.240890234709, False, 2.004213571548462, 49, 0.44959874735743227, 0, 59918, 48.547752380371094, -8652.4228515625
1633, -11948.285773474723, False, 18.24935793876648, 418, 0.44959874735743227, 0, 60335, 50.895565032958984, -9489.541015625
1634, 8340.419757336378, True, 9.320845603942871, 221, 0.44959874735743227, 0, 60555, 44.74961853027344, -9452.759765625
1635, -7469.711628903635, False, 10.52739953994751, 247, 0.44959874735743227, 0, 60801, 51.47888946533203, -9388.083984375
1636, 8258.101696774364, True, 10.072433233261108, 228, 0.44959874735743227, 0, 61028, 46.87552261352539, -9426.748046875
1637, -7225.906281299889, False, 11.872804880142212, 258, 0.44959874735743227, 0, 61285, 47.6220703125, -9645.3671875
1638, -14316.952751993667, False, 33.550660610198975, 757, 0.44959874735743227, 0, 62041, 49.81611251831055, -9531.296875
1639, -7846.549308631918, False, 16.785594701766968, 378, 0.44959874735743227, 0, 62418, 51.85722732543945, -9046.2822265625
1640, 8425.133247291204, True, 14.149105310440063, 319, 0.44959874735743227, 0, 62736, 48.12945556640625, -9086.646484375
1641, 6665.874638847075, True, 38.23271679878235, 846, 0.44959874735743227, 0, 63581, 49.088897705078125, -9512.8720703125
1642, -7394.7895844809245, False, 9.225631952285767, 214, 0.44959874735743227, 0, 63794, 51.037967681884766, -9515.9443359375
1643, 8267.423675210215, True, 9.642385482788086, 216, 0.44959874735743227, 0, 64009, 48.92707061767578, -9585.1083984375
1644, 8033.58670925349, True, 14.720499038696289, 338, 0.44959874735743227, 0, 64346, 50.56671905517578, -10308.8564453125
1645, 8099.632163673639, True, 15.020331859588623, 351, 0.44959874735743227, 0, 64696, 46.36910629272461, -10785.8330078125
1646, 7797.733316350728, True, 8.413738250732422, 195, 0.44959874735743227, 0, 64890, 48.63393020629883, -10529.875
1647, -7900.821027779719, False, 9.903544902801514, 224, 0.44959874735743227, 0, 65113, 47.32085037231445, -10109.1494140625
1648, 8096.596007406712, True, 5.686639308929443, 127, 0.44959874735743227, 0, 65239, 48.323204040527344, -10847.6513671875
1649, 7890.7030359357595, True, 10.1498384475708, 228, 0.44959874735743227, 0, 65466, 54.8369140625, -9395.234375
1650, 8117.85827434063, True, 9.744353294372559, 214, 0.44959874735743227, 0, 65679, 46.60710525512695, -11177.3828125
1651, 8369.716624914669, True, 18.82991361618042, 426, 0.44959874735743227, 0, 66104, 49.2933349609375, -10571.62109375
1652, -7356.693030643943, False, 7.279461860656738, 167, 0.44959874735743227, 0, 66270, 46.77434539794922, -11086.45703125
1653, 8155.402035689913, True, 7.564009428024292, 172, 0.44959874735743227, 0, 66441, 45.691795349121094, -11889.5068359375
1654, 8225.818614528514, True, 9.040549516677856, 213, 0.44959874735743227, 0, 66653, 50.74518966674805, -11579.8935546875
1655, 8479.85064703226, True, 18.04584240913391, 398, 0.44959874735743227, 0, 67050, 47.19399642944336, -11758.9677734375
1656, -7392.702095140703, False, 9.007407665252686, 203, 0.44959874735743227, 0, 67252, 46.184226989746094, -11445.4306640625
1657, -7033.387227654457, False, 10.098049879074097, 230, 0.44959874735743227, 0, 67481, 48.116973876953125, -11717.57421875
1658, -7871.212322071195, False, 19.4547061920166, 433, 0.44959874735743227, 0, 67913, 46.50695037841797, -11721.4326171875
1659, 8206.471056997776, True, 14.295645236968994, 328, 0.44959874735743227, 0, 68240, 48.15765380859375, -12229.9326171875
1660, 8422.585959275457, True, 17.88681674003601, 399, 0.44959874735743227, 0, 68638, 44.50477600097656, -12364.939453125
1661, 8104.606096973643, True, 9.845388174057007, 224, 0.44959874735743227, 0, 68861, 48.54142379760742, -12739.2880859375
1662, -8630.797635555267, False, 18.9940025806427, 417, 0.44959874735743227, 0, 69277, 47.17634963989258, -12469.8828125
1663, 8296.03630790487, True, 10.283671379089355, 234, 0.44959874735743227, 0, 69510, 45.476646423339844, -12637.51171875
1664, -7830.001318382565, False, 7.009225368499756, 158, 0.44959874735743227, 0, 69667, 50.36406326293945, -13115.005859375
1665, -7259.113579139113, False, 10.30971622467041, 227, 0.44959874735743227, 0, 69893, 48.36239242553711, -12433.5400390625
1666, 8260.033613793552, True, 9.737721681594849, 224, 0.44959874735743227, 0, 70116, 48.184600830078125, -12724.6044921875
1667, -7603.956427581608, False, 8.757141351699829, 198, 0.44959874735743227, 0, 70313, 45.43613815307617, -12706.7919921875
1668, -9161.153457306325, False, 22.780152797698975, 497, 0.44959874735743227, 0, 70809, 49.12424087524414, -12759.9384765625
1669, 8105.431822299957, True, 6.785219669342041, 155, 0.44959874735743227, 0, 70963, 45.359458923339844, -13103.3671875
1670, 7344.374813310802, True, 8.206256866455078, 194, 0.44959874735743227, 0, 71156, 48.490325927734375, -13146.40625
1671, -8288.90180988703, False, 16.623546838760376, 372, 0.44959874735743227, 0, 71527, 46.262847900390625, -13739.994140625
1672, -7658.407502263784, False, 9.314517259597778, 212, 0.44959874735743227, 0, 71738, 50.71656799316406, -13051.63671875
1673, 7539.057715890463, True, 23.499359607696533, 526, 0.44959874735743227, 0, 72263, 48.933067321777344, -13400.28125
1674, -7353.267219062895, False, 6.157257318496704, 142, 0.44959874735743227, 0, 72404, 54.814998626708984, -14167.9892578125
1675, 8108.736372023821, True, 5.617562532424927, 128, 0.44959874735743227, 0, 72531, 42.68522644042969, -13806.3955078125
1676, -7160.38864697516, False, 8.731760263442993, 199, 0.44959874735743227, 0, 72729, 43.43966293334961, -14766.349609375
1677, 8122.573716752231, True, 6.069868803024292, 140, 0.44959874735743227, 0, 72868, 49.51411056518555, -13294.0478515625
1678, -7529.1060764743015, False, 7.555020332336426, 173, 0.44959874735743227, 0, 73040, 47.66267776489258, -13957.6484375
1679, 8082.294969985262, True, 19.227344512939453, 430, 0.44959874735743227, 0, 73469, 48.962554931640625, -13392.0927734375
1680, 8574.016870170832, True, 15.50873851776123, 352, 0.44959874735743227, 0, 73820, 46.730308532714844, -14285.33203125
1681, -7729.604571949691, False, 3.208944797515869, 77, 0.44959874735743227, 0, 73896, 47.07212448120117, -13875.453125
1682, 8264.688804738951, True, 17.345770120620728, 395, 0.44959874735743227, 0, 74290, 44.96009063720703, -14322.0693359375
1683, 8133.92299772799, True, 12.769165515899658, 290, 0.44959874735743227, 0, 74579, 50.29689025878906, -14665.5224609375
1684, 8246.240246132016, True, 8.58494758605957, 199, 0.44959874735743227, 0, 74777, 45.976661682128906, -15726.98828125
1685, -6879.860242353752, False, 16.541971445083618, 361, 0.44959874735743227, 0, 75137, 46.24966049194336, -15136.3466796875
1686, 8332.107948809862, True, 9.02672553062439, 192, 0.44959874735743227, 0, 75328, 48.12379837036133, -15574.328125
1687, -7500.3811348960735, False, 7.825915813446045, 177, 0.44959874735743227, 0, 75504, 45.75740051269531, -15141.62109375
1688, 8084.642670538276, True, 14.79127287864685, 340, 0.44959874735743227, 0, 75843, 50.75893783569336, -15206.529296875
1689, -9097.640693263616, False, 6.583554744720459, 153, 0.44959874735743227, 0, 75995, 46.580753326416016, -15081.068359375
1690, 8204.389007335529, True, 13.635858535766602, 312, 0.44959874735743227, 0, 76306, 44.33441925048828, -15291.904296875
1691, -12017.768075820059, False, 28.11424684524536, 610, 0.44959874735743227, 0, 76915, 42.9173469543457, -15242.927734375
1692, -13602.651325456798, False, 27.21150851249695, 610, 0.44959874735743227, 0, 77524, 46.073734283447266, -14705.5771484375
1693, -7163.027252627187, False, 9.0853590965271, 212, 0.44959874735743227, 0, 77735, 45.03280258178711, -14416.013671875
1694, 8149.0878075920045, True, 4.051217794418335, 92, 0.44959874735743227, 0, 77826, 53.00405502319336, -14890.5390625
1695, -7898.058074235916, False, 3.1439085006713867, 71, 0.44959874735743227, 0, 77896, 48.528228759765625, -14386.12109375
1696, 7728.6165871061385, True, 15.974431037902832, 361, 0.44959874735743227, 0, 78256, 47.7330322265625, -14747.8408203125
1697, -7004.187131043407, False, 19.025473594665527, 427, 0.44959874735743227, 0, 78682, 49.02302169799805, -14583.33984375
1698, 8128.181038334966, True, 6.621997117996216, 152, 0.44959874735743227, 0, 78833, 46.8136100769043, -15392.0546875
1699, -8260.071703041438, False, 30.925565719604492, 678, 0.44959874735743227, 0, 79510, 44.97114181518555, -14620.0576171875
1700, 8285.222620275104, True, 9.578202962875366, 221, 0.44959874735743227, 0, 79730, 45.51507568359375, -15230.0087890625
1701, -16002.628042813856, False, 34.38959217071533, 755, 0.44959874735743227, 0, 80484, 45.29860305786133, -14517.548828125
1702, 8324.810728430748, True, 9.818976402282715, 224, 0.44959874735743227, 0, 80707, 46.15300369262695, -14501.990234375
1703, -9227.1469851383, False, 18.771727561950684, 418, 0.44959874735743227, 0, 81124, 49.088314056396484, -14618.2822265625
1704, 7860.469041779637, True, 13.624654531478882, 306, 0.44959874735743227, 0, 81429, 49.499046325683594, -14566.791015625
1705, -16785.083596864715, False, 62.42001962661743, 1374, 0.44959874735743227, 0, 82802, 45.04618835449219, -14579.7060546875
1706, -7969.597973415861, False, 25.24723792076111, 554, 0.44959874735743227, 0, 83355, 45.601497650146484, -14511.1640625
1707, -6740.120688665658, False, 9.384684324264526, 210, 0.44959874735743227, 0, 83564, 46.80927658081055, -13657.802734375
1708, 8107.9787890370935, True, 5.508042335510254, 121, 0.44959874735743227, 0, 83684, 42.34370803833008, -15389.9521484375
1709, 8459.572429688647, True, 17.669065952301025, 394, 0.44959874735743227, 0, 84077, 44.69255065917969, -14825.4521484375
1710, -10428.83227823861, False, 15.70198130607605, 353, 0.44959874735743227, 0, 84429, 43.24742889404297, -15195.083984375
1711, 8179.40984865604, True, 14.331239223480225, 322, 0.44959874735743227, 0, 84750, 44.712432861328125, -14886.07421875
1712, -11492.497214815114, False, 29.59934663772583, 651, 0.44959874735743227, 0, 85400, 43.39571762084961, -14969.9033203125
1713, 7885.939246736467, True, 14.37198257446289, 347, 0.44959874735743227, 0, 85746, 43.52670669555664, -15474.1064453125
1714, 8296.695210964768, True, 11.428977966308594, 257, 0.44959874735743227, 0, 86002, 45.33997344970703, -15184.1630859375
1715, 8463.047128289938, True, 14.997500896453857, 323, 0.44959874735743227, 0, 86324, 45.05249786376953, -15273.7216796875
1716, 8285.16924297961, True, 21.255547285079956, 463, 0.44959874735743227, 0, 86786, 45.7056884765625, -15653.3564453125
1717, -7604.691073695198, False, 5.807990074157715, 137, 0.44959874735743227, 0, 86922, 45.011226654052734, -16860.181640625
1718, -8259.93544735387, False, 10.210246562957764, 229, 0.44959874735743227, 0, 87150, 46.96432876586914, -15477.3369140625
1719, -7548.3453859090805, False, 10.422431945800781, 234, 0.44959874735743227, 0, 87383, 45.98446273803711, -15422.583984375
1720, 8149.986410677433, True, 4.247289657592773, 93, 0.44959874735743227, 0, 87475, 44.77659225463867, -17278.23828125
1721, 8321.77725866437, True, 8.867970943450928, 202, 0.44959874735743227, 0, 87676, 43.0757942199707, -15526.0283203125
1722, -7893.455998726189, False, 9.338916063308716, 211, 0.44959874735743227, 0, 87886, 46.819496154785156, -16359.1767578125
1723, 8069.73729166761, True, 6.604494094848633, 150, 0.44959874735743227, 0, 88035, 44.3847541809082, -15442.3662109375
1724, 6305.997946005315, True, 15.621084451675415, 341, 0.44959874735743227, 0, 88375, 45.45711898803711, -15288.2080078125
1725, 8192.947215163149, True, 18.85305690765381, 419, 0.44959874735743227, 0, 88793, 48.85664749145508, -15967.537109375
1726, 8241.681750396267, True, 9.936056137084961, 227, 0.44959874735743227, 0, 89019, 42.60834503173828, -16632.365234375
1727, 8379.962897732854, True, 14.110142469406128, 325, 0.44959874735743227, 0, 89343, 44.89794158935547, -15389.240234375
1728, -6960.723625104874, False, 9.87575387954712, 229, 0.44959874735743227, 0, 89571, 48.03425979614258, -15941.0380859375
1729, 7963.436006622389, True, 10.846809387207031, 246, 0.44959874735743227, 0, 89816, 48.04353713989258, -17167.52734375
1730, -7341.27791537717, False, 7.213189363479614, 159, 0.44959874735743227, 0, 89974, 44.46045684814453, -17246.908203125
1731, -7005.111203532666, False, 10.353120803833008, 239, 0.44959874735743227, 0, 90212, 45.79410171508789, -16622.583984375
1732, 8152.869680404663, True, 3.9984915256500244, 91, 0.44959874735743227, 0, 90302, 46.105003356933594, -17735.5859375
1733, 8219.610677339137, True, 9.437748193740845, 212, 0.44959874735743227, 0, 90513, 47.045738220214844, -15970.3740234375
1734, -6959.47494816035, False, 7.523553848266602, 167, 0.44959874735743227, 0, 90679, 44.003814697265625, -16743.05078125
1735, 8342.818758368492, True, 10.387399196624756, 231, 0.44959874735743227, 0, 90909, 44.696048736572266, -16854.5859375
1736, 5404.837379382923, True, 32.66533851623535, 740, 0.44959874735743227, 0, 91648, 47.593360900878906, -16669.25390625
1737, -11330.291186541319, False, 8.401479959487915, 204, 0.44959874735743227, 0, 91851, 46.4084587097168, -17706.171875
1738, 7957.488472893834, True, 13.150782823562622, 293, 0.44959874735743227, 0, 92143, 46.21279525756836, -16618.0078125
1739, -9685.86228694953, False, 18.846157789230347, 420, 0.44959874735743227, 0, 92562, 45.455589294433594, -16675.81640625
1740, -8087.586922824383, False, 10.457713603973389, 231, 0.44959874735743227, 0, 92792, 43.3702507019043, -17161.24609375
1741, 8155.580852091312, True, 4.210780620574951, 99, 0.44959874735743227, 0, 92890, 46.12671661376953, -17771.62890625
1742, -8521.61192201823, False, 7.771610975265503, 181, 0.44959874735743227, 0, 93070, 41.08634567260742, -16596.0078125
1743, 8109.908804047853, True, 5.28060245513916, 124, 0.44959874735743227, 0, 93193, 41.35395812988281, -17087.306640625
1744, -7183.437525450252, False, 15.907991886138916, 355, 0.44959874735743227, 0, 93547, 46.88490295410156, -17203.421875
1745, 8093.873788206518, True, 18.873154401779175, 428, 0.44959874735743227, 0, 93974, 46.44337463378906, -16831.833984375
1746, 8283.93420137465, True, 15.735453367233276, 353, 0.44959874735743227, 0, 94326, 46.17861557006836, -17128.0390625
1747, -7334.28040952608, False, 15.144917011260986, 354, 0.44959874735743227, 0, 94679, 49.44903564453125, -17415.201171875
1748, -7296.801760097034, False, 19.8951632976532, 439, 0.44959874735743227, 0, 95117, 43.777889251708984, -17999.99609375
1749, -6894.736585039645, False, 8.704354524612427, 196, 0.44959874735743227, 0, 95312, 38.74322509765625, -17548.484375
1750, 8261.933009050786, True, 9.736799240112305, 216, 0.44959874735743227, 0, 95527, 47.482078552246094, -17647.146484375
1751, 8227.569078668952, True, 10.642240047454834, 242, 0.44959874735743227, 0, 95768, 47.41614532470703, -17278.64453125
1752, -7176.568439338356, False, 15.281004190444946, 346, 0.44959874735743227, 0, 96113, 44.13276672363281, -17881.93359375
1753, 8075.57606356591, True, 7.326949119567871, 165, 0.44959874735743227, 0, 96277, 49.39117431640625, -17285.884765625
1754, -8204.33183825016, False, 3.9334683418273926, 90, 0.44959874735743227, 0, 96366, 36.95262145996094, -16685.654296875
1755, 8147.824541039765, True, 10.787562370300293, 237, 0.44959874735743227, 0, 96602, 45.12921905517578, -17914.552734375
1756, 8223.686383935623, True, 30.08609414100647, 670, 0.44959874735743227, 0, 97271, 45.2554817199707, -18153.529296875
1757, 8288.303942345083, True, 13.131073713302612, 304, 0.44959874735743227, 0, 97574, 43.79799270629883, -17777.796875
1758, 8089.898917050101, True, 9.987412214279175, 212, 0.44959874735743227, 0, 97785, 47.12429428100586, -18608.98828125
1759, 8223.88326072134, True, 9.522196531295776, 221, 0.44959874735743227, 0, 98005, 44.46036148071289, -18044.412109375
1760, 8230.586191413924, True, 8.55470585823059, 203, 0.44959874735743227, 0, 98207, 45.218318939208984, -18854.712890625
1761, -6887.331474225968, False, 17.71761178970337, 400, 0.44959874735743227, 0, 98606, 48.63630294799805, -18516.033203125
1762, 8362.564524330199, True, 10.66515827178955, 248, 0.44959874735743227, 0, 98853, 44.84267044067383, -18853.552734375
1763, -10239.876666177996, False, 12.965010404586792, 296, 0.44959874735743227, 0, 99148, 47.705509185791016, -18586.255859375
1764, -7248.730780020356, False, 9.317955255508423, 221, 0.44959874735743227, 0, 99368, 46.31888198852539, -18405.83984375
1765, 8153.693171069026, True, 3.972764253616333, 89, 0.44959874735743227, 0, 99456, 48.52363586425781, -17544.58203125
1766, -7627.491161301732, False, 3.136115312576294, 71, 0.44959874735743227, 0, 99526, 44.930137634277344, -18805.05859375
1767, 7654.517923593521, True, 14.771155834197998, 338, 0.44959874735743227, 0, 99863, 47.886837005615234, -18648.240234375
1768, -7991.393505200103, False, 57.39269280433655, 1274, 0.44959874735743227, 0, 100000, 46.341209411621094, -18588.65234375
1769, 8119.60688502714, True, 6.54646110534668, 145, 0.44959874735743227, 0, 100000, 45.215782165527344, -17625.509765625
1770, 8211.483031719923, True, 19.303622484207153, 433, 0.44959874735743227, 0, 100000, 45.42325973510742, -18392.03515625
1771, -7158.203865688294, False, 10.058828830718994, 229, 0.44959874735743227, 0, 100000, 40.899234771728516, -18007.9140625
1772, 8300.209443634376, True, 9.67448616027832, 214, 0.44959874735743227, 0, 100000, 43.7594108581543, -18602.68359375
1773, -7249.548577725887, False, 10.665936946868896, 246, 0.44959874735743227, 0, 100000, 43.60001754760742, -19068.408203125
1774, 8092.721952138469, True, 5.495549201965332, 124, 0.44959874735743227, 0, 100000, 47.717254638671875, -18853.466796875
1775, -6872.730648766272, False, 12.756370067596436, 293, 0.44959874735743227, 0, 100000, 41.5963249206543, -19305.68359375
1776, 8277.91497688368, True, 10.1245436668396, 238, 0.44959874735743227, 0, 100000, 42.92239761352539, -19159.166015625
1777, 6908.877923381515, True, 16.087119579315186, 363, 0.44959874735743227, 0, 100000, 45.25834655761719, -18990.927734375
1778, 7735.9864896656945, True, 14.665032625198364, 341, 0.44959874735743227, 0, 100000, 43.49906921386719, -19219.033203125
1779, 8062.793022509664, True, 25.355547189712524, 576, 0.44959874735743227, 0, 100000, 45.59978485107422, -19230.970703125
1780, 8517.851313844905, True, 25.547914743423462, 582, 0.44959874735743227, 0, 100000, 41.238948822021484, -19333.228515625
1781, 7026.789289335837, True, 19.919968605041504, 448, 0.44959874735743227, 0, 100000, 43.129459381103516, -19249.09375
1782, 8122.322237126529, True, 8.811917304992676, 208, 0.44959874735743227, 0, 100000, 43.43647766113281, -18730.89453125
1783, -7263.446762543172, False, 2.524946689605713, 61, 0.44959874735743227, 0, 100000, 47.25402069091797, -19244.666015625
1784, 8036.424184390809, True, 13.71057915687561, 320, 0.44959874735743227, 0, 100000, 45.55550003051758, -19663.40234375
1785, -12982.684851903468, False, 18.043500900268555, 419, 0.44959874735743227, 0, 100000, 47.124755859375, -19232.0625
1786, -7257.327266149223, False, 10.007877588272095, 229, 0.44959874735743227, 0, 100000, 46.0810432434082, -19260.86328125
1787, 8117.91904296726, True, 6.446495294570923, 143, 0.44959874735743227, 0, 100000, 41.96248245239258, -19390.62890625
1788, 8466.45939023234, True, 18.082285165786743, 410, 0.44959874735743227, 0, 100000, 44.72788619995117, -19121.3828125
1789, 6669.596425551921, True, 17.40649914741516, 408, 0.44959874735743227, 0, 100000, 42.83655548095703, -19484.1484375
1790, -7584.548748592846, False, 15.216192960739136, 355, 0.44959874735743227, 0, 100000, 42.90532684326172, -19063.517578125
1791, -9768.658792234957, False, 13.61273980140686, 314, 0.44959874735743227, 0, 100000, 42.89889907836914, -19658.404296875
1792, -7445.227774711559, False, 24.22625184059143, 553, 0.44959874735743227, 0, 100000, 43.21661376953125, -19658.12109375
1793, 8356.3441798985, True, 10.315677881240845, 237, 0.44959874735743227, 0, 100000, 45.348480224609375, -18755.623046875
1794, -7132.192422945052, False, 6.852827072143555, 159, 0.44959874735743227, 0, 100000, 42.7354850769043, -19905.572265625
1795, 8359.057030837983, True, 9.979045629501343, 222, 0.44959874735743227, 0, 100000, 46.71675109863281, -19891.52734375
1796, -7196.237195839174, False, 7.36091160774231, 169, 0.44959874735743227, 0, 100000, 43.95174026489258, -20345.380859375
1797, -7174.014208517969, False, 9.342270851135254, 217, 0.44959874735743227, 0, 100000, 47.19471740722656, -20552.0078125
1798, 7749.07418550842, True, 17.56473684310913, 402, 0.44959874735743227, 0, 100000, 45.307098388671875, -19749.115234375
1799, -7432.254172736779, False, 6.138054370880127, 136, 0.44959874735743227, 0, 100000, 47.4429817199707, -19635.306640625
1800, -7654.445186945377, False, 25.756394863128662, 578, 0.44959874735743227, 0, 100000, 43.019901275634766, -20407.296875
1801, 8398.491372458637, True, 14.784829378128052, 340, 0.44959874735743227, 0, 100000, 41.03371810913086, -19958.9140625
1802, -6994.942257493734, False, 12.06915831565857, 267, 0.44959874735743227, 0, 100000, 44.237274169921875, -20535.716796875
1803, 8292.978506705258, True, 9.79134202003479, 226, 0.44959874735743227, 0, 100000, 47.7611198425293, -20353.83984375
1804, -10515.643726889975, False, 33.18431043624878, 753, 0.44959874735743227, 0, 100000, 42.48372268676758, -21003.912109375
1805, -7702.831904152292, False, 10.38883900642395, 241, 0.44959874735743227, 0, 100000, 43.30440139770508, -20855.611328125
1806, 8263.81621055305, True, 10.598190784454346, 251, 0.44959874735743227, 0, 100000, 43.8611946105957, -20494.40234375
1807, -6898.496936736396, False, 17.556376934051514, 397, 0.44959874735743227, 0, 100000, 45.32965850830078, -21319.06640625
1808, -7502.210105539882, False, 26.34478783607483, 586, 0.44959874735743227, 0, 100000, 43.68858337402344, -21838.99609375
1809, -7023.073414023966, False, 8.230611085891724, 193, 0.44959874735743227, 0, 100000, 41.92878341674805, -22037.34375
1810, -7119.408006798476, False, 9.768764972686768, 224, 0.44959874735743227, 0, 100000, 41.86096954345703, -21602.201171875
1811, -7359.083272028714, False, 12.67190170288086, 282, 0.44959874735743227, 0, 100000, 41.114166259765625, -21939.19921875
1812, 8097.831580304541, True, 7.414983034133911, 170, 0.44959874735743227, 0, 100000, 36.989967346191406, -22533.080078125
1813, 8454.745654720813, True, 23.464369297027588, 540, 0.44959874735743227, 0, 100000, 40.90907669067383, -22013.533203125
1814, -6944.805263075512, False, 21.88782572746277, 505, 0.44959874735743227, 0, 100000, 43.5029182434082, -22268.3359375
1815, -7400.768978719367, False, 25.044259548187256, 578, 0.44959874735743227, 0, 100000, 42.42961502075195, -22700.794921875
1816, -8554.507298529148, False, 11.872893333435059, 280, 0.44959874735743227, 0, 100000, 40.52712631225586, -22482.546875
1817, 8031.584028482437, True, 11.838048934936523, 281, 0.44959874735743227, 0, 100000, 42.421775817871094, -22982.47265625
1818, 6835.763566697948, True, 24.25723671913147, 559, 0.44959874735743227, 0, 100000, 41.734310150146484, -23360.392578125
1819, -7189.209586440586, False, 3.752920150756836, 88, 0.44959874735743227, 0, 100000, 43.49234390258789, -22748.072265625
1820, 8322.46153152734, True, 10.296684741973877, 236, 0.44959874735743227, 0, 100000, 39.07509994506836, -23786.888671875
1821, 7959.0705848438665, True, 10.325849533081055, 234, 0.44959874735743227, 0, 100000, 44.859291076660156, -23603.30859375
1822, -7232.909136786126, False, 3.012970447540283, 69, 0.44959874735743227, 0, 100000, 38.924644470214844, -22507.412109375
1823, 8080.565923014656, True, 6.5617053508758545, 152, 0.44959874735743227, 0, 100000, 45.13740158081055, -24100.572265625
1824, -7548.04800600186, False, 10.682695865631104, 247, 0.44959874735743227, 0, 100000, 45.551490783691406, -23515.353515625
1825, 8102.2870406564325, True, 5.728569984436035, 132, 0.44959874735743227, 0, 100000, 38.03950500488281, -24312.798828125
1826, -6917.140502138063, False, 15.27184510231018, 351, 0.44959874735743227, 0, 100000, 44.36796569824219, -24562.517578125
1827, 8301.71124060452, True, 9.748359203338623, 224, 0.44959874735743227, 0, 100000, 42.4210319519043, -23927.318359375
1828, -9763.890541017056, False, 6.610442638397217, 157, 0.44959874735743227, 0, 100000, 40.9821662902832, -24024.900390625
1829, -7301.783760878432, False, 6.747931480407715, 152, 0.44959874735743227, 0, 100000, 42.755950927734375, -23587.884765625
1830, 8083.809394873679, True, 5.41571307182312, 125, 0.44959874735743227, 0, 100000, 38.778541564941406, -24386.08203125
1831, -7360.424181890674, False, 5.54654860496521, 127, 0.44959874735743227, 0, 100000, 39.84771728515625, -24784.775390625
1832, 8103.998444793746, True, 6.744311094284058, 152, 0.44959874735743227, 0, 100000, 39.543704986572266, -24167.880859375
1833, -7836.195323091, False, 5.607142448425293, 125, 0.44959874735743227, 0, 100000, 43.78318786621094, -24215.427734375
1834, -7681.5391901806, False, 9.40251111984253, 212, 0.44959874735743227, 0, 100000, 45.229984283447266, -24145.615234375
1835, 8347.950275208801, True, 8.897792339324951, 201, 0.44959874735743227, 0, 100000, 44.05305480957031, -24064.060546875
1836, 8229.431547844782, True, 15.191256523132324, 339, 0.44959874735743227, 0, 100000, 45.95485305786133, -24407.50390625
1837, 8566.97968845442, True, 20.181986570358276, 439, 0.44959874735743227, 0, 100000, 41.033267974853516, -24581.798828125
1838, 8387.707143219188, True, 17.002706050872803, 371, 0.44959874735743227, 0, 100000, 43.40852737426758, -24648.994140625
1839, 8050.176164525561, True, 17.481695890426636, 383, 0.44959874735743227, 0, 100000, 45.6188850402832, -24169.6328125
1840, -6781.636091885157, False, 21.30214786529541, 465, 0.44959874735743227, 0, 100000, 42.2808837890625, -24714.66015625
1841, 8421.704840784427, True, 14.431303262710571, 323, 0.44959874735743227, 0, 100000, 46.797271728515625, -24705.76171875
1842, -7468.594882778823, False, 6.52047872543335, 148, 0.44959874735743227, 0, 100000, 41.01471710205078, -25217.576171875
1843, -8056.488705670461, False, 17.165140867233276, 381, 0.44959874735743227, 0, 100000, 42.9053955078125, -25230.724609375
1844, 8168.431857019663, True, 4.238530397415161, 96, 0.44959874735743227, 0, 100000, 41.63961410522461, -25182.173828125
1845, -8085.673819132149, False, 3.674330234527588, 84, 0.44959874735743227, 0, 100000, 43.6635627746582, -24481.169921875
1846, 8423.93551411666, True, 14.978810548782349, 337, 0.44959874735743227, 0, 100000, 40.03809356689453, -25262.98828125
1847, 8060.962481934577, True, 22.85530185699463, 506, 0.44959874735743227, 0, 100000, 42.650291442871094, -25966.80859375
1848, -7951.9441264644265, False, 17.78477907180786, 394, 0.44959874735743227, 0, 100000, 45.257781982421875, -26152.4140625
1849, 8397.65980809182, True, 14.602160215377808, 308, 0.44959874735743227, 0, 100000, 44.20811462402344, -25945.685546875
1850, -7832.716493743123, False, 10.141562700271606, 229, 0.44959874735743227, 0, 100000, 39.451900482177734, -25630.0390625
1851, 8163.382549166679, True, 4.257589340209961, 95, 0.44959874735743227, 0, 100000, 43.353179931640625, -24761.79296875
1852, -7245.156578361988, False, 2.22265887260437, 51, 0.44959874735743227, 0, 100000, 38.59273147583008, -26237.267578125
1853, 8401.347560176626, True, 14.567999601364136, 329, 0.44959874735743227, 0, 100000, 43.11432647705078, -26220.97265625
1854, -9496.634862720966, False, 9.034545421600342, 205, 0.44959874735743227, 0, 100000, 42.1057243347168, -26301.78125
1855, 8080.495921820402, True, 5.6742165088653564, 126, 0.44959874735743227, 0, 100000, 36.93805694580078, -25650.990234375
1856, 8352.933441534638, True, 16.44946527481079, 355, 0.44959874735743227, 0, 100000, 43.22993087768555, -26130.416015625
1857, 6574.102407759987, True, 18.324673891067505, 402, 0.44959874735743227, 0, 100000, 39.993507385253906, -26581.6171875
1858, 8140.500605292851, True, 20.158405303955078, 440, 0.44959874735743227, 0, 100000, 43.27582931518555, -25775.943359375
1859, 6756.755788503215, True, 16.416525840759277, 374, 0.44959874735743227, 0, 100000, 42.29401397705078, -26358.328125
1860, -6986.362930830568, False, 19.090429306030273, 416, 0.44959874735743227, 0, 100000, 41.48448944091797, -26543.357421875
1861, -8511.602544382215, False, 12.137856245040894, 271, 0.44959874735743227, 0, 100000, 42.58940124511719, -26270.279296875
1862, -7252.693352961913, False, 15.44040036201477, 335, 0.44959874735743227, 0, 100000, 39.912620544433594, -26551.984375
1863, 8081.488118443638, True, 6.816654920578003, 153, 0.44959874735743227, 0, 100000, 41.50824737548828, -26176.244140625
1864, 8235.45821626857, True, 12.007059335708618, 272, 0.44959874735743227, 0, 100000, 40.30122756958008, -27381.357421875
1865, 8047.3312958166935, True, 21.382516860961914, 467, 0.44959874735743227, 0, 100000, 42.559600830078125, -26789.638671875
1866, 8470.840667366982, True, 20.130901098251343, 442, 0.44959874735743227, 0, 100000, 41.36947250366211, -27484.314453125
1867, 8173.58806636557, True, 11.069299459457397, 249, 0.44959874735743227, 0, 100000, 43.751434326171875, -27903.94140625
1868, -7280.084957187064, False, 5.234326124191284, 115, 0.44959874735743227, 0, 100000, 39.4116325378418, -28708.796875
1869, -7183.270741909742, False, 5.3055808544158936, 116, 0.44959874735743227, 0, 100000, 42.398101806640625, -28148.44140625
1870, 8128.837676081806, True, 6.74641227722168, 152, 0.44959874735743227, 0, 100000, 43.1095085144043, -27534.99609375
1871, -18306.07388329506, False, 22.740030527114868, 498, 0.44959874735743227, 0, 100000, 41.594173431396484, -28082.0078125
1872, -9754.289522580802, False, 14.748409271240234, 335, 0.44959874735743227, 0, 100000, 42.38277816772461, -27901.181640625
1873, 8295.798139296006, True, 10.531308650970459, 238, 0.44959874735743227, 0, 100000, 41.79546356201172, -27562.419921875
1874, -7250.621099236887, False, 23.261404991149902, 501, 0.44959874735743227, 0, 100000, 45.361019134521484, -27554.38671875
1875, -7639.96222858876, False, 9.260657548904419, 209, 0.44959874735743227, 0, 100000, 39.1396598815918, -27048.84765625
1876, 8422.578592865728, True, 15.299755811691284, 334, 0.44959874735743227, 0, 100000, 40.547019958496094, -27517.623046875
1877, 7625.1283190555405, True, 21.61344575881958, 480, 0.44959874735743227, 0, 100000, 43.814083099365234, -27834.529296875
1878, -8569.46015667729, False, 23.264729976654053, 515, 0.44959874735743227, 0, 100000, 42.785987854003906, -27810.537109375
1879, 8076.859868826345, True, 6.4443747997283936, 144, 0.44959874735743227, 0, 100000, 40.31367492675781, -26880.791015625
1880, -8170.142015993595, False, 3.8947501182556152, 87, 0.44959874735743227, 0, 100000, 41.467254638671875, -27880.884765625
1881, -7890.068743109703, False, 10.91152024269104, 244, 0.44959874735743227, 0, 100000, 40.97521209716797, -27279.544921875
1882, -7447.708664268255, False, 6.112284421920776, 137, 0.44959874735743227, 0, 100000, 49.5168571472168, -27306.8203125
1883, 8119.397489525378, True, 7.010001182556152, 157, 0.44959874735743227, 0, 100000, 44.87406921386719, -27412.099609375
1884, 8444.380217858125, True, 17.03195858001709, 373, 0.44959874735743227, 0, 100000, 43.87466812133789, -28060.431640625
1885, 8365.935805559158, True, 15.769412994384766, 345, 0.44959874735743227, 0, 100000, 39.97678756713867, -28270.203125
1886, -7326.0115329138935, False, 19.026916027069092, 415, 0.44959874735743227, 0, 100000, 45.294620513916016, -27967.728515625
1887, 8288.97425165493, True, 10.127670764923096, 230, 0.44959874735743227, 0, 100000, 44.000457763671875, -28378.23828125
1888, -7043.530540802516, False, 16.373570919036865, 357, 0.44959874735743227, 0, 100000, 41.91600036621094, -28868.927734375
1889, 8156.26096868515, True, 4.200716972351074, 94, 0.44959874735743227, 0, 100000, 46.38676071166992, -28577.060546875
1890, -7909.953972637653, False, 3.418299913406372, 77, 0.44959874735743227, 0, 100000, 47.03670883178711, -27400.3125
1891, 8435.52929561399, True, 14.614864110946655, 322, 0.44959874735743227, 0, 100000, 43.06867218017578, -28447.267578125
1892, 8106.448788145557, True, 20.723228931427002, 459, 0.44959874735743227, 0, 100000, 42.712345123291016, -28073.30078125
1893, 8079.626683268696, True, 19.15674328804016, 425, 0.44959874735743227, 0, 100000, 44.014495849609375, -28552.998046875
1894, 8190.233785350807, True, 17.479061126708984, 390, 0.44959874735743227, 0, 100000, 40.596683502197266, -29061.55859375
1895, 7590.9574456214905, True, 15.175442457199097, 333, 0.44959874735743227, 0, 100000, 40.11398696899414, -29145.3515625
1896, -7936.401192998979, False, 26.462281942367554, 569, 0.44959874735743227, 0, 100000, 43.974727630615234, -29436.49609375
1897, 8148.957924157381, True, 4.236829996109009, 96, 0.44959874735743227, 0, 100000, 38.20966720581055, -29194.408203125
1898, -7941.516883909702, False, 3.24363112449646, 73, 0.44959874735743227, 0, 100000, 38.83488845825195, -29648.0078125
1899, 8062.780989206396, True, 6.593282222747803, 150, 0.44959874735743227, 0, 100000, 44.74505615234375, -29040.146484375
1900, -8968.20290164277, False, 28.88853120803833, 622, 0.44959874735743227, 0, 100000, 40.096492767333984, -29457.05859375
1901, 8394.863236443605, True, 14.492337465286255, 329, 0.44959874735743227, 0, 100000, 44.35963439941406, -30105.662109375
1902, -10728.75402988214, False, 24.317851066589355, 518, 0.44959874735743227, 0, 100000, 42.599605560302734, -29330.6953125
1903, 8031.3006927846, True, 13.304110765457153, 299, 0.44959874735743227, 0, 100000, 46.11372756958008, -29016.775390625
1904, 6721.425182704115, True, 28.776361227035522, 615, 0.44959874735743227, 0, 100000, 42.43693542480469, -29489.515625
1905, -7885.920317609794, False, 22.000197649002075, 485, 0.44959874735743227, 0, 100000, 42.902320861816406, -29322.8125
1906, 8214.882582731545, True, 10.238363265991211, 231, 0.44959874735743227, 0, 100000, 42.55430221557617, -29498.90234375
1907, 8219.266957390122, True, 23.06265950202942, 500, 0.44959874735743227, 0, 100000, 42.60162353515625, -29082.35546875
1908, 7616.036828469951, True, 26.024511098861694, 569, 0.44959874735743227, 0, 100000, 45.631595611572266, -29533.216796875
1909, -7045.513861835003, False, 0.5802757740020752, 14, 0.44959874735743227, 0, 100000, 33.507511138916016, -28449.34765625
1910, 8245.920989799779, True, 16.78183674812317, 373, 0.44959874735743227, 0, 100000, 43.63351821899414, -29769.962890625
1911, 3668.401361722499, True, 31.10592222213745, 682, 0.44959874735743227, 0, 100000, 42.82467269897461, -30008.1328125
1912, -8333.674240153283, False, 7.091550827026367, 163, 0.44959874735743227, 0, 100000, 40.14280700683594, -28924.91796875
1913, 8220.041031191126, True, 9.890220165252686, 222, 0.44959874735743227, 0, 100000, 37.77861785888672, -29278.310546875
1914, -7596.659618139332, False, 15.371863842010498, 342, 0.44959874735743227, 0, 100000, 42.202003479003906, -29379.953125
1915, 8294.790393219562, True, 16.333504676818848, 366, 0.44959874735743227, 0, 100000, 37.92354965209961, -29868.671875
1916, -7631.740123956464, False, 28.676414012908936, 618, 0.44959874735743227, 0, 100000, 40.4429817199707, -30258.87109375
1917, 8349.571047216654, True, 8.985986709594727, 204, 0.44959874735743227, 0, 100000, 40.51248550415039, -30074.955078125
1918, 7327.784992155386, True, 31.984086275100708, 690, 0.44959874735743227, 0, 100000, 43.011451721191406, -30535.72265625
1919, -9049.978968903422, False, 7.513300180435181, 173, 0.44959874735743227, 0, 100000, 38.62262725830078, -30477.716796875
1920, 8256.738964246586, True, 9.834042072296143, 216, 0.44959874735743227, 0, 100000, 38.40981674194336, -29618.875
1921, -15369.053706429899, False, 17.21621561050415, 382, 0.44959874735743227, 0, 100000, 43.016754150390625, -30404.990234375
1922, 8204.63335455861, True, 9.870530366897583, 222, 0.44959874735743227, 0, 100000, 42.1017951965332, -29178.392578125
1923, -8484.000522626797, False, 18.27351140975952, 394, 0.44959874735743227, 0, 100000, 44.56688690185547, -30031.251953125
1924, 8293.347930452786, True, 8.850114583969116, 198, 0.44959874735743227, 0, 100000, 35.351078033447266, -29808.517578125
1925, -8195.633616538718, False, 14.830300331115723, 326, 0.44959874735743227, 0, 100000, 42.961341857910156, -29929.90234375
1926, -8416.453857414424, False, 10.534392356872559, 236, 0.44959874735743227, 0, 100000, 39.591827392578125, -30062.41015625
1927, 8297.124096259475, True, 10.320484399795532, 225, 0.44959874735743227, 0, 100000, 45.052791595458984, -29790.818359375
1928, 8367.522299618926, True, 22.779298543930054, 502, 0.44959874735743227, 0, 100000, 42.747344970703125, -30507.5390625
1929, 8657.641799821518, True, 20.852354526519775, 455, 0.44959874735743227, 0, 100000, 43.41005325317383, -30307.169921875
1930, -9490.026925405487, False, 14.100248575210571, 313, 0.44959874735743227, 0, 100000, 43.928062438964844, -30957.66796875
1931, 7503.721723887604, True, 11.862276315689087, 248, 0.44959874735743227, 0, 100000, 40.09217071533203, -30553.861328125
1932, -7824.869442984462, False, 2.4717986583709717, 57, 0.44959874735743227, 0, 100000, 40.86077117919922, -31656.59375
1933, 7972.62553062872, True, 12.941613912582397, 292, 0.44959874735743227, 0, 100000, 42.07135772705078, -30609.232421875
1934, 7527.305243041366, True, 21.58849835395813, 474, 0.44959874735743227, 0, 100000, 42.29566955566406, -30823.51171875
1935, -7016.984870924614, False, 19.432079553604126, 424, 0.44959874735743227, 0, 100000, 42.312896728515625, -30900.38671875
1936, -8227.814490057994, False, 8.993628025054932, 201, 0.44959874735743227, 0, 100000, 45.758724212646484, -30265.33984375
1937, -8860.660081307054, False, 19.089740753173828, 417, 0.44959874735743227, 0, 100000, 39.459556579589844, -30987.919921875
1938, 8337.475735113025, True, 9.947763919830322, 224, 0.44959874735743227, 0, 100000, 42.18106460571289, -29970.021484375
1939, 8135.665906304494, True, 22.107136964797974, 488, 0.44959874735743227, 0, 100000, 42.284385681152344, -30821.060546875
1940, 8541.485994624498, True, 20.216238021850586, 444, 0.44959874735743227, 0, 100000, 41.19471740722656, -31218.64453125
1941, 8202.366406891495, True, 15.235188961029053, 336, 0.44959874735743227, 0, 100000, 41.85446548461914, -30469.80859375
1942, 7753.713069864549, True, 10.328986406326294, 231, 0.44959874735743227, 0, 100000, 45.98317337036133, -30383.75390625
1943, -7945.616091422737, False, 7.572767496109009, 167, 0.44959874735743227, 0, 100000, 42.177459716796875, -30764.431640625
1944, 8244.578110732138, True, 9.554770231246948, 208, 0.44959874735743227, 0, 100000, 40.77349853515625, -30973.83203125
1945, 6931.418350275606, True, 14.972900629043579, 338, 0.44959874735743227, 0, 100000, 43.92204284667969, -31296.8515625
1946, 8513.66733662039, True, 19.401264905929565, 427, 0.44959874735743227, 0, 100000, 44.408348083496094, -30839.412109375
1947, -7492.11617089808, False, 4.88174843788147, 112, 0.44959874735743227, 0, 100000, 42.4835319519043, -31148.810546875
1948, 4656.381177375093, True, 28.054462671279907, 610, 0.44959874735743227, 0, 100000, 42.02839660644531, -31117.33203125
1949, -8047.441968203522, False, 6.691479921340942, 154, 0.44959874735743227, 0, 100000, 44.42857360839844, -31339.705078125
1950, 8325.707702875137, True, 10.33684778213501, 232, 0.44959874735743227, 0, 100000, 41.47661209106445, -31377.84765625
1951, -7147.153438203037, False, 7.749474048614502, 173, 0.44959874735743227, 0, 100000, 41.93242645263672, -31426.873046875
1952, 8311.615435333923, True, 10.445350170135498, 232, 0.44959874735743227, 0, 100000, 41.17091369628906, -31298.521484375
1953, -7788.447264917893, False, 19.17663073539734, 420, 0.44959874735743227, 0, 100000, 40.6154899597168, -31238.271484375
1954, -7435.706205647439, False, 8.272395133972168, 188, 0.44959874735743227, 0, 100000, 36.727108001708984, -31119.134765625
1955, -6832.083896983415, False, 9.096254825592041, 202, 0.44959874735743227, 0, 100000, 41.723663330078125, -31319.396484375
1956, 8131.512767761946, True, 4.391147136688232, 96, 0.44959874735743227, 0, 100000, 41.76679992675781, -31196.556640625
1957, 8453.576913070952, True, 18.50025486946106, 404, 0.44959874735743227, 0, 100000, 42.9874153137207, -31300.123046875
1958, -9620.297210652381, False, 9.052489995956421, 194, 0.44959874735743227, 0, 100000, 44.98514175415039, -31478.59765625
1959, -7641.833798658336, False, 28.341121435165405, 615, 0.44959874735743227, 0, 100000, 42.3922233581543, -31668.7421875
1960, 8014.743751719128, True, 12.212080478668213, 280, 0.44959874735743227, 0, 100000, 42.666683197021484, -31512.71875
1961, -7577.200240115286, False, 10.371159315109253, 230, 0.44959874735743227, 0, 100000, 42.646697998046875, -31491.3125
1962, 8274.968616519123, True, 10.187102556228638, 232, 0.44959874735743227, 0, 100000, 39.96615219116211, -30747.95703125
1963, -10199.895162401255, False, 34.007307291030884, 737, 0.44959874735743227, 0, 100000, 42.92204284667969, -31584.82421875
1964, 8135.92526230216, True, 3.9462268352508545, 90, 0.44959874735743227, 0, 100000, 36.60445022583008, -31961.591796875
1965, 8143.743456860073, True, 9.549179553985596, 213, 0.44959874735743227, 0, 100000, 39.79281234741211, -31572.58984375
1966, 8070.323580553755, True, 10.714146614074707, 235, 0.44959874735743227, 0, 100000, 39.9321403503418, -31775.5625
1967, -7267.693697642535, False, 11.971714735031128, 269, 0.44959874735743227, 0, 100000, 40.81943893432617, -31455.482421875
1968, 6679.052595009562, True, 19.1939480304718, 424, 0.44959874735743227, 0, 100000, 42.73176193237305, -32001.03125
1969, -6864.170285866596, False, 16.54651188850403, 369, 0.44959874735743227, 0, 100000, 43.57970428466797, -32292.8203125
1970, 8085.059401229024, True, 6.569477319717407, 150, 0.44959874735743227, 0, 100000, 39.628902435302734, -32672.103515625
1971, 7893.014846819278, True, 30.93055820465088, 678, 0.44959874735743227, 0, 100000, 44.27283477783203, -32783.6640625
1972, 8375.827634087764, True, 16.363089561462402, 363, 0.44959874735743227, 0, 100000, 43.025238037109375, -32604.216796875
1973, -7426.484846711159, False, 6.785700559616089, 157, 0.44959874735743227, 0, 100000, 44.57429504394531, -32534.4453125
1974, 8152.89126092568, True, 9.823179960250854, 225, 0.44959874735743227, 0, 100000, 42.74705123901367, -32961.48046875
1975, -11232.280865080655, False, 9.184960126876831, 210, 0.44959874735743227, 0, 100000, 44.35676956176758, -33178.09765625
1976, 7928.288664419204, True, 12.779857635498047, 285, 0.44959874735743227, 0, 100000, 43.19711685180664, -33331.24609375
1977, 6333.064638157375, True, 21.061455011367798, 462, 0.44959874735743227, 0, 100000, 39.8106575012207, -32611.78515625
1978, -7252.114824295044, False, 0.33039236068725586, 8, 0.44959874735743227, 0, 100000, 18.604473114013672, -27203.732421875
1979, -7320.030969917774, False, 8.131453037261963, 184, 0.44959874735743227, 0, 100000, 44.717769622802734, -31793.646484375
1980, 8017.054483193904, True, 6.366743326187134, 144, 0.44959874735743227, 0, 100000, 46.052364349365234, -31943.03125
1981, -9388.73397934949, False, 25.962263584136963, 572, 0.44959874735743227, 0, 100000, 43.70730209350586, -32496.23828125
1982, -9910.817958302796, False, 12.568676233291626, 288, 0.44959874735743227, 0, 100000, 43.89387512207031, -32887.25390625
1983, -7714.744026877917, False, 8.470880508422852, 185, 0.44959874735743227, 0, 100000, 39.78127670288086, -31873.654296875
1984, 8286.293857404962, True, 9.681118488311768, 217, 0.44959874735743227, 0, 100000, 38.68818664550781, -32402.298828125
1985, -16930.334725946188, False, 22.422973155975342, 510, 0.44959874735743227, 0, 100000, 42.69797134399414, -31828.615234375
1986, 8277.745873466134, True, 9.533431768417358, 213, 0.44959874735743227, 0, 100000, 44.59828567504883, -31183.27734375
1987, 8252.54549908638, True, 10.355820894241333, 230, 0.44959874735743227, 0, 100000, 39.67618179321289, -30891.080078125
1988, -6622.395688585937, False, 20.45283603668213, 442, 0.44959874735743227, 0, 100000, 44.08904266357422, -31350.615234375
1989, 8261.572956951335, True, 9.907079458236694, 223, 0.44959874735743227, 0, 100000, 46.81206130981445, -31638.541015625
1990, -7173.347074321471, False, 12.214922428131104, 274, 0.44959874735743227, 0, 100000, 43.528846740722656, -30975.919921875
1991, 8034.690289005637, True, 6.4765355587005615, 141, 0.44959874735743227, 0, 100000, 45.127899169921875, -31660.166015625
1992, -7286.813170641661, False, 12.23667025566101, 262, 0.44959874735743227, 0, 100000, 39.75528335571289, -31760.931640625
1993, 8047.054697625805, True, 7.171915531158447, 162, 0.44959874735743227, 0, 100000, 45.5444221496582, -31097.66015625
1994, 8182.362918615807, True, 8.811782360076904, 199, 0.44959874735743227, 0, 100000, 39.24283218383789, -30911.603515625
1995, 8395.787876758724, True, 11.904163599014282, 268, 0.44959874735743227, 0, 100000, 45.34468078613281, -31269.978515625
1996, 8029.435956954025, True, 26.654910564422607, 579, 0.44959874735743227, 0, 100000, 44.21220397949219, -32024.666015625
1997, 7130.549610767281, True, 22.4907488822937, 494, 0.44959874735743227, 0, 100000, 42.49264144897461, -32111.8828125
1998, -7358.838251360692, False, 7.7684831619262695, 175, 0.44959874735743227, 0, 100000, 41.33771514892578, -32325.880859375
1999, 8317.379449442029, True, 9.108945608139038, 203, 0.44959874735743227, 0, 100000, 46.992740631103516, -32218.595703125
2000, 7902.85129587166, True, 17.698872089385986, 380, 0.44959874735743227, 0, 100000, 41.32014083862305, -32509.91015625
2001, 8125.990844482556, True, 8.314378499984741, 183, 0.44959874735743227, 0, 100000, 40.07489013671875, -32354.150390625
2002, 8075.718377722427, True, 10.515060663223267, 237, 0.44959874735743227, 0, 100000, 43.13827133178711, -32494.849609375
2003, -9885.256034083664, False, 15.372375965118408, 331, 0.44959874735743227, 0, 100000, 42.01554870605469, -32863.58984375
2004, -8907.05258459691, False, 23.41448998451233, 513, 0.44959874735743227, 0, 100000, 42.62504959106445, -32316.8984375
2005, 8112.402800254524, True, 6.653660774230957, 150, 0.44959874735743227, 0, 100000, 40.12483215332031, -32682.4609375
2006, 8183.807815395296, True, 10.661737442016602, 237, 0.44959874735743227, 0, 100000, 44.6866455078125, -32826.75
2007, 8517.790592456004, True, 17.29355025291443, 377, 0.44959874735743227, 0, 100000, 42.09856414794922, -32289.556640625
2008, -8036.990937009454, False, 6.752599000930786, 160, 0.44959874735743227, 0, 100000, 43.22283172607422, -32519.578125
2009, 5086.040732933208, True, 27.025156259536743, 586, 0.44959874735743227, 0, 100000, 43.27092742919922, -32685.9140625
2010, 6370.6625366695225, True, 24.18529486656189, 533, 0.44959874735743227, 0, 100000, 42.37708282470703, -32807.51171875
2011, -7245.440982108936, False, 17.74927568435669, 386, 0.44959874735743227, 0, 100000, 41.699337005615234, -32396.3984375
2012, 8093.450370315462, True, 6.6625587940216064, 150, 0.44959874735743227, 0, 100000, 39.11279296875, -32352.6796875
2013, 7956.245043121278, True, 31.595404148101807, 681, 0.44959874735743227, 0, 100000, 44.08917999267578, -32406.869140625
2014, 6400.067901340313, True, 18.76218581199646, 415, 0.44959874735743227, 0, 100000, 42.94388198852539, -32693.75390625
2015, -7516.480203717947, False, 12.196996927261353, 271, 0.44959874735743227, 0, 100000, 43.381011962890625, -32843.5859375
2016, 8107.814397491515, True, 7.124577522277832, 154, 0.44959874735743227, 0, 100000, 41.173194885253906, -32085.755859375
2017, 7938.989323861897, True, 20.922488689422607, 455, 0.44959874735743227, 0, 100000, 43.3694953918457, -32955.78515625
2018, 7643.883553206921, True, 12.320170879364014, 268, 0.44959874735743227, 0, 100000, 43.42134475708008, -33064.1796875
2019, -7181.5697754938155, False, 5.1095850467681885, 116, 0.44959874735743227, 0, 100000, 41.49723434448242, -32012.953125
2020, 8070.220810547471, True, 6.069791316986084, 136, 0.44959874735743227, 0, 100000, 41.02979278564453, -33503.94140625
2021, 8367.508544009179, True, 13.662300109863281, 307, 0.44959874735743227, 0, 100000, 44.93034744262695, -34416.40234375
2022, -7550.702540214872, False, 16.159047842025757, 341, 0.44959874735743227, 0, 100000, 42.32722473144531, -34041.02734375
2023, -10627.711196666583, False, 30.262924194335938, 655, 0.44959874735743227, 0, 100000, 43.305870056152344, -33921.0546875
2024, -6804.570433204994, False, 9.167099714279175, 206, 0.44959874735743227, 0, 100000, 45.985130310058594, -33098.33203125
2025, -10122.79662836343, False, 16.36320400238037, 356, 0.44959874735743227, 0, 100000, 42.459686279296875, -33443.52734375
2026, 6507.705107181333, True, 18.17850637435913, 395, 0.44959874735743227, 0, 100000, 43.591819763183594, -33203.25
2027, 8364.112680350663, True, 19.030869483947754, 417, 0.44959874735743227, 0, 100000, 44.36332702636719, -34035.7421875
2028, -7640.5620738451835, False, 29.868353366851807, 641, 0.44959874735743227, 0, 100000, 40.73120880126953, -33620.3046875
2029, 8294.005567147397, True, 9.82320761680603, 222, 0.44959874735743227, 0, 100000, 42.01976776123047, -33693.87109375
2030, -7784.434902366251, False, 24.098706007003784, 519, 0.44959874735743227, 0, 100000, 42.38443374633789, -33897.2578125
2031, 8032.688595342683, True, 8.22448205947876, 184, 0.44959874735743227, 0, 100000, 45.741424560546875, -33614.0703125
2032, 8099.530312224291, True, 8.942476511001587, 197, 0.44959874735743227, 0, 100000, 37.970436096191406, -34057.8671875
2033, 7209.104974601418, True, 19.074812412261963, 414, 0.44959874735743227, 0, 100000, 41.681697845458984, -34963.453125
2034, 8088.794468417764, True, 10.592127799987793, 227, 0.44959874735743227, 0, 100000, 40.37455368041992, -34350.73828125
2035, 8183.671941557899, True, 9.545677185058594, 212, 0.44959874735743227, 0, 100000, 40.60234451293945, -34950.99609375
2036, -7023.8990650475025, False, 2.901118516921997, 66, 0.44959874735743227, 0, 100000, 40.5584602355957, -34770.58984375
2037, -7486.238485571928, False, 9.77303433418274, 217, 0.44959874735743227, 0, 100000, 41.525875091552734, -34449.703125
2038, -10345.497398131527, False, 14.285328149795532, 313, 0.44959874735743227, 0, 100000, 45.56958770751953, -34831.48046875
2039, 8330.77083349973, True, 10.688186168670654, 240, 0.44959874735743227, 0, 100000, 43.86119079589844, -35116.08984375
2040, 8608.841089946683, True, 20.80024290084839, 449, 0.44959874735743227, 0, 100000, 44.3046989440918, -35265.85546875
2041, -16366.353565394878, False, 23.414483785629272, 520, 0.44959874735743227, 0, 100000, 43.98759078979492, -35098.13671875
2042, 8088.162839017808, True, 6.284348964691162, 141, 0.44959874735743227, 0, 100000, 45.79817199707031, -34339.640625
2043, 8302.731953773648, True, 13.047508478164673, 292, 0.44959874735743227, 0, 100000, 45.14047622680664, -34890.625
2044, 7171.541017992422, True, 18.406097173690796, 404, 0.44959874735743227, 0, 100000, 41.75913619995117, -35119.171875
2045, -10176.40770804882, False, 6.542871713638306, 147, 0.44959874735743227, 0, 100000, 42.21886444091797, -34958.03125
2046, -7145.198173501529, False, 9.162762880325317, 203, 0.44959874735743227, 0, 100000, 41.76831817626953, -35470.15625
2047, 8313.215294204652, True, 8.919315814971924, 200, 0.44959874735743227, 0, 100000, 42.09514236450195, -34384.328125
2048, 8116.77021060104, True, 26.88434648513794, 583, 0.44959874735743227, 0, 100000, 42.12183380126953, -34912.23046875
2049, 8178.3569165579975, True, 27.45279812812805, 600, 0.44959874735743227, 0, 100000, 42.1603889465332, -35110.125
2050, -9769.126352681778, False, 21.935088872909546, 479, 0.44959874735743227, 0, 100000, 43.22746276855469, -35275.67578125
2051, 5474.796736330347, True, 35.34417390823364, 765, 0.44959874735743227, 0, 100000, 44.88377380371094, -35178.7421875
2052, 8360.630509754643, True, 18.96424698829651, 410, 0.44959874735743227, 0, 100000, 42.29128646850586, -34941.6875
2053, -8298.045176745858, False, 23.106824159622192, 488, 0.44959874735743227, 0, 100000, 42.64903259277344, -35287.85546875
2054, 8264.909431621432, True, 9.970865249633789, 216, 0.44959874735743227, 0, 100000, 43.66093444824219, -34047.5
2055, 8504.407937638462, True, 21.670626401901245, 451, 0.44959874735743227, 0, 100000, 41.14448547363281, -35460.859375
2056, -7379.373230688274, False, 5.367853403091431, 119, 0.44959874735743227, 0, 100000, 40.7314453125, -34225.13671875
2057, 8077.900708641857, True, 6.645958185195923, 151, 0.44959874735743227, 0, 100000, 42.718955993652344, -34384.31640625
2058, 8097.434741090823, True, 20.100461959838867, 439, 0.44959874735743227, 0, 100000, 42.21098327636719, -35082.796875
2059, 8277.245368294418, True, 14.782866954803467, 325, 0.44959874735743227, 0, 100000, 42.15786361694336, -35150.30078125
2060, -8507.75440360792, False, 9.415555238723755, 209, 0.44959874735743227, 0, 100000, 39.8161506652832, -33976.375
2061, -9130.502492711414, False, 25.751447200775146, 555, 0.44959874735743227, 0, 100000, 39.49171447753906, -35052.29296875
2062, -6814.831339523196, False, 10.845285654067993, 244, 0.44959874735743227, 0, 100000, 41.662391662597656, -34368.27734375
2063, -7840.889581121039, False, 12.58456039428711, 282, 0.44959874735743227, 0, 100000, 43.604522705078125, -34680.45703125
2064, 8088.481818623637, True, 13.151562452316284, 287, 0.44959874735743227, 0, 100000, 41.25837707519531, -34632.62890625
2065, -8118.022496161982, False, 13.66637134552002, 304, 0.44959874735743227, 0, 100000, 42.45235824584961, -35298.50390625
2066, 4456.314489947894, True, 26.49742341041565, 574, 0.44959874735743227, 0, 100000, 42.216835021972656, -35172.20703125
2067, 8567.578074175864, True, 20.418419361114502, 445, 0.44959874735743227, 0, 100000, 42.754783630371094, -35080.49609375
2068, -7465.153872163151, False, 13.306386709213257, 294, 0.44959874735743227, 0, 100000, 41.02409744262695, -34819.56640625
2069, 8404.654718846083, True, 15.13175344467163, 314, 0.44959874735743227, 0, 100000, 39.83415222167969, -35137.81640625
2070, -13424.51633208897, False, 52.436118364334106, 1127, 0.44959874735743227, 0, 100000, 41.18280029296875, -35342.66015625
2071, 8036.993483550847, True, 6.976448059082031, 156, 0.44959874735743227, 0, 100000, 40.085166931152344, -34992.83203125
2072, -6815.377049373696, False, 18.692518949508667, 403, 0.44959874735743227, 0, 100000, 43.432071685791016, -34674.05859375
2073, 7980.990935575217, True, 17.160354137420654, 381, 0.44959874735743227, 0, 100000, 43.11185073852539, -35103.47265625
2074, -8562.309812903404, False, 4.664629220962524, 106, 0.44959874735743227, 0, 100000, 47.13010787963867, -34610.3046875
2075, 8166.565994460136, True, 15.340313911437988, 337, 0.44959874735743227, 0, 100000, 43.160396575927734, -35198.0078125
2076, -9748.256690167822, False, 24.362848043441772, 529, 0.44959874735743227, 0, 100000, 38.651832580566406, -35193.5234375
2077, 8121.788033008575, True, 4.102423906326294, 93, 0.44959874735743227, 0, 100000, 43.07715606689453, -34253.56640625
2078, 8319.56783028366, True, 18.01501965522766, 391, 0.44959874735743227, 0, 100000, 40.19734191894531, -35007.7578125
2079, -9172.755770429068, False, 50.53184485435486, 1084, 0.44959874735743227, 0, 100000, 41.5045166015625, -34881.69140625
2080, 8065.621165312827, True, 6.900449752807617, 155, 0.44959874735743227, 0, 100000, 42.71769714355469, -34817.87890625
2081, 7331.998928504763, True, 25.205711841583252, 539, 0.44959874735743227, 0, 100000, 43.42782974243164, -34920.0546875
2082, 7572.799634408671, True, 22.29331684112549, 488, 0.44959874735743227, 0, 100000, 39.96938705444336, -35121.0078125
2083, 8103.55251884833, True, 18.278347730636597, 400, 0.44959874735743227, 0, 100000, 42.6442985534668, -34894.8046875
2084, -6645.42175043188, False, 20.506372690200806, 444, 0.44959874735743227, 0, 100000, 42.08474349975586, -35259.5859375
2085, 8120.605400286615, True, 11.48155426979065, 255, 0.44959874735743227, 0, 100000, 42.0335807800293, -35532.68359375
2086, -8245.216939638718, False, 7.366703987121582, 162, 0.44959874735743227, 0, 100000, 37.82358932495117, -35310.31640625
2087, 8332.354651505128, True, 9.958034038543701, 223, 0.44959874735743227, 0, 100000, 42.65414810180664, -34941.54296875
2088, 8400.07146210596, True, 13.279204845428467, 295, 0.44959874735743227, 0, 100000, 39.02906036376953, -34596.16796875
2089, 8160.139906734228, True, 19.280503034591675, 422, 0.44959874735743227, 0, 100000, 43.71958923339844, -34820.52734375
2090, 8116.297622203827, True, 21.227789878845215, 468, 0.44959874735743227, 0, 100000, 40.56090545654297, -35529.87890625
2091, -10405.876398090273, False, 29.343296766281128, 652, 0.44959874735743227, 0, 100000, 41.80122756958008, -35802.22265625
2092, 8013.7438608489465, True, 6.4790143966674805, 156, 0.44959874735743227, 0, 100000, 42.92284393310547, -35410.4453125
2093, 7878.970687413821, True, 10.103053569793701, 228, 0.44959874735743227, 0, 100000, 42.65195846557617, -35020.390625
2094, -7184.518285576254, False, 8.966957092285156, 198, 0.44959874735743227, 0, 100000, 39.662113189697266, -34990.984375
2095, -6883.340676324442, False, 11.9835205078125, 266, 0.44959874735743227, 0, 100000, 36.45759963989258, -35649.6484375
2096, 8288.363011460751, True, 9.872267246246338, 214, 0.44959874735743227, 0, 100000, 36.78857421875, -35482.00390625
2097, -7214.0636914838105, False, 10.305619716644287, 233, 0.44959874735743227, 0, 100000, 40.979103088378906, -36179.19921875
2098, 8311.200704813004, True, 10.130583763122559, 222, 0.44959874735743227, 0, 100000, 43.4426383972168, -35409.7265625
2099, 8275.99804424611, True, 19.7639217376709, 429, 0.44959874735743227, 0, 100000, 41.78256607055664, -36071.3203125
2100, 8051.446740108775, True, 23.183493852615356, 506, 0.44959874735743227, 0, 100000, 40.892799377441406, -35921.7421875
2101, 8599.187872383278, True, 21.6440007686615, 471, 0.44959874735743227, 0, 100000, 38.48833084106445, -35459.1015625
2102, 5570.6242016274555, True, 28.828587770462036, 628, 0.44959874735743227, 0, 100000, 40.935279846191406, -36315.15234375
2103, 8062.440111906733, True, 17.14321732521057, 403, 0.44959874735743227, 0, 100000, 41.31178665161133, -36231.421875
2104, 8461.693783170544, True, 26.279829740524292, 559, 0.44959874735743227, 0, 100000, 40.75239562988281, -36647.41015625
2105, -7195.965828411281, False, 0.5507986545562744, 13, 0.44959874735743227, 0, 100000, 47.30813980102539, -34462.19140625
2106, 8137.815542286262, True, 4.014101028442383, 90, 0.44959874735743227, 0, 100000, 42.892250061035156, -36688.68359375
2107, -7027.1976952897385, False, 5.114336729049683, 116, 0.44959874735743227, 0, 100000, 39.80409240722656, -36325.79296875
2108, 8081.8307410776615, True, 5.918702125549316, 132, 0.44959874735743227, 0, 100000, 39.87670135498047, -35566.05859375
2109, -7253.435017616488, False, 5.523462533950806, 125, 0.44959874735743227, 0, 100000, 37.852691650390625, -36301.24609375
2110, -7495.638028328307, False, 12.013649940490723, 270, 0.44959874735743227, 0, 100000, 39.08759307861328, -36272.9453125
2111, 8277.27547597792, True, 9.033480405807495, 191, 0.44959874735743227, 0, 100000, 41.7806510925293, -36187.94921875
2112, -6877.434473676607, False, 12.923343420028687, 293, 0.44959874735743227, 0, 100000, 38.66484069824219, -37017.640625
2113, 8319.07802542299, True, 10.325654029846191, 219, 0.44959874735743227, 0, 100000, 43.617774963378906, -36488.30078125
2114, -8060.053499884903, False, 6.6857078075408936, 151, 0.44959874735743227, 0, 100000, 43.09527587890625, -36838.5390625
2115, 8085.455549933016, True, 16.939333200454712, 370, 0.44959874735743227, 0, 100000, 40.703617095947266, -36910.1875
2116, 8461.861776163802, True, 21.716118812561035, 476, 0.44959874735743227, 0, 100000, 41.86899185180664, -37339.5078125
2117, 7383.2110846679425, True, 20.015987157821655, 436, 0.44959874735743227, 0, 100000, 41.2210693359375, -36973.921875
2118, -7281.384775079787, False, 12.750741958618164, 287, 0.44959874735743227, 0, 100000, 39.77504348754883, -36712.30859375
2119, 8148.983529273421, True, 13.679723501205444, 308, 0.44959874735743227, 0, 100000, 42.118770599365234, -37089.39453125
2120, -6987.96080942126, False, 18.508868932724, 386, 0.44959874735743227, 0, 100000, 42.67540740966797, -37576.203125
2121, 8141.894880508073, True, 11.345958948135376, 254, 0.44959874735743227, 0, 100000, 39.38761520385742, -38097.5625
2122, -6855.358394688228, False, 15.953922510147095, 353, 0.44959874735743227, 0, 100000, 40.70033264160156, -37276.83984375
2123, 8101.8501734426245, True, 13.5864999294281, 299, 0.44959874735743227, 0, 100000, 41.84449768066406, -37660.40234375
2124, 8252.386219942942, True, 9.866098165512085, 226, 0.44959874735743227, 0, 100000, 40.90819549560547, -37778.71875
2125, 6171.46349209547, True, 19.78937077522278, 439, 0.44959874735743227, 0, 100000, 41.2240104675293, -38037.4296875
2126, 7983.3191736856825, True, 16.66545581817627, 369, 0.44959874735743227, 0, 100000, 43.11737823486328, -38149.46484375
