episode, reward, success, duration, n_steps, epsilon, success_count, memory length, avg_critic_loss, avg_actor_loss
351, 7970.811790466309, True, 0.0210416316986084, 4, 0, 0, 3, 0.0, 0.0
352, -8214.769705295563, False, 8.154934883117676, 258, 0, 0, 260, 25.151037216186523, 5105.4248046875
353, -9941.29801082611, False, 16.36496877670288, 264, 0, 0, 523, 46.48187255859375, 12044.9013671875
354, -9145.632051110268, False, 22.542604446411133, 356, 0, 0, 878, 30.789104461669922, 14311.650390625
355, 1372.1117117404938, True, 88.6168565750122, 1461, 0, 0, 2338, 22.44131851196289, 16439.6171875
356, 7260.300667583942, True, 15.393091440200806, 276, 0, 0, 2613, 18.030733108520508, 17162.662109375
357, -9211.05339384079, False, 16.832682847976685, 298, 0, 0, 2910, 18.433666229248047, 16883.888671875
358, 7177.032395303249, True, 12.600589990615845, 221, 0, 0, 3130, 18.138774871826172, 17175.74609375
359, 5547.268372535706, True, 20.12930703163147, 413, 0, 0, 3542, 23.99053192138672, 17221.42578125
360, -14151.529316186905, False, 37.83638024330139, 809, 0, 0, 4350, 20.903636932373047, 17052.40234375
361, 7570.511372864246, True, 10.071710348129272, 214, 0, 0, 4563, 16.14472198486328, 17991.001953125
362, 7227.337094426155, True, 13.561632633209229, 292, 0, 0, 4854, 21.73792266845703, 17757.71875
363, -16374.037572979927, False, 58.021393060684204, 1176, 0, 0, 6029, 21.660573959350586, 18337.455078125
364, -9364.347039759159, False, 30.19618844985962, 555, 0, 0, 6583, 20.372581481933594, 18958.08203125
365, -7506.149488687515, False, 9.392891883850098, 197, 0, 0, 6779, 18.72146224975586, 18804.853515625
366, 7898.721983134747, True, 4.241281509399414, 85, 0, 0, 6863, 17.965198516845703, 18584.404296875
367, -17599.441844284534, False, 56.45176100730896, 1196, 0, 0, 8058, 22.050207138061523, 19019.060546875
368, -9601.106245398521, False, 13.585440158843994, 285, 0, 0, 8342, 24.598773956298828, 20181.353515625
369, 6933.626147419214, True, 21.722436904907227, 456, 0, 0, 8797, 21.590702056884766, 20105.71875
370, -9349.456765651703, False, 8.12474274635315, 173, 0, 0, 8969, 25.544681549072266, 20270.59765625
371, -11152.178055882454, False, 32.12752175331116, 675, 0, 0, 9643, 21.830520629882812, 20730.5546875
372, -8280.281344413757, False, 11.921045780181885, 248, 0, 0, 9890, 21.13104248046875, 20558.9296875
373, -11706.394005715847, False, 40.063286542892456, 848, 0, 0, 10737, 21.486818313598633, 20504.375
374, 7861.987130045891, True, 4.341781139373779, 91, 0, 0, 10827, 17.89691925048828, 20380.384765625
375, 7176.999199569225, True, 18.99125647544861, 399, 0, 0, 11225, 24.1210994720459, 20424.541015625
376, -8847.346632480621, False, 5.616582155227661, 117, 0, 0, 11341, 21.07037353515625, 20174.451171875
377, 7128.75150257349, True, 17.25236988067627, 362, 0, 0, 11702, 19.819482803344727, 20256.87890625
378, -8767.00442314148, False, 8.668126106262207, 181, 0, 0, 11882, 20.33684730529785, 20249.47265625
379, 7779.026042252779, True, 5.681872129440308, 121, 0, 0, 12002, 23.645275115966797, 20150.193359375
380, -10007.811037421227, False, 24.1896231174469, 512, 0, 0, 12513, 22.526626586914062, 20364.77734375
381, 7533.499092280865, True, 10.677319765090942, 226, 0, 0, 12738, 25.981191635131836, 20321.236328125
382, -13300.267214298248, False, 25.82258176803589, 532, 0, 0, 13269, 23.288705825805664, 20602.0390625
383, 5369.343130946159, True, 21.82648515701294, 447, 0, 0, 13715, 24.915367126464844, 21376.958984375
384, 5390.293988585472, True, 16.420912742614746, 330, 0, 0, 14044, 23.358150482177734, 21102.5390625
385, -10555.28178036213, False, 15.16610336303711, 309, 0, 0, 14352, 23.7889347076416, 21050.91796875
386, 7719.047780454159, True, 12.33591341972351, 195, 0, 0, 14546, 19.37428855895996, 21420.158203125
387, -7792.775395691395, False, 12.458335638046265, 213, 0, 0, 14758, 21.69740104675293, 21098.478515625
388, 7670.508829474449, True, 10.321633338928223, 213, 0, 0, 14970, 25.360395431518555, 20885.310546875
389, -19364.794611930847, False, 42.067591190338135, 893, 0, 0, 15862, 24.484861373901367, 21361.271484375
390, -10783.189035117626, False, 33.136666774749756, 614, 0, 0, 16475, 23.18201446533203, 22879.673828125
391, 7208.295240208507, True, 14.301653623580933, 225, 0, 0, 16699, 26.611536026000977, 23039.26171875
392, -9102.096247762442, False, 33.13544416427612, 662, 0, 0, 17360, 22.272789001464844, 22951.8359375
393, -9681.55120664835, False, 33.333038568496704, 719, 0, 0, 18078, 23.98783302307129, 22750.384765625
394, 7293.066543400288, True, 12.669876337051392, 245, 0, 0, 18322, 22.708242416381836, 22735.509765625
395, -11564.157896101475, False, 26.89148211479187, 613, 0, 0, 18934, 23.711103439331055, 22744.43359375
396, 7618.65691062808, True, 10.717212677001953, 200, 0, 0, 19133, 26.8289852142334, 23042.03515625
397, -7746.437777936459, False, 13.029940605163574, 285, 0, 0, 19417, 26.64109230041504, 22789.2578125
398, -7612.928376913071, False, 6.825466632843018, 124, 0, 0, 19540, 20.97527503967285, 22718.69140625
399, 7727.7594864964485, True, 7.378603219985962, 151, 0, 0, 19690, 22.322874069213867, 22821.96484375
400, 7288.224045917392, True, 17.4367196559906, 392, 0, 0, 20081, 23.593204498291016, 22761.08203125
401, -12520.040067017078, False, 34.28132200241089, 731, 0, 0, 20811, 22.566917419433594, 22587.970703125
402, -8289.52590483427, False, 12.418617963790894, 231, 0, 0, 21041, 21.418079376220703, 22650.64453125
403, 5192.674855053425, True, 25.167011737823486, 555, 0, 0, 21595, 24.361209869384766, 22549.494140625
404, -13705.03120982647, False, 33.92356634140015, 721, 0, 0, 22315, 22.202383041381836, 22659.791015625
405, -8076.714207172394, False, 11.127878665924072, 206, 0, 0, 22520, 20.471765518188477, 22738.1328125
406, -7871.249674499035, False, 9.975288391113281, 209, 0, 0, 22728, 27.238801956176758, 22696.50390625
407, 7908.1723091602325, True, 4.184335470199585, 98, 0, 0, 22825, 22.01080894470215, 22715.306640625
408, -8604.479289352894, False, 12.681721925735474, 288, 0, 0, 23112, 21.58905029296875, 22684.890625
409, -10849.155218422413, False, 16.26562809944153, 351, 0, 0, 23462, 25.906190872192383, 22593.26171875
410, 7629.709145963192, True, 10.432328462600708, 199, 0, 0, 23660, 25.55915069580078, 22370.203125
411, 7363.137018024921, True, 13.366634845733643, 296, 0, 0, 23955, 25.522205352783203, 22430.626953125
412, 5513.381067276001, True, 29.001647472381592, 701, 0, 0, 24655, 26.402790069580078, 22361.51953125
413, -7931.484979629517, False, 8.931821823120117, 216, 0, 0, 24870, 25.57105255126953, 22244.3125
414, 7133.431657642126, True, 11.386447429656982, 272, 0, 0, 25141, 24.88425636291504, 22188.48046875
415, 7458.985850036144, True, 10.700055837631226, 201, 0, 0, 25341, 27.708168029785156, 22385.220703125
416, 7583.869316399097, True, 15.491661787033081, 346, 0, 0, 25686, 25.64261245727539, 22125.375
417, -16018.668019652367, False, 41.78490686416626, 881, 0, 0, 26566, 21.390010833740234, 21908.71484375
418, -8419.907951235771, False, 11.50109076499939, 220, 0, 0, 26785, 22.166330337524414, 22505.529296875
419, 7911.949783921242, True, 4.109623908996582, 82, 0, 0, 26866, 25.500059127807617, 22124.05859375
420, -7860.315476119518, False, 8.096839666366577, 188, 0, 0, 27053, 29.243558883666992, 22447.669921875
421, 7111.600381344557, True, 14.84958815574646, 347, 0, 0, 27399, 24.732852935791016, 22269.685546875
422, 5364.20946700871, True, 29.82225775718689, 633, 0, 0, 28031, 24.90566635131836, 22200.34765625
423, 7058.500416815281, True, 19.259276628494263, 394, 0, 0, 28424, 23.989688873291016, 21972.0078125
424, 7528.590577125549, True, 13.277570247650146, 295, 0, 0, 28718, 22.57687759399414, 21729.69921875
425, -14802.784283518791, False, 24.36253833770752, 526, 0, 0, 29243, 24.747529983520508, 22304.591796875
426, -8938.358193814754, False, 14.61814284324646, 284, 0, 0, 29526, 24.666349411010742, 22580.384765625
427, 7492.12479993701, True, 14.10157322883606, 331, 0, 0, 29856, 26.34588623046875, 22551.197265625
428, -11542.36852490902, False, 31.031074047088623, 664, 0, 0, 30519, 24.73125648498535, 22435.787109375
429, 7724.737686514854, True, 7.023273706436157, 133, 0, 0, 30651, 21.319866180419922, 22489.193359375
430, -15409.33159661293, False, 18.412407636642456, 395, 0, 0, 31045, 29.0438232421875, 22983.28515625
431, -7688.618308186531, False, 11.402629137039185, 213, 0, 0, 31257, 27.47226905822754, 22968.349609375
432, 7195.200071573257, True, 11.175887823104858, 245, 0, 0, 31501, 26.13704490661621, 23066.8515625
433, -15415.180840492249, False, 30.86352276802063, 677, 0, 0, 32177, 24.92107582092285, 23037.5546875
434, 6938.754055768251, True, 18.88289523124695, 389, 0, 0, 32565, 29.032466888427734, 23107.919921875
435, 7343.234597086906, True, 13.63899040222168, 324, 0, 0, 32888, 23.189970016479492, 23276.5703125
436, 5658.261854767799, True, 31.265031099319458, 658, 0, 0, 33545, 25.609262466430664, 22987.908203125
437, 4333.169440880418, True, 25.531604766845703, 536, 0, 0, 34080, 23.85409164428711, 23086.97265625
438, -8311.149016678333, False, 11.883409261703491, 253, 0, 0, 34332, 25.683998107910156, 22907.9609375
439, 6256.755285859108, True, 21.75513219833374, 451, 0, 0, 34782, 28.2244930267334, 23149.228515625
440, -8795.606313347816, False, 13.647123336791992, 257, 0, 0, 35038, 25.051902770996094, 23027.296875
441, -8712.722055852413, False, 11.040120601654053, 260, 0, 0, 35297, 28.37306022644043, 22961.73046875
442, 7784.586382687092, True, 9.643591165542603, 176, 0, 0, 35472, 22.822227478027344, 22972.8359375
443, -12367.338973999023, False, 23.105895280838013, 510, 0, 0, 35981, 29.737377166748047, 23326.296875
444, -7752.086165130138, False, 11.425361156463623, 245, 0, 0, 36225, 26.8413028717041, 23301.51171875
445, 7701.418055176735, True, 6.384275913238525, 123, 0, 0, 36347, 26.49239730834961, 23523.673828125
446, -8029.856737375259, False, 6.028684139251709, 113, 0, 0, 36459, 26.34992027282715, 23025.91796875
447, 7914.164142251015, True, 4.314978361129761, 80, 0, 0, 36538, 30.21512222290039, 23352.08984375
448, -11256.374227046967, False, 11.131647109985352, 243, 0, 0, 36780, 27.776525497436523, 23202.0390625
449, 7909.530449390411, True, 4.240406274795532, 84, 0, 0, 36863, 28.5814208984375, 23335.060546875
450, -11299.013064146042, False, 11.475875616073608, 220, 0, 0, 37082, 22.695148468017578, 23517.654296875
451, 7893.261193156242, True, 4.207192659378052, 100, 0, 0, 37181, 25.369264602661133, 23580.98828125
452, -12680.075175344944, False, 55.228883266448975, 1188, 0, 0, 38368, 26.005573272705078, 23592.140625
453, 7632.711470469832, True, 12.808292865753174, 243, 0, 0, 38610, 30.976179122924805, 23607.54296875
454, 7095.731136798859, True, 12.185121774673462, 291, 0, 0, 38900, 30.29433822631836, 23506.234375
455, -8852.349400222301, False, 16.233110666275024, 386, 0, 0, 39285, 26.377033233642578, 23643.705078125
456, 7682.4764659404755, True, 6.050152063369751, 145, 0, 0, 39429, 26.55887222290039, 23131.904296875
457, -10490.546979427338, False, 12.835443258285522, 246, 0, 0, 39674, 26.46859359741211, 23643.509765625
458, 7516.862162947655, True, 8.302425146102905, 177, 0, 0, 39850, 27.314952850341797, 23699.48046875
459, -7822.38692510128, False, 8.471458435058594, 195, 0, 0, 40044, 27.720809936523438, 23772.6328125
460, -7873.0623433589935, False, 8.640381813049316, 202, 0, 0, 40245, 26.258481979370117, 23776.490234375
461, -7854.792236089706, False, 10.161194324493408, 195, 0, 0, 40439, 23.743898391723633, 23509.501953125
462, -8906.089085578918, False, 12.614615201950073, 275, 0, 0, 40713, 27.892873764038086, 23951.279296875
463, -7766.66756105423, False, 11.077660083770752, 259, 0, 0, 40971, 27.87003517150879, 23623.083984375
464, -8328.03026074171, False, 7.129778861999512, 172, 0, 0, 41142, 30.147390365600586, 23548.912109375
465, 6484.229928821325, True, 22.699077606201172, 469, 0, 0, 41610, 31.13346290588379, 23885.79296875
466, -8112.341123580933, False, 8.271004915237427, 193, 0, 0, 41802, 29.519142150878906, 23506.12109375
467, -7869.458500564098, False, 10.368550777435303, 192, 0, 0, 41993, 30.730504989624023, 23665.552734375
468, 6837.74047935009, True, 13.11025619506836, 292, 0, 0, 42284, 31.846555709838867, 23803.44921875
469, 5395.479537919164, True, 20.012837886810303, 413, 0, 0, 42696, 25.906558990478516, 23722.357421875
470, -8030.763932228088, False, 9.332121133804321, 208, 0, 0, 42903, 29.946340560913086, 23599.2890625
471, -7905.408087968826, False, 9.351212501525879, 180, 0, 0, 43082, 28.220266342163086, 23604.5546875
472, 7922.830153763294, True, 4.282292604446411, 76, 0, 0, 43157, 25.7436580657959, 23671.263671875
473, 5377.5187779814005, True, 20.204741954803467, 451, 0, 0, 43607, 27.949705123901367, 23888.5390625
474, -10646.697477519512, False, 17.707412242889404, 380, 0, 0, 43986, 28.296682357788086, 23957.17578125
475, 7495.42101675272, True, 10.43811559677124, 186, 0, 0, 44171, 28.992788314819336, 23507.0625
476, 7183.728795170784, True, 19.3325617313385, 423, 0, 0, 44593, 29.829944610595703, 24048.83984375
477, -13061.102890014648, False, 20.3774836063385, 424, 0, 0, 45016, 30.64216423034668, 23957.658203125
478, 7758.4247805178165, True, 6.240289211273193, 140, 0, 0, 45155, 34.994598388671875, 23931.015625
479, 7291.158800244331, True, 18.97016716003418, 391, 0, 0, 45545, 27.616565704345703, 24150.51953125
480, -7861.261427402496, False, 7.113969802856445, 172, 0, 0, 45716, 25.156295776367188, 24392.525390625
481, 7906.839433252811, True, 4.0087831020355225, 95, 0, 0, 45810, 26.7836856842041, 23882.767578125
482, -9552.265132784843, False, 18.167027950286865, 414, 0, 0, 46223, 28.117647171020508, 24328.6640625
483, 7664.349253177643, True, 8.360847234725952, 161, 0, 0, 46383, 24.988903045654297, 23810.85546875
484, 7226.37519466877, True, 11.572415351867676, 228, 0, 0, 46610, 26.999303817749023, 23786.265625
485, 7576.490824699402, True, 9.541627645492554, 228, 0, 0, 46837, 30.759939193725586, 23939.603515625
486, 7773.176269412041, True, 9.234375, 171, 0, 0, 47007, 28.292341232299805, 23900.18359375
487, 6730.963359624147, True, 15.877480268478394, 358, 0, 0, 47364, 29.957836151123047, 24135.232421875
488, 4135.888985961676, True, 38.10196852684021, 816, 0, 0, 48179, 29.433670043945312, 23887.03515625
489, 6045.330537080765, True, 21.862375736236572, 468, 0, 0, 48646, 28.294504165649414, 23812.333984375
490, 7412.742910385132, True, 14.121165752410889, 270, 0, 0, 48915, 30.94032096862793, 23833.046875
491, 7372.027005672455, True, 11.54977297782898, 272, 0, 0, 49186, 28.444992065429688, 23597.869140625
492, 6458.823196530342, True, 20.72760796546936, 460, 0, 0, 49645, 28.28829574584961, 23701.986328125
493, 7084.1985403597355, True, 17.174583196640015, 347, 0, 0, 49991, 27.418903350830078, 23713.693359375
494, 6451.082893371582, True, 19.34859538078308, 443, 0, 0, 50433, 26.0402889251709, 23743.03125
495, 7275.1191193163395, True, 17.645589590072632, 363, 0, 0, 50795, 28.87522315979004, 23482.310546875
496, 7078.510955482721, True, 19.922202825546265, 446, 0, 0, 51240, 28.58897590637207, 23609.55078125
497, 6518.222080260515, True, 25.514121770858765, 512, 0, 0, 51751, 30.052749633789062, 23559.607421875
498, 6970.255065023899, True, 25.072142839431763, 525, 0, 0, 52275, 27.898258209228516, 23427.154296875
499, 5686.288931041956, True, 29.604618072509766, 617, 0, 0, 52891, 27.073171615600586, 23478.14453125
500, 7546.35193926096, True, 9.838977813720703, 184, 0, 0, 53074, 27.206859588623047, 23403.810546875
501, 7638.739567428827, True, 9.282149076461792, 196, 0, 0, 53269, 30.12717056274414, 23725.7109375
502, -9616.562608778477, False, 15.547976970672607, 354, 0, 0, 53622, 29.963624954223633, 23265.3359375
503, 7658.171561449766, True, 10.19882345199585, 186, 0, 0, 53807, 29.53427505493164, 23181.615234375
504, 6863.333366900682, True, 18.21056842803955, 400, 0, 0, 54206, 29.06934356689453, 23318.40234375
505, 5423.9791040718555, True, 31.46150255203247, 672, 0, 0, 54877, 31.161897659301758, 23247.361328125
506, 6985.155745387077, True, 21.225959300994873, 443, 0, 0, 55319, 27.057329177856445, 23179.861328125
507, -7832.046128749847, False, 3.229945421218872, 59, 0, 0, 55377, 26.38240623474121, 22571.984375
508, 6636.444689631462, True, 16.070556163787842, 326, 0, 0, 55702, 27.33289337158203, 23233.193359375
509, 7302.256637588143, True, 17.791815042495728, 391, 0, 0, 56092, 27.04256820678711, 23176.2734375
510, 5317.51604539156, True, 26.13132905960083, 543, 0, 0, 56634, 31.072975158691406, 23334.484375
511, -12265.516906738281, False, 44.52614665031433, 930, 0, 0, 57563, 31.452451705932617, 23184.4765625
512, 7639.458711385727, True, 8.571875095367432, 153, 0, 0, 57715, 35.653202056884766, 23104.71484375
513, 7453.665570139885, True, 9.88103175163269, 184, 0, 0, 57898, 28.275405883789062, 22966.376953125
514, 3660.7080837488174, True, 36.280415058135986, 798, 0, 0, 58695, 28.863723754882812, 23072.025390625
515, -7553.813637137413, False, 3.303394317626953, 64, 0, 0, 58758, 23.147369384765625, 22264.8046875
516, 5399.948506206274, True, 15.831387996673584, 322, 0, 0, 59079, 28.56146812438965, 23173.48828125
517, 4412.495512187481, True, 31.77782130241394, 693, 0, 0, 59771, 29.802284240722656, 23027.54296875
518, 6007.607028007507, True, 16.894806385040283, 347, 0, 0, 60117, 28.320804595947266, 23351.3515625
519, 7189.0725102722645, True, 16.6259605884552, 336, 0, 0, 60452, 28.676925659179688, 22836.6796875
520, 7365.254217892885, True, 11.07225513458252, 258, 0, 0, 60709, 25.368677139282227, 22910.64453125
521, 6699.933962225914, True, 20.952239274978638, 432, 0, 0, 61140, 27.862001419067383, 23064.984375
522, 6565.407627046108, True, 21.048166036605835, 467, 0, 0, 61606, 26.44832420349121, 22988.88671875
523, -8726.74285686016, False, 14.757517337799072, 291, 0, 0, 61896, 31.101736068725586, 23012.13671875
524, 6959.771714270115, True, 15.286977291107178, 353, 0, 0, 62248, 27.914392471313477, 22991.884765625
525, 4772.959250539541, True, 41.610209703445435, 912, 0, 0, 63159, 30.986604690551758, 23157.228515625
526, 6673.116170704365, True, 23.777302503585815, 504, 0, 0, 63662, 30.490127563476562, 22979.791015625
527, -8366.967058181763, False, 5.130228281021118, 96, 0, 0, 63757, 29.537630081176758, 22475.580078125
528, -12544.764925003052, False, 16.808106422424316, 350, 0, 0, 64106, 25.080259323120117, 23081.5234375
529, 5858.607040345669, True, 28.753403902053833, 599, 0, 0, 64704, 28.08831787109375, 23172.16796875
530, 7193.268172323704, True, 17.233795642852783, 365, 0, 0, 65068, 31.98111343383789, 23132.98046875
531, -8433.87270784378, False, 10.099437475204468, 187, 0, 0, 65254, 31.816326141357422, 22993.7265625
532, 5498.837093949318, True, 25.165082693099976, 545, 0, 0, 65798, 30.26824378967285, 23194.611328125
533, -9836.940552175045, False, 30.8399920463562, 653, 0, 0, 66450, 28.585304260253906, 23276.759765625
534, 7758.877084672451, True, 5.870546340942383, 113, 0, 0, 66562, 27.684951782226562, 22801.16796875
535, 7684.489387452602, True, 9.91683840751648, 182, 0, 0, 66743, 26.393047332763672, 23385.07421875
536, 2953.9341816157103, True, 42.97639203071594, 932, 0, 0, 67674, 30.540712356567383, 23076.296875
537, 5390.854198753834, True, 30.16507339477539, 631, 0, 0, 68304, 29.88009262084961, 23084.064453125
538, -8534.139456987381, False, 8.06278920173645, 157, 0, 0, 68460, 31.499467849731445, 23095.30859375
539, -13115.168492257595, False, 22.578609228134155, 475, 0, 0, 68934, 30.16136360168457, 22892.703125
540, 7893.4885930120945, True, 4.305845260620117, 82, 0, 0, 69015, 31.679182052612305, 23088.44140625
541, -221.46182641386986, True, 68.01733326911926, 1455, 0, 0, 70469, 28.421606063842773, 23312.640625
542, 7234.523133307695, True, 14.507154703140259, 291, 0, 0, 70759, 27.589094161987305, 23109.70703125
543, -12943.852448940277, False, 25.824805736541748, 596, 0, 0, 71354, 30.395606994628906, 23296.322265625
544, 7558.2587450146675, True, 9.960253715515137, 185, 0, 0, 71538, 26.376087188720703, 23326.984375
545, 7572.572844684124, True, 9.923598289489746, 211, 0, 0, 71748, 29.413583755493164, 23236.90234375
546, 6885.050774037838, True, 12.32027530670166, 289, 0, 0, 72036, 33.554107666015625, 23076.671875
547, 7148.843965798616, True, 20.921186685562134, 493, 0, 0, 72528, 29.642688751220703, 23243.966796875
548, 6926.731164485216, True, 21.63913321495056, 454, 0, 0, 72981, 30.518573760986328, 23076.94921875
549, 6991.4788971841335, True, 17.74508500099182, 417, 0, 0, 73397, 28.396194458007812, 23206.884765625
550, 7350.024296492338, True, 18.29899024963379, 365, 0, 0, 73761, 27.293067932128906, 23035.796875
551, 7189.616636514664, True, 15.657589673995972, 292, 0, 0, 74052, 29.74387550354004, 22725.013671875
552, 3853.9133809804916, True, 36.6574923992157, 807, 0, 0, 74858, 29.76348304748535, 23027.34765625
553, -12855.706516802311, False, 32.10653805732727, 696, 0, 0, 75553, 29.122058868408203, 23109.1171875
554, 2856.2098495066166, True, 27.62513828277588, 652, 0, 0, 76204, 28.10557746887207, 23147.7890625
555, 6716.629030659795, True, 27.292977809906006, 583, 0, 0, 76786, 32.30388641357422, 23436.1484375
556, -10689.330958425999, False, 25.690773010253906, 546, 0, 0, 77331, 26.860889434814453, 23429.3203125
557, 7691.237942397594, True, 10.79852843284607, 203, 0, 0, 77533, 26.420080184936523, 23342.345703125
558, 3542.4145223498344, True, 33.49925756454468, 761, 0, 0, 78293, 28.416837692260742, 23425.36328125
559, -9383.486681580544, False, 25.031569719314575, 545, 0, 0, 78837, 27.92198371887207, 23146.064453125
560, -7546.44097918272, False, 9.120489597320557, 207, 0, 0, 79043, 31.337787628173828, 23328.3984375
561, 6442.164107859135, True, 23.541927576065063, 542, 0, 0, 79584, 30.779130935668945, 23157.572265625
562, 7210.541873931885, True, 15.912096977233887, 369, 0, 0, 79952, 29.81659698486328, 23403.78515625
563, 5770.88976483047, True, 20.25030207633972, 475, 0, 0, 80426, 30.9913387298584, 23246.35546875
564, 5904.965549044311, True, 23.295230388641357, 547, 0, 0, 80972, 27.81709861755371, 23167.7578125
565, 6393.2447465360165, True, 28.247507572174072, 657, 0, 0, 81628, 28.31003761291504, 23096.720703125
566, -8727.237890481949, False, 8.40396237373352, 198, 0, 0, 81825, 27.461902618408203, 23081.640625
567, 6941.132418900728, True, 16.164082527160645, 381, 0, 0, 82205, 29.22469139099121, 23212.884765625
568, -8077.767025709152, False, 13.074623823165894, 307, 0, 0, 82511, 29.681684494018555, 23167.416015625
569, 6511.198987901211, True, 15.530412435531616, 365, 0, 0, 82875, 28.722864151000977, 23081.25390625
570, -11731.51519036293, False, 20.240732192993164, 411, 0, 0, 83285, 29.44756317138672, 23022.421875
571, -8054.481793522835, False, 12.11559247970581, 284, 0, 0, 83568, 29.17425537109375, 23382.830078125
572, -8126.857516169548, False, 11.783290147781372, 221, 0, 0, 83788, 26.358375549316406, 23435.6015625
573, -8023.80850571394, False, 9.550069093704224, 178, 0, 0, 83965, 27.160354614257812, 23131.326171875
574, 7712.743632286787, True, 7.686403036117554, 147, 0, 0, 84111, 28.591590881347656, 23167.099609375
575, -11716.91296851635, False, 32.75382113456726, 757, 0, 0, 84867, 29.483030319213867, 23244.705078125
576, 7854.496547281742, True, 4.16653037071228, 96, 0, 0, 84962, 21.87443733215332, 23523.181640625
577, 7577.897584378719, True, 9.862483739852905, 228, 0, 0, 85189, 29.56892967224121, 23127.056640625
578, 6362.439669281244, True, 18.052754640579224, 420, 0, 0, 85608, 30.879125595092773, 23221.6328125
579, 6285.8739182055, True, 26.133686065673828, 611, 0, 0, 86218, 29.00356101989746, 23294.509765625
580, -32073.294742822647, False, 62.032306432724, 1456, 0, 0, 87673, 27.539743423461914, 23265.236328125
581, -10493.459990262985, False, 12.024304628372192, 281, 0, 0, 87953, 29.36635398864746, 23702.890625
582, -9502.115948796272, False, 20.053093671798706, 402, 0, 0, 88354, 28.867782592773438, 23657.48828125
583, -12843.525243520737, False, 68.90675067901611, 1626, 0, 0, 89979, 28.506250381469727, 23794.017578125
584, 6430.691820144653, True, 13.27232551574707, 311, 0, 0, 90289, 27.370302200317383, 23592.314453125
585, -9222.808222472668, False, 14.692661762237549, 341, 0, 0, 90629, 29.572355270385742, 23747.666015625
586, -7683.486278951168, False, 11.97435998916626, 231, 0, 0, 90859, 32.3487548828125, 23449.755859375
587, 7636.826881468296, True, 11.092993021011353, 213, 0, 0, 91071, 32.39772415161133, 23724.55078125
588, -12368.425325870514, False, 47.811429262161255, 1060, 0, 0, 92130, 27.680335998535156, 23806.193359375
589, -10947.20319724083, False, 11.672688961029053, 277, 0, 0, 92406, 28.96355628967285, 23755.689453125
590, 7637.732751190662, True, 6.044440984725952, 139, 0, 0, 92544, 30.02100372314453, 23915.126953125
591, 6828.690148532391, True, 14.530503988265991, 344, 0, 0, 92887, 28.69294548034668, 23754.755859375
592, -7662.504416227341, False, 5.076652526855469, 116, 0, 0, 93002, 32.4340934753418, 23529.69140625
593, 7037.703067541122, True, 12.804498195648193, 300, 0, 0, 93301, 27.98204803466797, 24100.2109375
594, 6717.571033775806, True, 10.873284578323364, 255, 0, 0, 93555, 28.95313835144043, 23615.884765625
595, -12212.168276846409, False, 28.799386501312256, 682, 0, 0, 94236, 28.570240020751953, 23685.27734375
596, -7571.18390917778, False, 9.01062273979187, 211, 0, 0, 94446, 31.923086166381836, 23835.42578125
597, 5838.288930118084, True, 15.12062668800354, 352, 0, 0, 94797, 30.4617862701416, 23557.111328125
598, -12546.770830452442, False, 26.918816089630127, 631, 0, 0, 95427, 29.99538803100586, 23845.568359375
599, -19366.93757367134, False, 28.452046155929565, 664, 0, 0, 96090, 30.514995574951172, 23974.33203125
600, 6374.832505106926, True, 12.2254159450531, 231, 0, 0, 96320, 29.187326431274414, 23976.673828125
601, 5314.710123598576, True, 20.581449508666992, 364, 0, 0, 96683, 28.250246047973633, 24197.58203125
602, -10837.63190472126, False, 12.745980501174927, 245, 0, 0, 96927, 30.263486862182617, 24396.578125
603, 7906.890663981438, True, 4.278415679931641, 87, 0, 0, 97013, 27.53841781616211, 23922.21875
604, -7916.077752172947, False, 6.7927727699279785, 134, 0, 0, 97146, 27.83770751953125, 24025.138671875
605, 7713.684807151556, True, 6.953315019607544, 138, 0, 0, 97283, 30.078166961669922, 24342.486328125
606, 7307.765603929758, True, 14.326748847961426, 301, 0, 0, 97583, 29.130720138549805, 23881.275390625
607, 6590.962758362293, True, 21.29046869277954, 494, 0, 0, 98076, 30.127580642700195, 24142.71875
608, -7649.790474057198, False, 7.959129571914673, 179, 0, 0, 98254, 27.597326278686523, 24321.994140625
609, 5658.460653185844, True, 13.541041374206543, 313, 0, 0, 98566, 29.322481155395508, 24282.6796875
610, 5876.757212281227, True, 29.14861536026001, 676, 0, 0, 99241, 29.456684112548828, 24207.7109375
611, 6584.147700726986, True, 16.744519233703613, 385, 0, 0, 99625, 31.84036636352539, 24146.66015625
612, -8131.083714783192, False, 12.50950312614441, 293, 0, 0, 99917, 28.553443908691406, 24312.771484375
613, 7679.8761285841465, True, 10.27324628829956, 239, 0, 0, 100000, 26.815824508666992, 24376.322265625
614, 5952.101691901684, True, 24.772995233535767, 573, 0, 0, 100000, 29.109695434570312, 24326.41796875
615, -8597.833245515823, False, 9.430522680282593, 176, 0, 0, 100000, 30.373504638671875, 24178.638671875
616, 7747.856795758009, True, 10.788877248764038, 198, 0, 0, 100000, 30.492761611938477, 24223.21484375
617, -9803.978187084198, False, 10.410020589828491, 218, 0, 0, 100000, 25.06232452392578, 24354.28515625
618, 6976.15947458148, True, 9.353976011276245, 215, 0, 0, 100000, 31.17611312866211, 24521.595703125
619, 6762.656471014023, True, 17.51268219947815, 406, 0, 0, 100000, 30.1772403717041, 24227.78125
620, 7380.649727225304, True, 10.408507108688354, 246, 0, 0, 100000, 28.953781127929688, 24479.4375
621, 6753.929062485695, True, 16.91288709640503, 393, 0, 0, 100000, 29.31992530822754, 24618.216796875
622, -9180.688194990158, False, 13.052817583084106, 233, 0, 0, 100000, 29.886157989501953, 24463.037109375
623, 7195.725284457207, True, 14.425105571746826, 335, 0, 0, 100000, 25.817012786865234, 24571.904296875
624, 7659.085369616747, True, 12.228356838226318, 282, 0, 0, 100000, 27.091941833496094, 24734.60546875
625, 6574.50582113862, True, 16.362617015838623, 386, 0, 0, 100000, 31.588533401489258, 24425.6328125
626, 7122.813268989325, True, 24.4014995098114, 507, 0, 0, 100000, 31.038240432739258, 24489.265625
627, 7612.706550240517, True, 8.894847393035889, 206, 0, 0, 100000, 31.95538330078125, 24440.48046875
628, -7152.59041595459, False, 0.1555321216583252, 4, 0, 0, 100000, 7.798069000244141, 18856.384765625
629, 5924.817118525505, True, 18.571951627731323, 372, 0, 0, 100000, 30.921852111816406, 24374.84765625
630, -8436.040935754776, False, 7.671028137207031, 181, 0, 0, 100000, 28.93197250366211, 24414.78125
631, -8268.602625012398, False, 8.390755414962769, 196, 0, 0, 100000, 32.60166549682617, 24673.796875
632, 5633.54421633482, True, 18.936431407928467, 443, 0, 0, 100000, 30.52578353881836, 24623.26171875
633, 6262.912906944752, True, 19.935213565826416, 457, 0, 0, 100000, 30.80537986755371, 24619.212890625
634, 7536.913882046938, True, 11.18413233757019, 262, 0, 0, 100000, 32.402252197265625, 24549.595703125
635, -8633.042152643204, False, 11.533382892608643, 266, 0, 0, 100000, 29.10723114013672, 24733.53125
636, 7694.702842742205, True, 9.59022855758667, 223, 0, 0, 100000, 29.268056869506836, 24375.017578125
637, 7016.205994084477, True, 15.219655275344849, 356, 0, 0, 100000, 31.502147674560547, 24402.98828125
638, 6402.799414426088, True, 13.528471946716309, 313, 0, 0, 100000, 28.00520133972168, 24829.609375
639, 6357.971950262785, True, 19.063320875167847, 442, 0, 0, 100000, 30.004840850830078, 24638.697265625
640, -11549.147516727448, False, 11.60772442817688, 272, 0, 0, 100000, 34.2003173828125, 24531.63671875
641, 7620.279243528843, True, 10.669299602508545, 252, 0, 0, 100000, 26.9752140045166, 24767.732421875
642, 7683.82323923707, True, 11.154409408569336, 210, 0, 0, 100000, 28.595186233520508, 24637.185546875
643, -10773.42773592472, False, 10.710170984268188, 198, 0, 0, 100000, 33.3726806640625, 24548.302734375
644, 7917.164461731911, True, 4.30780291557312, 84, 0, 0, 100000, 33.531898498535156, 24856.615234375
645, -12088.19662475586, False, 12.423697471618652, 254, 0, 0, 100000, 37.28711700439453, 24719.224609375
646, -11866.555953025818, False, 15.86206340789795, 337, 0, 0, 100000, 30.933147430419922, 24723.38671875
647, 7623.535273730755, True, 7.188692569732666, 167, 0, 0, 100000, 29.297222137451172, 24998.671875
648, -16188.329286277294, False, 67.01328897476196, 1582, 0, 0, 100000, 30.222732543945312, 25188.29296875
649, 7726.713279590011, True, 7.428171157836914, 175, 0, 0, 100000, 34.47706604003906, 25423.87109375
650, 7525.453765645623, True, 16.028953075408936, 301, 0, 0, 100000, 26.64130401611328, 25058.8046875
651, -9483.551056861877, False, 17.8655207157135, 363, 0, 0, 100000, 32.210567474365234, 25260.779296875
652, 6597.671110495925, True, 14.641008138656616, 340, 0, 0, 100000, 30.449560165405273, 25496.794921875
653, -9993.00116109848, False, 8.461426973342896, 195, 0, 0, 100000, 28.665313720703125, 25604.185546875
654, 7733.9896486103535, True, 9.716687679290771, 218, 0, 0, 100000, 28.307193756103516, 24902.587890625
655, 6931.558888942003, True, 17.296472311019897, 399, 0, 0, 100000, 28.220069885253906, 25366.236328125
656, -8415.015559315681, False, 6.588931560516357, 152, 0, 0, 100000, 24.325786590576172, 25385.705078125
657, 7605.677384316921, True, 14.060721158981323, 260, 0, 0, 100000, 28.05940818786621, 25178.6328125
658, 7023.894720807672, True, 29.945053100585938, 632, 0, 0, 100000, 32.75431442260742, 25404.1015625
659, -8605.237981706858, False, 24.170336484909058, 508, 0, 0, 100000, 31.966949462890625, 25362.927734375
660, -17865.16178715229, False, 84.27649474143982, 1782, 0, 0, 100000, 30.248016357421875, 24996.220703125
661, 7445.684019386768, True, 13.84654951095581, 258, 0, 0, 100000, 30.453094482421875, 24985.234375
662, 6823.309862077236, True, 21.655111074447632, 493, 0, 0, 100000, 25.763164520263672, 24935.333984375
663, 6814.049316644669, True, 14.689382791519165, 339, 0, 0, 100000, 33.500179290771484, 25058.515625
664, -7902.284776210785, False, 7.231735706329346, 165, 0, 0, 100000, 27.30632972717285, 24908.4140625
665, 7889.302940279245, True, 4.216646671295166, 97, 0, 0, 100000, 31.086000442504883, 25131.84375
666, 7610.628235697746, True, 9.30063772201538, 172, 0, 0, 100000, 32.1716423034668, 24769.3203125
667, 4935.567821800709, True, 32.76887130737305, 687, 0, 0, 100000, 31.513702392578125, 25093.345703125
668, 4578.617672353983, True, 39.274308919906616, 912, 0, 0, 100000, 31.968870162963867, 24975.34375
669, -11665.602648675442, False, 22.512752771377563, 508, 0, 0, 100000, 30.940780639648438, 24964.861328125
670, 7549.232156842947, True, 15.779765129089355, 296, 0, 0, 100000, 32.078189849853516, 25303.619140625
671, 1039.0566487014294, True, 62.22603368759155, 1409, 0, 0, 100000, 31.097532272338867, 25065.369140625
672, 4782.880068838596, True, 35.220173358917236, 816, 0, 0, 100000, 28.790828704833984, 24796.181640625
673, 7496.320531696081, True, 10.18724250793457, 232, 0, 0, 100000, 29.65679168701172, 24533.9609375
674, 7548.351486086845, True, 13.46961259841919, 240, 0, 0, 100000, 36.57776641845703, 24993.857421875
675, 6875.092387527227, True, 23.48013734817505, 464, 0, 0, 100000, 30.503028869628906, 24710.548828125
676, 7196.101547241211, True, 14.076080560684204, 320, 0, 0, 100000, 32.606781005859375, 24293.00390625
677, 7233.504185765982, True, 16.192580461502075, 367, 0, 0, 100000, 30.185951232910156, 24753.67578125
678, 5952.195257872343, True, 24.052198886871338, 543, 0, 0, 100000, 30.23453712463379, 24915.515625
679, -10807.962796866894, False, 31.439303398132324, 729, 0, 0, 100000, 29.671411514282227, 24836.732421875
680, 7078.114948391914, True, 16.976816177368164, 389, 0, 0, 100000, 28.9178409576416, 25054.251953125
681, -4054.1128309965134, True, 55.37224888801575, 1283, 0, 0, 100000, 31.12692642211914, 24809.96484375
682, -8402.52200293541, False, 10.065213441848755, 189, 0, 0, 100000, 29.769996643066406, 24681.5546875
683, 7849.037995606661, True, 9.370914936065674, 168, 0, 0, 100000, 31.86699867248535, 24845.744140625
684, -7916.446368813515, False, 14.545846939086914, 261, 0, 0, 100000, 29.923744201660156, 24866.970703125
685, -8426.42648795247, False, 13.659579277038574, 272, 0, 0, 100000, 30.23426055908203, 24838.2265625
686, -7419.229701250792, False, 8.968082904815674, 203, 0, 0, 100000, 25.901090621948242, 24798.958984375
687, 7732.898333489895, True, 6.779486417770386, 154, 0, 0, 100000, 27.50571060180664, 24450.69140625
688, 7468.775536596775, True, 12.46016240119934, 288, 0, 0, 100000, 29.01127815246582, 24981.541015625
689, 6693.62402266264, True, 25.716578483581543, 597, 0, 0, 100000, 30.99614906311035, 24667.82421875
690, -8926.062522649765, False, 29.917996644973755, 704, 0, 0, 100000, 30.123817443847656, 24542.123046875
691, 7720.447901159525, True, 9.62903356552124, 222, 0, 0, 100000, 29.327795028686523, 24245.796875
692, 7215.742075681686, True, 16.360486030578613, 375, 0, 0, 100000, 29.758609771728516, 24457.435546875
693, -7558.420791149139, False, 2.1834568977355957, 42, 0, 0, 100000, 25.98225975036621, 23189.212890625
694, 6013.4628321528435, True, 17.79619836807251, 329, 0, 0, 100000, 32.58468246459961, 24045.671875
695, 6861.309633433819, True, 23.819878578186035, 474, 0, 0, 100000, 30.817873001098633, 24006.048828125
696, 5858.992964684963, True, 30.098626375198364, 630, 0, 0, 100000, 29.655210494995117, 24074.583984375
697, -8611.653526186943, False, 10.787750720977783, 244, 0, 0, 100000, 30.343473434448242, 23743.0390625
698, 7692.4016144275665, True, 6.419212818145752, 147, 0, 0, 100000, 28.34990119934082, 23777.431640625
699, 7418.21557366848, True, 14.516481399536133, 331, 0, 0, 100000, 27.80365562438965, 23689.1875
700, 5961.7905128747225, True, 28.30009889602661, 653, 0, 0, 100000, 29.102331161499023, 23825.30859375
701, 5953.508773088455, True, 30.107343196868896, 570, 0, 0, 100000, 28.474939346313477, 23738.41796875
702, -7669.911848187447, False, 5.126313209533691, 103, 0, 0, 100000, 28.80234146118164, 23492.33203125
703, 7209.903515905142, True, 16.21138072013855, 316, 0, 0, 100000, 29.388944625854492, 23630.337890625
704, 5034.03828138113, True, 38.148561000823975, 773, 0, 0, 100000, 29.741411209106445, 23665.12890625
705, 6071.242288053036, True, 17.29852557182312, 340, 0, 0, 100000, 28.471769332885742, 23688.466796875
706, 7057.579911649227, True, 22.89826989173889, 457, 0, 0, 100000, 29.819318771362305, 23460.80078125
707, 6427.433541029692, True, 18.96452307701111, 369, 0, 0, 100000, 29.613849639892578, 23382.361328125
708, -12375.375001251698, False, 30.42007088661194, 607, 0, 0, 100000, 29.810789108276367, 23316.47265625
709, 7556.283403784037, True, 14.630037784576416, 291, 0, 0, 100000, 26.965646743774414, 23163.669921875
710, 7320.214678674936, True, 18.949883699417114, 378, 0, 0, 100000, 30.601394653320312, 23283.673828125
711, 6993.551168888807, True, 19.69225239753723, 409, 0, 0, 100000, 28.345693588256836, 23066.48828125
712, 7588.174744427204, True, 10.299206018447876, 182, 0, 0, 100000, 32.93400192260742, 23231.623046875
713, 6296.850238233805, True, 20.387566566467285, 443, 0, 0, 100000, 28.91075897216797, 23214.0234375
714, -9724.905079126358, False, 21.123708724975586, 427, 0, 0, 100000, 30.10480308532715, 23214.580078125
715, 6440.447900176048, True, 18.023868083953857, 413, 0, 0, 100000, 29.776607513427734, 23104.7265625
716, 6663.654493033886, True, 29.431225776672363, 612, 0, 0, 100000, 29.749065399169922, 22884.033203125
717, 6524.13025790453, True, 24.58725070953369, 563, 0, 0, 100000, 29.46287727355957, 23106.63671875
718, -7280.49373960495, False, 0.6097714900970459, 12, 0, 0, 100000, 15.1486177444458, 21142.6171875
719, -8700.168997645378, False, 15.020057916641235, 285, 0, 0, 100000, 30.113750457763672, 22855.85546875
720, 7651.613856136799, True, 10.878586530685425, 198, 0, 0, 100000, 33.4078369140625, 22859.34765625
721, 7589.951477915049, True, 11.59644365310669, 243, 0, 0, 100000, 27.28300666809082, 22851.16015625
722, 6426.308112978935, True, 29.207257747650146, 621, 0, 0, 100000, 25.585474014282227, 22797.759765625
723, 6883.730668991804, True, 25.139047384262085, 512, 0, 0, 100000, 28.860366821289062, 22731.396484375
724, 6167.460985392332, True, 25.95279288291931, 593, 0, 0, 100000, 28.23834991455078, 22881.546875
725, -7951.862311005592, False, 11.354799509048462, 213, 0, 0, 100000, 28.352231979370117, 22700.9140625
726, -7640.778318762779, False, 9.991520643234253, 187, 0, 0, 100000, 24.216400146484375, 22743.58203125
727, -8148.476922214031, False, 10.28601360321045, 223, 0, 0, 100000, 26.084728240966797, 22812.3125
728, 7674.860542476177, True, 8.714698076248169, 161, 0, 0, 100000, 28.299819946289062, 22589.943359375
729, -8038.733241319656, False, 9.19390058517456, 171, 0, 0, 100000, 31.055801391601562, 22547.45703125
730, 7450.647243827581, True, 15.639615535736084, 349, 0, 0, 100000, 30.79405403137207, 22672.591796875
731, 5845.251122653484, True, 15.321174621582031, 350, 0, 0, 100000, 29.069177627563477, 22777.771484375
732, -7316.095720291138, False, 0.5696310997009277, 11, 0, 0, 100000, 39.874576568603516, 20149.06640625
733, 5399.879789173603, True, 30.126142978668213, 633, 0, 0, 100000, 27.935178756713867, 22615.732421875
734, 6683.234732687473, True, 24.57810378074646, 568, 0, 0, 100000, 28.933040618896484, 22517.369140625
735, -7951.589257955551, False, 14.743133783340454, 277, 0, 0, 100000, 27.276866912841797, 22209.369140625
736, 7694.18619376421, True, 10.278305530548096, 227, 0, 0, 100000, 25.832048416137695, 22322.015625
737, 6294.995148658752, True, 27.44962477684021, 630, 0, 0, 100000, 27.280372619628906, 22436.1328125
738, 4497.775835126638, True, 34.92355036735535, 799, 0, 0, 100000, 26.647268295288086, 22594.876953125
739, 6899.819791376591, True, 12.77871060371399, 292, 0, 0, 100000, 31.378942489624023, 22412.01953125
740, 7800.95618596673, True, 8.152840375900269, 182, 0, 0, 100000, 24.233442306518555, 22348.109375
741, 7435.6546840667725, True, 17.400189638137817, 384, 0, 0, 100000, 29.42682456970215, 22501.796875
742, 7264.141863852739, True, 11.975749492645264, 272, 0, 0, 100000, 28.312192916870117, 22312.826171875
743, 3136.5250803530216, True, 45.68841886520386, 1048, 0, 0, 100000, 27.683277130126953, 22481.12890625
744, -9893.665426015854, False, 13.512329816818237, 260, 0, 0, 100000, 30.05558967590332, 22549.134765625
745, 7873.881242394447, True, 9.241127014160156, 165, 0, 0, 100000, 27.249542236328125, 22555.072265625
746, 6811.639274716377, True, 23.025436878204346, 452, 0, 0, 100000, 30.727157592773438, 22566.3984375
747, 4045.59628623724, True, 48.634164810180664, 1013, 0, 0, 100000, 29.839275360107422, 22714.67578125
748, -7846.622058868408, False, 4.627542972564697, 86, 0, 0, 100000, 34.880985260009766, 22225.216796875
749, 7715.172783374786, True, 10.481829166412354, 195, 0, 0, 100000, 25.129907608032227, 22563.74609375
750, -7643.62780547142, False, 2.445965528488159, 55, 0, 0, 100000, 28.669395446777344, 22072.48046875
751, 7655.84561085701, True, 11.059072494506836, 253, 0, 0, 100000, 30.15157127380371, 22557.404296875
752, -7694.50131803751, False, 5.4542622566223145, 125, 0, 0, 100000, 26.599342346191406, 22482.7265625
753, 7523.788981437683, True, 11.147130727767944, 249, 0, 0, 100000, 29.826990127563477, 22710.31640625
754, -7966.03598177433, False, 12.543031930923462, 281, 0, 0, 100000, 30.433496475219727, 22551.912109375
755, 7152.428707391024, True, 15.852413892745972, 362, 0, 0, 100000, 26.012298583984375, 22658.0859375
756, 5371.613871246576, True, 30.232853412628174, 691, 0, 0, 100000, 29.09817886352539, 22737.26953125
757, 6822.724049150944, True, 11.528318881988525, 264, 0, 0, 100000, 31.949710845947266, 22727.72265625
758, -7268.257397413254, False, 1.2884211540222168, 29, 0, 0, 100000, 30.248600006103516, 21855.14453125
759, 7336.3956156075, True, 16.847338676452637, 386, 0, 0, 100000, 27.40119743347168, 23114.513671875
760, 6610.172213256359, True, 23.951491355895996, 551, 0, 0, 100000, 29.17145347595215, 22898.9609375
761, 3925.6064685583115, True, 41.59794592857361, 954, 0, 0, 100000, 29.51952362060547, 22751.4609375
762, 6927.882603406906, True, 27.0698082447052, 498, 0, 0, 100000, 27.21623992919922, 22877.287109375
763, 6740.292956531048, True, 24.723273277282715, 476, 0, 0, 100000, 28.202075958251953, 22782.37890625
764, 6941.828698337078, True, 18.892266035079956, 368, 0, 0, 100000, 28.268068313598633, 22740.78125
765, 7357.491551041603, True, 18.759445667266846, 360, 0, 0, 100000, 28.855724334716797, 22737.12890625
766, 6542.023790329695, True, 19.88208317756653, 391, 0, 0, 100000, 29.248327255249023, 22755.646484375
767, -9890.105041444302, False, 39.96824336051941, 776, 0, 0, 100000, 25.04989242553711, 22680.529296875
768, 6507.942760050297, True, 14.360780477523804, 284, 0, 0, 100000, 29.33421516418457, 22294.16796875
769, 1480.2006692886353, True, 73.78522086143494, 1576, 0, 0, 100000, 26.958662033081055, 22781.703125
770, 5832.460171967745, True, 31.315913438796997, 596, 0, 0, 100000, 29.85049819946289, 22883.53125
771, 5850.342783987522, True, 22.113186836242676, 437, 0, 0, 100000, 27.75098419189453, 22935.861328125
772, 7369.468835949898, True, 16.577603101730347, 325, 0, 0, 100000, 29.25658416748047, 22572.955078125
773, 7749.456680595875, True, 9.122247219085693, 172, 0, 0, 100000, 29.5998477935791, 22872.025390625
774, 6921.507490456104, True, 25.041125059127808, 483, 0, 0, 100000, 27.741924285888672, 22631.59375
775, 7295.100926294923, True, 21.188709497451782, 418, 0, 0, 100000, 26.629865646362305, 22978.703125
776, 6831.073661565781, True, 24.233009576797485, 527, 0, 0, 100000, 26.867019653320312, 22468.384765625
777, 5990.335826516151, True, 34.11794447898865, 768, 0, 0, 100000, 29.32421875, 22573.890625
778, -7564.0516176223755, False, 0.8840429782867432, 20, 0, 0, 100000, 28.639516830444336, 21282.67578125
779, 6963.9564709067345, True, 13.531954526901245, 249, 0, 0, 100000, 27.296146392822266, 22259.986328125
780, -7827.199436426163, False, 5.856069326400757, 108, 0, 0, 100000, 30.13398551940918, 22370.927734375
781, 7681.469854608178, True, 11.44909381866455, 232, 0, 0, 100000, 25.30389404296875, 22464.951171875
782, 7042.47971111536, True, 20.901539087295532, 418, 0, 0, 100000, 26.30776596069336, 22485.541015625
783, 5804.571801096201, True, 18.958582878112793, 369, 0, 0, 100000, 27.629772186279297, 22514.05859375
784, -7792.1595957279205, False, 6.41569447517395, 114, 0, 0, 100000, 30.52197265625, 22484.3359375
785, 7792.3799931705, True, 7.614125728607178, 133, 0, 0, 100000, 28.303098678588867, 22784.853515625
786, 6997.2861795425415, True, 23.304562091827393, 487, 0, 0, 100000, 26.47616195678711, 22421.87890625
787, 7136.593624025583, True, 20.672159671783447, 405, 0, 0, 100000, 28.659835815429688, 22502.94140625
788, -8896.36453062296, False, 25.911184310913086, 518, 0, 0, 100000, 27.906736373901367, 22455.923828125
789, 6214.6232162714, True, 14.782888889312744, 282, 0, 0, 100000, 27.59375762939453, 22327.5546875
790, 7059.1602003872395, True, 12.90783429145813, 292, 0, 0, 100000, 32.485111236572266, 22398.16015625
791, 6561.496470808983, True, 23.451122522354126, 495, 0, 0, 100000, 25.922685623168945, 22329.25390625
792, -19522.751856982708, False, 74.55370712280273, 1510, 0, 0, 100000, 28.25220489501953, 22424.068359375
793, -7448.612125992775, False, 9.387089729309082, 171, 0, 0, 100000, 27.86447525024414, 22553.54296875
794, 7736.63505384326, True, 6.898638963699341, 130, 0, 0, 100000, 23.443073272705078, 22573.083984375
795, 7582.330319523811, True, 10.471150875091553, 213, 0, 0, 100000, 24.729204177856445, 22513.59765625
796, 6520.199329286814, True, 20.752418518066406, 472, 0, 0, 100000, 27.829940795898438, 22304.91015625
797, -7701.531618952751, False, 7.63801646232605, 174, 0, 0, 100000, 25.16832733154297, 22111.76953125
798, 7488.415780723095, True, 12.659700393676758, 284, 0, 0, 100000, 26.84554672241211, 22418.91015625
799, 7278.589884072542, True, 14.77937936782837, 336, 0, 0, 100000, 26.761930465698242, 22572.408203125
800, 7280.559913903475, True, 13.787980556488037, 312, 0, 0, 100000, 24.633007049560547, 22628.1171875
801, 6827.882971942425, True, 25.21187734603882, 576, 0, 0, 100000, 25.411893844604492, 22535.48828125
802, 7171.236817896366, True, 22.554269552230835, 519, 0, 0, 100000, 31.242992401123047, 22273.384765625
803, 5948.083039671183, True, 34.15962290763855, 786, 0, 0, 100000, 28.21786117553711, 22441.681640625
804, 6496.438766628504, True, 27.636499166488647, 621, 0, 0, 100000, 28.607667922973633, 22460.306640625
805, 7120.538834869862, True, 17.140831470489502, 395, 0, 0, 100000, 26.483539581298828, 22383.921875
806, 7205.738669812679, True, 17.891288995742798, 407, 0, 0, 100000, 26.797069549560547, 22103.48828125
807, 7589.367268383503, True, 12.429964780807495, 225, 0, 0, 100000, 32.8004264831543, 22120.365234375
808, 7631.053751885891, True, 9.866664409637451, 178, 0, 0, 100000, 30.712032318115234, 22223.732421875
809, -7836.20768904686, False, 10.550889015197754, 191, 0, 0, 100000, 22.902555465698242, 22179.640625
810, 7810.221425533295, True, 9.280629634857178, 169, 0, 0, 100000, 26.012836456298828, 22069.2109375
811, -24307.220725238323, False, 62.66631627082825, 1408, 0, 0, 100000, 28.424402236938477, 22297.767578125
812, 7895.745617449284, True, 4.166868448257446, 92, 0, 0, 100000, 27.597972869873047, 22726.435546875
813, 6985.24938043952, True, 17.343997955322266, 389, 0, 0, 100000, 28.421669006347656, 22841.486328125
814, 6894.365780577064, True, 25.346279859542847, 582, 0, 0, 100000, 28.33460235595703, 22950.40625
815, -9868.158424139023, False, 18.96231961250305, 354, 0, 0, 100000, 26.716487884521484, 23011.93359375
816, 7675.157682985067, True, 11.277951717376709, 210, 0, 0, 100000, 32.628318786621094, 22756.001953125
817, -10003.39622247219, False, 16.578776121139526, 339, 0, 0, 100000, 29.85530662536621, 22772.646484375
818, 6884.495763510466, True, 16.244730234146118, 371, 0, 0, 100000, 27.019649505615234, 23058.8984375
819, 7457.68049043417, True, 9.36845850944519, 175, 0, 0, 100000, 29.152620315551758, 23121.044921875
820, 7466.120863258839, True, 20.81258249282837, 433, 0, 0, 100000, 29.696584701538086, 23083.564453125
821, 354.70594277977943, True, 52.837327003479004, 1147, 0, 0, 100000, 28.70786476135254, 23186.75390625
822, -7597.962437450886, False, 10.938573122024536, 205, 0, 0, 100000, 28.640918731689453, 23277.47265625
823, 7172.74722713232, True, 17.189409971237183, 339, 0, 0, 100000, 28.14072608947754, 23434.892578125
824, 6683.778650015593, True, 26.77462601661682, 571, 0, 0, 100000, 26.26945686340332, 23269.751953125
825, 6629.90557654202, True, 20.75470209121704, 473, 0, 0, 100000, 28.598054885864258, 23077.490234375
826, 7505.860669970512, True, 10.269939422607422, 234, 0, 0, 100000, 29.223173141479492, 23246.380859375
827, -9278.991238296032, False, 27.41912865638733, 621, 0, 0, 100000, 29.236724853515625, 23077.197265625
828, 6723.013116419315, True, 13.953999280929565, 259, 0, 0, 100000, 30.13045310974121, 22980.447265625
829, 5616.548209369183, True, 23.615495920181274, 533, 0, 0, 100000, 26.921493530273438, 22945.072265625
830, 5772.917254567146, True, 33.325424671173096, 664, 0, 0, 100000, 27.873464584350586, 23367.078125
831, 6936.689679801464, True, 18.17569923400879, 410, 0, 0, 100000, 27.462190628051758, 23188.6640625
832, 6433.499318450689, True, 18.388014554977417, 410, 0, 0, 100000, 29.042720794677734, 22949.478515625
833, 7482.685677647591, True, 14.3363516330719, 316, 0, 0, 100000, 31.777713775634766, 22520.34375
834, -9672.238231122494, False, 25.4806010723114, 573, 0, 0, 100000, 27.443635940551758, 22017.00390625
835, 7454.691180437803, True, 17.91469120979309, 328, 0, 0, 100000, 28.7631893157959, 21817.80859375
836, 6933.297493994236, True, 14.647925615310669, 295, 0, 0, 100000, 28.58538055419922, 21790.89453125
837, -7143.489507675171, False, 0.16439294815063477, 4, 0, 0, 100000, 53.80101013183594, 17077.44140625
838, 7513.294748067856, True, 7.756307125091553, 175, 0, 0, 100000, 25.92121124267578, 22189.55078125
839, 7369.637968182564, True, 17.006778478622437, 388, 0, 0, 100000, 27.675701141357422, 21786.71484375
840, 7401.616908162832, True, 13.082181930541992, 298, 0, 0, 100000, 29.248626708984375, 21627.197265625
841, 6300.01121032238, True, 26.89976954460144, 610, 0, 0, 100000, 26.79621696472168, 21724.466796875
842, 5523.331046521664, True, 33.58689785003662, 761, 0, 0, 100000, 27.586124420166016, 21683.921875
843, -8158.861557006836, False, 4.113832235336304, 76, 0, 0, 100000, 23.35831069946289, 21729.765625
844, 7629.140685260296, True, 14.48572039604187, 266, 0, 0, 100000, 29.431188583374023, 21523.99609375
845, -7573.9863884449005, False, 3.002906322479248, 59, 0, 0, 100000, 32.887535095214844, 21087.279296875
846, 7527.046923264861, True, 12.676724433898926, 250, 0, 0, 100000, 30.500444412231445, 21748.25
847, 7728.230275630951, True, 11.770039796829224, 230, 0, 0, 100000, 32.33252716064453, 21822.25
848, 6638.450791954994, True, 19.356799840927124, 391, 0, 0, 100000, 27.66132354736328, 21678.873046875
849, -9230.17013168335, False, 15.612602949142456, 308, 0, 0, 100000, 27.906282424926758, 21690.33984375
850, 7381.0491520911455, True, 12.118261337280273, 241, 0, 0, 100000, 26.74382209777832, 21276.708984375
851, 6677.726359307766, True, 20.30701756477356, 406, 0, 0, 100000, 29.11985969543457, 21453.87109375
852, 6801.981043845415, True, 23.8601176738739, 471, 0, 0, 100000, 27.314048767089844, 21530.115234375
853, -15700.444718837738, False, 41.279654026031494, 808, 0, 0, 100000, 25.410083770751953, 21713.650390625
854, 7478.9162775576115, True, 16.9618821144104, 366, 0, 0, 100000, 30.776348114013672, 21799.14453125
855, 2195.990955710411, True, 50.38222908973694, 1145, 0, 0, 100000, 27.989582061767578, 21918.54296875
856, -11228.049395084381, False, 34.46711325645447, 784, 0, 0, 100000, 27.376113891601562, 21592.927734375
857, -8326.514465868473, False, 13.598629713058472, 303, 0, 0, 100000, 29.013214111328125, 21530.32421875
858, 7679.271489202976, True, 9.956744194030762, 221, 0, 0, 100000, 24.388809204101562, 21246.859375
859, 7654.585579872131, True, 11.307406663894653, 202, 0, 0, 100000, 29.59871482849121, 21065.0625
860, -9473.494158565998, False, 17.784475326538086, 327, 0, 0, 100000, 29.97201919555664, 21187.982421875
861, -7514.76847589016, False, 9.205053091049194, 180, 0, 0, 100000, 26.38808250427246, 21567.251953125
862, 7708.261045187712, True, 10.39848017692566, 199, 0, 0, 100000, 26.573232650756836, 21407.720703125
863, 6738.8160544633865, True, 28.42810845375061, 544, 0, 0, 100000, 28.08668327331543, 21282.015625
864, -7615.171462774277, False, 7.440393447875977, 145, 0, 0, 100000, 27.777198791503906, 21556.93359375
865, 6661.086737066507, True, 14.807157516479492, 291, 0, 0, 100000, 26.484588623046875, 21044.044921875
866, 5892.531279087067, True, 30.608967304229736, 601, 0, 0, 100000, 29.384567260742188, 21258.65625
867, -3555.2553183734417, True, 49.3306987285614, 1027, 0, 0, 100000, 25.955215454101562, 21744.423828125
868, 6716.535212427378, True, 24.875918865203857, 557, 0, 0, 100000, 27.19358253479004, 21505.328125
869, 6256.178736716509, True, 20.217977285385132, 428, 0, 0, 100000, 30.60618019104004, 21375.640625
870, 7639.986330598593, True, 9.38919973373413, 165, 0, 0, 100000, 28.515491485595703, 20911.244140625
871, -17575.86662763357, False, 33.06391167640686, 703, 0, 0, 100000, 25.430686950683594, 21417.736328125
872, 6974.114557132125, True, 21.82987356185913, 401, 0, 0, 100000, 27.3489933013916, 21922.474609375
873, -8649.365343749523, False, 20.521833419799805, 424, 0, 0, 100000, 29.295324325561523, 22087.705078125
874, 7428.703637331724, True, 13.200901746749878, 298, 0, 0, 100000, 29.193016052246094, 21559.982421875
875, 5953.714210033417, True, 29.234741687774658, 653, 0, 0, 100000, 27.72100830078125, 21890.4921875
876, 6105.617896288633, True, 23.603639364242554, 534, 0, 0, 100000, 25.148025512695312, 21948.357421875
877, -7648.5965802669525, False, 3.556684970855713, 63, 0, 0, 100000, 23.87325668334961, 21418.712890625
878, 7556.091919362545, True, 15.598411321640015, 278, 0, 0, 100000, 26.00556182861328, 21839.41796875
879, 5044.69301584363, True, 31.37324810028076, 639, 0, 0, 100000, 27.4542293548584, 21855.5703125
880, 5646.671414256096, True, 26.007142782211304, 529, 0, 0, 100000, 24.828453063964844, 21919.111328125
881, 7536.771693378687, True, 10.0328049659729, 227, 0, 0, 100000, 27.518312454223633, 21581.919921875
882, -7740.326591253281, False, 15.875020742416382, 312, 0, 0, 100000, 26.856319427490234, 21623.326171875
883, 7305.836693972349, True, 18.9559428691864, 364, 0, 0, 100000, 25.404638290405273, 21744.564453125
884, 6168.624061733484, True, 31.611560106277466, 715, 0, 0, 100000, 26.62384796142578, 21777.310546875
885, 6778.742637008429, True, 19.927448749542236, 393, 0, 0, 100000, 24.20075035095215, 21414.494140625
886, -7581.047266840935, False, 3.4239673614501953, 77, 0, 0, 100000, 23.233482360839844, 20939.16796875
887, 7758.8131058216095, True, 6.472159147262573, 115, 0, 0, 100000, 30.089696884155273, 21371.966796875
888, 7421.454991668463, True, 16.500074863433838, 349, 0, 0, 100000, 28.23381233215332, 21463.283203125
889, 7091.739295035601, True, 16.278480529785156, 303, 0, 0, 100000, 28.24614143371582, 21152.806640625
890, -9921.029059141874, False, 27.26350712776184, 613, 0, 0, 100000, 28.530208587646484, 21354.8203125
891, 7756.4166413247585, True, 10.313817977905273, 232, 0, 0, 100000, 28.41122055053711, 20973.080078125
892, 7379.361517846584, True, 10.819647789001465, 193, 0, 0, 100000, 26.762266159057617, 21223.1796875
893, -7542.666261911392, False, 5.7254626750946045, 110, 0, 0, 100000, 30.78980827331543, 20632.7734375
894, 6846.019086956978, True, 23.691041469573975, 462, 0, 0, 100000, 27.831031799316406, 21344.93359375
895, -7579.05203050375, False, 9.997530221939087, 195, 0, 0, 100000, 27.914134979248047, 20918.11328125
896, 7938.368315026164, True, 4.137580394744873, 81, 0, 0, 100000, 26.858606338500977, 21222.00390625
897, 7632.334894061089, True, 10.809410572052002, 213, 0, 0, 100000, 24.76617431640625, 20913.650390625
898, 7535.1396611481905, True, 15.230469703674316, 276, 0, 0, 100000, 26.18278694152832, 21047.841796875
899, 6278.710318505764, True, 22.196403980255127, 493, 0, 0, 100000, 27.987821578979492, 20961.982421875
900, 6451.642862647772, True, 19.29324769973755, 419, 0, 0, 100000, 27.506671905517578, 20864.095703125
901, 7094.192305505276, True, 15.79863429069519, 353, 0, 0, 100000, 27.141263961791992, 20609.67578125
902, 6672.766422152519, True, 18.32064938545227, 396, 0, 0, 100000, 27.659408569335938, 20723.78125
903, -14903.776433289051, False, 113.67915487289429, 2370, 0, 0, 100000, 27.07813835144043, 20954.6015625
904, 7580.089936077595, True, 19.041571617126465, 246, 0, 0, 100000, 27.190399169921875, 21003.150390625
905, 7502.506989330053, True, 17.56461238861084, 279, 0, 0, 100000, 26.788766860961914, 21008.857421875
906, 6381.931403070688, True, 25.541895389556885, 434, 0, 0, 100000, 25.30059814453125, 20766.587890625
907, 6956.167867004871, True, 28.233648777008057, 459, 0, 0, 100000, 24.483755111694336, 20511.724609375
908, -8119.244591653347, False, 14.729083061218262, 280, 0, 0, 100000, 24.744359970092773, 20736.466796875
909, 3538.5294969677925, True, 48.65648031234741, 987, 0, 0, 100000, 26.73953628540039, 20720.650390625
910, -8798.2776080966, False, 21.452626943588257, 381, 0, 0, 100000, 28.08580207824707, 21020.46484375
911, 7744.901004776359, True, 9.734786033630371, 209, 0, 0, 100000, 25.56621551513672, 20967.955078125
912, 7160.294626265764, True, 24.12635564804077, 531, 0, 0, 100000, 26.699434280395508, 20936.15625
913, 7462.712131679058, True, 11.576021671295166, 254, 0, 0, 100000, 25.470478057861328, 20848.986328125
914, -8109.458892852068, False, 15.312015295028687, 280, 0, 0, 100000, 24.0372371673584, 21037.470703125
915, 5014.4304648041725, True, 21.581587314605713, 472, 0, 0, 100000, 28.32990264892578, 20878.486328125
916, -9228.818260729313, False, 23.598873138427734, 524, 0, 0, 100000, 27.514278411865234, 20880.134765625
917, 7657.086445271969, True, 8.068475246429443, 181, 0, 0, 100000, 25.021289825439453, 20851.044921875
918, 6941.349582493305, True, 18.915575981140137, 413, 0, 0, 100000, 25.60817527770996, 20910.119140625
919, 7389.7116721868515, True, 14.556596517562866, 324, 0, 0, 100000, 24.882732391357422, 20513.126953125
920, 7649.161707609892, True, 16.55808186531067, 298, 0, 0, 100000, 28.102951049804688, 20821.001953125
921, 7314.5433793365955, True, 14.300778865814209, 263, 0, 0, 100000, 27.223249435424805, 20868.505859375
922, 7592.450828015804, True, 9.433923721313477, 170, 0, 0, 100000, 23.458541870117188, 20797.861328125
923, 7804.758145898581, True, 8.960979700088501, 172, 0, 0, 100000, 27.29072380065918, 20798.5078125
924, 7276.197742253542, True, 12.191294431686401, 255, 0, 0, 100000, 27.99729347229004, 20588.224609375
925, 7450.585982143879, True, 12.740952014923096, 282, 0, 0, 100000, 23.78082847595215, 20610.380859375
926, 7252.763380110264, True, 16.893255949020386, 322, 0, 0, 100000, 21.76519012451172, 20840.71484375
927, 7164.6634112000465, True, 20.711881399154663, 456, 0, 0, 100000, 26.70684051513672, 20895.546875
928, 7298.484150499105, True, 10.550280809402466, 234, 0, 0, 100000, 30.2093448638916, 20610.427734375
929, -7924.3555282354355, False, 6.705453395843506, 113, 0, 0, 100000, 23.97327995300293, 20707.720703125
930, 7822.688058137894, True, 9.088956594467163, 178, 0, 0, 100000, 28.445968627929688, 20769.802734375
931, 7300.449265956879, True, 15.79959225654602, 349, 0, 0, 100000, 29.942867279052734, 20570.787109375
932, 7109.336968272924, True, 14.802245855331421, 328, 0, 0, 100000, 27.291805267333984, 20730.296875
933, 7169.444755196571, True, 20.104249477386475, 444, 0, 0, 100000, 26.820287704467773, 20666.8046875
934, 6015.3028492331505, True, 32.934767961502075, 612, 0, 0, 100000, 27.53301239013672, 20526.673828125
935, 6781.804408222437, True, 24.05893874168396, 523, 0, 0, 100000, 28.28200340270996, 20579.36328125
936, 7623.341709136963, True, 11.97930383682251, 208, 0, 0, 100000, 32.124061584472656, 20447.4765625
937, 7255.831677138805, True, 14.503224611282349, 298, 0, 0, 100000, 23.90410804748535, 20268.478515625
938, -11005.411629080772, False, 21.17150592803955, 466, 0, 0, 100000, 26.419511795043945, 19927.7578125
939, -9205.890371501446, False, 14.306286334991455, 255, 0, 0, 100000, 28.2867431640625, 20000.0234375
940, 7775.895180493593, True, 6.337904453277588, 116, 0, 0, 100000, 26.802715301513672, 19798.69921875
941, 7141.725088953972, True, 14.404777526855469, 279, 0, 0, 100000, 25.206985473632812, 20085.419921875
942, 6223.226142555475, True, 24.074069499969482, 521, 0, 0, 100000, 25.96543312072754, 20115.447265625
943, -8020.446531653404, False, 8.999844074249268, 159, 0, 0, 100000, 23.693368911743164, 20152.162109375
944, -15171.419489324093, False, 67.86985278129578, 1378, 0, 0, 100000, 28.611135482788086, 20207.708984375
945, 7734.4566424191, True, 10.325222969055176, 180, 0, 0, 100000, 28.121063232421875, 20474.626953125
946, 6751.267788037658, True, 23.305391788482666, 491, 0, 0, 100000, 27.753915786743164, 20428.720703125
947, -9109.285530805588, False, 10.559378623962402, 238, 0, 0, 100000, 28.16408920288086, 20245.431640625
948, 7783.118301123381, True, 9.737355947494507, 168, 0, 0, 100000, 27.635379791259766, 20171.015625
949, -7841.179938316345, False, 10.870347499847412, 200, 0, 0, 100000, 24.437944412231445, 20267.318359375
950, 7710.191653519869, True, 7.6282854080200195, 160, 0, 0, 100000, 25.087696075439453, 20427.41015625
951, 6395.625208929181, True, 21.178595066070557, 424, 0, 0, 100000, 25.52181053161621, 20538.361328125
952, 6974.641562670469, True, 19.723616123199463, 383, 0, 0, 100000, 28.49616241455078, 20380.431640625
953, 7340.796319395304, True, 20.538156986236572, 392, 0, 0, 100000, 28.54216194152832, 20264.29296875
954, 6216.208932504058, True, 21.156452417373657, 440, 0, 0, 100000, 26.678983688354492, 20359.859375
955, 6424.96879440546, True, 32.92419624328613, 652, 0, 0, 100000, 26.14276695251465, 20382.583984375
956, 7492.035825878382, True, 18.95318841934204, 379, 0, 0, 100000, 28.856760025024414, 20242.7578125
957, 6570.454633712769, True, 28.408502340316772, 629, 0, 0, 100000, 28.74346923828125, 20362.662109375
958, 6414.731156215072, True, 29.259270191192627, 594, 0, 0, 100000, 28.317747116088867, 20331.890625
959, 7675.722468972206, True, 9.475935459136963, 166, 0, 0, 100000, 27.716026306152344, 20129.412109375
960, 7507.785897374153, True, 9.60536527633667, 172, 0, 0, 100000, 23.509912490844727, 20062.154296875
961, -8163.496162593365, False, 19.860300064086914, 421, 0, 0, 100000, 26.58634376525879, 20299.865234375
962, 2174.406726151705, True, 61.877192735672, 1191, 0, 0, 100000, 28.119125366210938, 20265.419921875
963, -8536.567318737507, False, 21.868866682052612, 427, 0, 0, 100000, 29.33656883239746, 20307.263671875
964, 7730.6695098131895, True, 9.693666696548462, 215, 0, 0, 100000, 26.552465438842773, 20076.466796875
965, 7406.497461557388, True, 17.519752740859985, 329, 0, 0, 100000, 25.74932289123535, 20172.7265625
966, 7769.570969879627, True, 8.131121397018433, 140, 0, 0, 100000, 29.102542877197266, 20255.76171875
967, -8077.53423166275, False, 8.978090524673462, 163, 0, 0, 100000, 25.634685516357422, 20281.439453125
968, 7741.874858647585, True, 10.64037799835205, 220, 0, 0, 100000, 28.14336585998535, 20168.001953125
969, -8085.004015207291, False, 7.2042481899261475, 158, 0, 0, 100000, 28.80743408203125, 20411.404296875
970, 7395.221806406975, True, 17.775005340576172, 339, 0, 0, 100000, 27.671445846557617, 20055.201171875
971, 7116.07028183341, True, 19.96198797225952, 440, 0, 0, 100000, 29.27761459350586, 20146.48828125
972, 7434.012989938259, True, 16.335678577423096, 365, 0, 0, 100000, 29.366708755493164, 20304.205078125
973, 6515.748287200928, True, 26.586345911026, 541, 0, 0, 100000, 27.870229721069336, 20184.671875
974, -7139.253965377808, False, 0.24382925033569336, 5, 0, 0, 100000, 32.046485900878906, 16741.138671875
975, 6941.377897500992, True, 19.862239599227905, 389, 0, 0, 100000, 26.41595458984375, 20056.76171875
976, 6795.909454226494, True, 18.083279609680176, 353, 0, 0, 100000, 28.00177574157715, 20242.0546875
977, 7303.744968041778, True, 22.984591484069824, 511, 0, 0, 100000, 27.867176055908203, 20245.171875
978, -8227.297233581543, False, 14.491066217422485, 322, 0, 0, 100000, 32.54665756225586, 20074.02734375
979, 7630.127578169107, True, 14.743810892105103, 267, 0, 0, 100000, 26.93748664855957, 20089.54296875
980, 7359.897483348846, True, 20.51495862007141, 456, 0, 0, 100000, 28.720836639404297, 20171.8515625
981, -13093.238695383072, False, 70.05482840538025, 1547, 0, 0, 100000, 28.60124969482422, 20247.689453125
982, 7755.0160421431065, True, 7.877006769180298, 135, 0, 0, 100000, 27.260160446166992, 19852.3828125
983, 7237.804260998964, True, 23.422343730926514, 438, 0, 0, 100000, 28.57082748413086, 20252.431640625
984, 7270.000298649073, True, 20.79088592529297, 420, 0, 0, 100000, 25.320049285888672, 20263.009765625
985, 6677.807842940092, True, 27.2143771648407, 596, 0, 0, 100000, 26.390634536743164, 20073.052734375
986, 4419.107459753752, True, 51.505555629730225, 1144, 0, 0, 100000, 26.234968185424805, 20296.75390625
987, 6535.178289294243, True, 28.7448673248291, 638, 0, 0, 100000, 26.63212013244629, 20200.1953125
988, 7388.968316376209, True, 14.664753198623657, 322, 0, 0, 100000, 22.7733097076416, 20150.3671875
989, 7298.27990886569, True, 16.096390962600708, 274, 0, 0, 100000, 25.559022903442383, 20344.826171875
990, -7628.957605838776, False, 2.3693015575408936, 42, 0, 0, 100000, 24.03965187072754, 19765.859375
991, 7684.019132196903, True, 14.451799392700195, 262, 0, 0, 100000, 30.242551803588867, 20035.9296875
992, 7407.90022751689, True, 21.018384218215942, 401, 0, 0, 100000, 27.770414352416992, 20388.771484375
993, 7039.509606003761, True, 22.640987396240234, 424, 0, 0, 100000, 29.903156280517578, 20353.998046875
994, -8373.6415297091, False, 27.762264013290405, 541, 0, 0, 100000, 27.290983200073242, 20254.84375
995, 7731.309228956699, True, 10.024341821670532, 186, 0, 0, 100000, 26.597984313964844, 20046.349609375
996, 7464.347131162882, True, 22.135490655899048, 412, 0, 0, 100000, 26.511075973510742, 20081.515625
997, 6542.231000781059, True, 23.359467029571533, 439, 0, 0, 100000, 26.45001792907715, 20056.080078125
998, 5435.330096006393, True, 37.29144334793091, 765, 0, 0, 100000, 27.694461822509766, 20023.369140625
999, 7060.74973398447, True, 20.503982543945312, 447, 0, 0, 100000, 24.368549346923828, 19847.65625
1000, 6506.42354118824, True, 29.065053939819336, 627, 0, 0, 100000, 26.81951904296875, 19971.61328125
1001, 7021.065061584115, True, 24.5802743434906, 444, 0, 0, 100000, 29.453758239746094, 19880.173828125
1002, 6979.197947889566, True, 28.102343797683716, 556, 0, 0, 100000, 28.27065086364746, 19927.974609375
1003, 6001.71707367897, True, 30.51489567756653, 616, 0, 0, 100000, 26.6682071685791, 19874.318359375
1004, 7300.067521780729, True, 10.583610534667969, 181, 0, 0, 100000, 26.54412269592285, 19579.478515625
1005, -7822.177495419979, False, 16.93336248397827, 337, 0, 0, 100000, 27.526002883911133, 20052.712890625
1006, 7700.703120708466, True, 10.722966432571411, 238, 0, 0, 100000, 30.298694610595703, 20001.712890625
1007, 5782.685761332512, True, 34.50041627883911, 692, 0, 0, 100000, 27.076635360717773, 19844.09375
1008, 6251.043586075306, True, 23.85487413406372, 530, 0, 0, 100000, 24.919530868530273, 19873.400390625
1009, 7247.630981341004, True, 27.388744831085205, 518, 0, 0, 100000, 26.759267807006836, 19957.826171875
1010, 7180.620398491621, True, 24.25491762161255, 528, 0, 0, 100000, 25.431291580200195, 19759.384765625
1011, 7090.424674093723, True, 18.618738412857056, 413, 0, 0, 100000, 25.440820693969727, 19922.720703125
1012, 7598.4309232234955, True, 11.317710638046265, 251, 0, 0, 100000, 23.757827758789062, 20123.255859375
1013, -7547.9270340800285, False, 15.152525186538696, 259, 0, 0, 100000, 26.61153221130371, 19776.287109375
1014, -8554.035631775856, False, 12.750905513763428, 231, 0, 0, 100000, 23.208080291748047, 19695.59375
1015, 7597.308522641659, True, 15.482513189315796, 296, 0, 0, 100000, 26.320362091064453, 19745.748046875
1016, 5968.349917337298, True, 26.085304021835327, 576, 0, 0, 100000, 29.335824966430664, 19930.34765625
1017, 6613.754553958774, True, 20.94279670715332, 457, 0, 0, 100000, 27.90842628479004, 19626.783203125
1018, -7280.610478401184, False, 1.2286028861999512, 27, 0, 0, 100000, 44.695011138916016, 18538.970703125
1019, 5054.911307752132, True, 29.363014936447144, 638, 0, 0, 100000, 26.480255126953125, 19556.140625
1020, 6535.891626775265, True, 25.9100501537323, 564, 0, 0, 100000, 28.072193145751953, 19600.6171875
1021, 5794.846775770187, True, 25.990588903427124, 573, 0, 0, 100000, 27.151065826416016, 19845.904296875
1022, 7375.459264546633, True, 13.079143524169922, 286, 0, 0, 100000, 26.78042221069336, 19635.029296875
1023, -9548.747651338577, False, 24.383578062057495, 534, 0, 0, 100000, 26.551328659057617, 19490.759765625
1024, -7322.68686786294, False, 9.528252124786377, 168, 0, 0, 100000, 27.229305267333984, 19228.25390625
1025, 7850.553961098194, True, 9.123615503311157, 163, 0, 0, 100000, 23.657358169555664, 19809.09375
1026, -9504.954200446606, False, 19.65902018547058, 348, 0, 0, 100000, 25.871902465820312, 19497.806640625
1027, 7404.569501012564, True, 13.228986263275146, 249, 0, 0, 100000, 30.304122924804688, 19585.021484375
1028, 7208.544060111046, True, 22.72475242614746, 429, 0, 0, 100000, 26.904266357421875, 19432.05078125
1029, 7555.331167817116, True, 11.790697813034058, 216, 0, 0, 100000, 25.2867431640625, 19507.904296875
1030, 7486.94109326601, True, 22.790377616882324, 439, 0, 0, 100000, 27.48042869567871, 19783.544921875
1031, 6919.403634607792, True, 13.83592414855957, 257, 0, 0, 100000, 27.61187171936035, 19364.767578125
1032, 7791.864540368319, True, 8.55206823348999, 160, 0, 0, 100000, 27.371021270751953, 19537.701171875
1033, 7633.502535432577, True, 9.987459897994995, 187, 0, 0, 100000, 29.531829833984375, 19845.26171875
1034, 7726.2323234677315, True, 10.01575231552124, 183, 0, 0, 100000, 23.341623306274414, 19492.42578125
1035, 7434.628682672977, True, 18.099062204360962, 334, 0, 0, 100000, 29.454458236694336, 19372.021484375
1036, -8719.877946138382, False, 24.167964696884155, 460, 0, 0, 100000, 25.36951446533203, 19569.154296875
1037, 5791.216335237026, True, 36.115400314331055, 699, 0, 0, 100000, 27.0554141998291, 19537.81640625
1038, 5971.7137006521225, True, 24.781508445739746, 557, 0, 0, 100000, 26.136804580688477, 19697.810546875
1039, 6420.941499829292, True, 26.8956515789032, 585, 0, 0, 100000, 25.589384078979492, 19435.3828125
1040, -7925.070362091064, False, 18.44747757911682, 358, 0, 0, 100000, 26.319013595581055, 19404.642578125
1041, -7405.261593461037, False, 9.055457830429077, 202, 0, 0, 100000, 27.354774475097656, 19530.056640625
1042, -12712.064858078957, False, 46.01281404495239, 1000, 0, 0, 100000, 27.798398971557617, 19461.0625
1043, 7791.175969779491, True, 8.923052787780762, 192, 0, 0, 100000, 24.998842239379883, 19486.724609375
1044, -8008.749651193619, False, 2.98183536529541, 63, 0, 0, 100000, 33.630287170410156, 18976.4296875
1045, 7730.390809416771, True, 10.025242805480957, 213, 0, 0, 100000, 30.726720809936523, 19448.298828125
1046, 7268.067987024784, True, 19.026964902877808, 338, 0, 0, 100000, 25.186185836791992, 19095.24609375
1047, 7463.523454934359, True, 16.164088249206543, 318, 0, 0, 100000, 28.557371139526367, 19170.53125
1048, 4621.829537153244, True, 28.884318590164185, 633, 0, 0, 100000, 24.644224166870117, 19241.927734375
1049, 6027.87272554636, True, 28.048675060272217, 619, 0, 0, 100000, 27.298297882080078, 19167.2109375
1050, 6797.883875310421, True, 22.188382863998413, 475, 0, 0, 100000, 27.76148223876953, 19170.25
1051, 5883.594070076942, True, 20.031096935272217, 354, 0, 0, 100000, 28.565855026245117, 19212.990234375
1052, 2666.8918687701225, True, 46.31875729560852, 945, 0, 0, 100000, 26.939149856567383, 19424.93359375
1053, 5614.2825319767, True, 25.765676021575928, 566, 0, 0, 100000, 28.94891929626465, 19435.1015625
1054, 6434.971640139818, True, 21.47703719139099, 416, 0, 0, 100000, 27.81229019165039, 19206.7421875
1055, 6805.994889080524, True, 23.396785497665405, 498, 0, 0, 100000, 26.15312957763672, 19318.900390625
1056, 7292.0132783949375, True, 21.539348125457764, 415, 0, 0, 100000, 27.314199447631836, 19358.162109375
1057, 6794.632052004337, True, 25.499041080474854, 540, 0, 0, 100000, 28.882936477661133, 19496.365234375
1058, 6034.829383969307, True, 19.096904039382935, 422, 0, 0, 100000, 25.597946166992188, 19153.80859375
1059, 7360.804541647434, True, 16.079227209091187, 339, 0, 0, 100000, 30.972036361694336, 19283.6875
1060, -8858.820436000824, False, 24.89350152015686, 443, 0, 0, 100000, 28.379478454589844, 19229.69921875
1061, 7477.6635329425335, True, 13.463558912277222, 245, 0, 0, 100000, 27.957138061523438, 19035.0703125
1062, 6575.363670796156, True, 19.665853023529053, 360, 0, 0, 100000, 24.766725540161133, 18538.09765625
1063, 6784.541578114033, True, 16.36895728111267, 313, 0, 0, 100000, 26.443517684936523, 18672.150390625
1064, 7245.920242905617, True, 17.34097409248352, 332, 0, 0, 100000, 29.176084518432617, 18198.056640625
1065, 7644.054554492235, True, 16.094156980514526, 288, 0, 0, 100000, 25.57585334777832, 18583.96875
1066, 6186.034700989723, True, 21.844688892364502, 424, 0, 0, 100000, 28.84714698791504, 18777.65625
1067, 7697.879688560963, True, 9.705899477005005, 176, 0, 0, 100000, 30.7126407623291, 18275.31640625
1068, 7582.733345389366, True, 15.855832576751709, 301, 0, 0, 100000, 25.775482177734375, 18287.69921875
1069, 6708.802455842495, True, 21.552753925323486, 403, 0, 0, 100000, 26.07831573486328, 18267.0625
1070, 6910.560341089964, True, 27.653161764144897, 516, 0, 0, 100000, 27.43661880493164, 18382.46484375
1071, 6932.4846541285515, True, 22.06620144844055, 399, 0, 0, 100000, 30.608312606811523, 18258.869140625
1072, 4496.490667462349, True, 33.46823310852051, 634, 0, 0, 100000, 25.13174819946289, 18248.560546875
1073, -7803.580523967743, False, 8.231503248214722, 154, 0, 0, 100000, 26.163759231567383, 18107.791015625
1074, 6940.12870490551, True, 18.714829683303833, 347, 0, 0, 100000, 24.953569412231445, 18239.509765625
1075, 4506.408404186368, True, 27.1722674369812, 519, 0, 0, 100000, 26.96566390991211, 18319.607421875
1076, 7296.513930425048, True, 21.562037467956543, 426, 0, 0, 100000, 27.81979751586914, 17968.33203125
1077, 6485.051239013672, True, 25.666356801986694, 559, 0, 0, 100000, 25.595287322998047, 18150.919921875
1078, 6968.452705979347, True, 25.285889387130737, 556, 0, 0, 100000, 27.394184112548828, 18180.78125
1079, 7471.208715647459, True, 14.341138362884521, 316, 0, 0, 100000, 28.916484832763672, 18239.2109375
1080, 7475.478495687246, True, 9.9564688205719, 214, 0, 0, 100000, 26.022504806518555, 18036.421875
1081, -8105.939997851849, False, 15.724336385726929, 292, 0, 0, 100000, 25.66963005065918, 18304.548828125
1082, -12194.982799589634, False, 43.347535371780396, 889, 0, 0, 100000, 27.149538040161133, 18155.41015625
1083, 6868.229599714279, True, 16.91749668121338, 299, 0, 0, 100000, 27.954811096191406, 18211.037109375
1084, 7677.226363986731, True, 14.985945701599121, 272, 0, 0, 100000, 25.756818771362305, 18102.083984375
1085, 6526.887446463108, True, 23.529706954956055, 445, 0, 0, 100000, 24.97447395324707, 18028.27734375
1086, -7761.090568423271, False, 16.702204942703247, 316, 0, 0, 100000, 26.849346160888672, 17855.7109375
1087, 7264.292471796274, True, 11.844555616378784, 230, 0, 0, 100000, 27.302534103393555, 17885.9296875
1088, 6943.722967743874, True, 13.115938663482666, 222, 0, 0, 100000, 25.039756774902344, 17848.0625
1089, 6522.977586448193, True, 23.5374972820282, 502, 0, 0, 100000, 30.406538009643555, 18233.80859375
1090, -9222.712121009827, False, 6.421780109405518, 112, 0, 0, 100000, 25.61008071899414, 17972.626953125
1091, -7737.461809813976, False, 10.16635251045227, 175, 0, 0, 100000, 30.857519149780273, 18082.859375
1092, 7887.846814930439, True, 4.215668439865112, 90, 0, 0, 100000, 30.900190353393555, 17799.103515625
1093, -10476.361813247204, False, 28.27979350090027, 616, 0, 0, 100000, 26.246994018554688, 18267.115234375
1094, 7701.4856187701225, True, 6.271631956100464, 139, 0, 0, 100000, 24.907501220703125, 18205.080078125
1095, 7611.928288683295, True, 11.308152198791504, 251, 0, 0, 100000, 26.388151168823242, 17728.681640625
1096, -15823.834592044353, False, 33.765336751937866, 739, 0, 0, 100000, 25.185131072998047, 18181.044921875
1097, 7409.544273674488, True, 13.265677213668823, 291, 0, 0, 100000, 25.320165634155273, 18301.208984375
1098, -8635.794153094292, False, 23.891865491867065, 522, 0, 0, 100000, 26.381458282470703, 18298.984375
1099, 7740.494858086109, True, 11.073897361755371, 200, 0, 0, 100000, 25.963106155395508, 18553.9765625
1100, 7468.518240094185, True, 18.115010261535645, 307, 0, 0, 100000, 25.713708877563477, 18431.42578125
1101, 7750.812100201845, True, 9.599318504333496, 178, 0, 0, 100000, 24.98609161376953, 18175.5078125
1102, 7021.499291181564, True, 19.894500017166138, 364, 0, 0, 100000, 23.81357765197754, 18210.900390625
1103, 7103.176664829254, True, 18.59709882736206, 350, 0, 0, 100000, 30.53244400024414, 18300.1484375
1104, -10739.37230116129, False, 21.201608896255493, 409, 0, 0, 100000, 25.534208297729492, 18181.689453125
1105, 7852.695537567139, True, 9.18754243850708, 165, 0, 0, 100000, 27.631175994873047, 18552.787109375
1106, -17133.511728465557, False, 65.06890487670898, 1293, 0, 0, 100000, 26.765592575073242, 18010.59765625
1107, 7704.93416929245, True, 12.017896175384521, 212, 0, 0, 100000, 26.94174575805664, 17931.875
1108, 6602.840314686298, True, 28.42966914176941, 542, 0, 0, 100000, 28.77825927734375, 17934.986328125
1109, -7806.306462883949, False, 5.9030609130859375, 130, 0, 0, 100000, 28.95433235168457, 17684.029296875
1110, 7768.034140586853, True, 9.300378322601318, 201, 0, 0, 100000, 27.561994552612305, 17959.375
1111, -14435.232355833054, False, 28.865503787994385, 632, 0, 0, 100000, 26.56935691833496, 17935.75
1112, 7712.76660707593, True, 9.726253271102905, 211, 0, 0, 100000, 26.170835494995117, 18023.919921875
1113, 7573.966728508472, True, 10.474090576171875, 225, 0, 0, 100000, 27.451072692871094, 17966.58203125
1114, 7676.438129931688, True, 9.28522253036499, 202, 0, 0, 100000, 25.00542640686035, 18028.75390625
1115, -8475.826833546162, False, 20.264183044433594, 441, 0, 0, 100000, 26.900609970092773, 17959.51171875
1116, 7715.579673320055, True, 10.501911878585815, 184, 0, 0, 100000, 29.243005752563477, 17900.64453125
1117, 7168.944848358631, True, 16.233867168426514, 300, 0, 0, 100000, 27.535722732543945, 17644.6171875
1118, 7525.512331455946, True, 16.80999779701233, 313, 0, 0, 100000, 29.02349090576172, 17775.056640625
1119, 6749.722390770912, True, 20.38162398338318, 378, 0, 0, 100000, 26.199241638183594, 17798.240234375
1120, 7406.951642036438, True, 15.084920167922974, 282, 0, 0, 100000, 31.785768508911133, 17603.333984375
1121, 7325.708590388298, True, 14.050601720809937, 258, 0, 0, 100000, 26.081174850463867, 17541.904296875
1122, -7472.204635500908, False, 8.43869137763977, 155, 0, 0, 100000, 24.22487449645996, 17929.0234375
1123, -12223.884056448936, False, 45.48381447792053, 841, 0, 0, 100000, 27.00244140625, 17583.18359375
1124, -7356.836748689413, False, 9.498770475387573, 181, 0, 0, 100000, 30.727380752563477, 17383.1015625
1125, 6965.7071024775505, True, 12.078987836837769, 246, 0, 0, 100000, 26.804738998413086, 17498.541015625
1126, 7594.329336106777, True, 8.962627410888672, 197, 0, 0, 100000, 28.006677627563477, 17623.490234375
1127, 7544.751589000225, True, 9.110868692398071, 197, 0, 0, 100000, 25.28842544555664, 17678.57421875
1128, 6685.393389463425, True, 17.258732795715332, 375, 0, 0, 100000, 27.579381942749023, 17649.91796875
1129, 2883.029111415148, True, 63.27495813369751, 1399, 0, 0, 100000, 27.10257339477539, 17489.634765625
1130, 5931.340195000172, True, 17.19572353363037, 383, 0, 0, 100000, 27.413713455200195, 17453.763671875
1131, 7199.046942666173, True, 23.28008270263672, 408, 0, 0, 100000, 26.497791290283203, 17178.216796875
1132, 7090.124678388238, True, 18.678515195846558, 352, 0, 0, 100000, 25.900135040283203, 17230.271484375
1133, 7330.40203884244, True, 13.938404321670532, 250, 0, 0, 100000, 28.4587345123291, 17205.1953125
1134, -8233.558592379093, False, 19.237078189849854, 351, 0, 0, 100000, 28.844661712646484, 17180.802734375
1135, 6786.510415643454, True, 15.111096858978271, 285, 0, 0, 100000, 27.74901008605957, 17268.625
1136, 6986.6355392336845, True, 17.84760594367981, 331, 0, 0, 100000, 30.23458480834961, 17014.404296875
1137, 7576.128642290831, True, 14.407324314117432, 280, 0, 0, 100000, 24.841991424560547, 17015.14453125
1138, 7174.119413584471, True, 16.93468403816223, 317, 0, 0, 100000, 27.36665153503418, 17006.9765625
1139, 6563.592593729496, True, 20.59393072128296, 394, 0, 0, 100000, 27.736148834228516, 17013.123046875
1140, 6840.3890281021595, True, 21.291803121566772, 408, 0, 0, 100000, 29.644683837890625, 17147.005859375
1141, 7102.5961452275515, True, 18.806766510009766, 355, 0, 0, 100000, 26.950082778930664, 17181.259765625
1142, 7160.998760968447, True, 15.999670028686523, 320, 0, 0, 100000, 27.17032241821289, 16950.19921875
1143, 7787.952180057764, True, 9.63955020904541, 178, 0, 0, 100000, 28.19693374633789, 17158.0234375
1144, -7972.577444493771, False, 18.19406270980835, 351, 0, 0, 100000, 28.734920501708984, 16846.5703125
1145, -8588.700125992298, False, 11.384087800979614, 221, 0, 0, 100000, 30.520187377929688, 17154.2265625
1146, 7742.836341977119, True, 10.963455438613892, 209, 0, 0, 100000, 28.821285247802734, 16985.248046875
1147, 5568.078515350819, True, 25.01751160621643, 489, 0, 0, 100000, 27.295501708984375, 16988.455078125
1148, 5349.656367242336, True, 25.549004077911377, 567, 0, 0, 100000, 28.79953956604004, 17144.998046875
1149, 7289.139388024807, True, 14.052973985671997, 300, 0, 0, 100000, 30.10726547241211, 16861.9609375
1150, -8832.387646853924, False, 22.52792739868164, 490, 0, 0, 100000, 28.022371292114258, 17052.556640625
1151, 7466.251805067062, True, 14.810133218765259, 323, 0, 0, 100000, 27.626937866210938, 17023.728515625
1152, 7315.841343343258, True, 19.231574535369873, 424, 0, 0, 100000, 27.13213348388672, 16946.27734375
1153, -7901.3742000460625, False, 12.320704698562622, 276, 0, 0, 100000, 23.942277908325195, 16874.568359375
1154, 7196.246350765228, True, 10.367462158203125, 185, 0, 0, 100000, 24.592376708984375, 17163.470703125
1155, 7484.462993532419, True, 20.146706104278564, 361, 0, 0, 100000, 30.070510864257812, 17074.50390625
1156, 7297.317824289203, True, 19.477010488510132, 381, 0, 0, 100000, 26.15723991394043, 16998.052734375
1157, 6218.041852205992, True, 24.594428062438965, 474, 0, 0, 100000, 28.596450805664062, 16954.4296875
1158, 6708.227944612503, True, 9.447513341903687, 179, 0, 0, 100000, 24.455209732055664, 16763.216796875
1159, 7776.725322604179, True, 10.338163375854492, 190, 0, 0, 100000, 28.044153213500977, 16775.140625
1160, 7669.748210966587, True, 9.080074787139893, 169, 0, 0, 100000, 25.402114868164062, 17180.044921875
1161, 6782.620898246765, True, 19.946993589401245, 385, 0, 0, 100000, 30.083093643188477, 17012.703125
1162, 5721.355378001928, True, 30.789907693862915, 653, 0, 0, 100000, 27.786645889282227, 16838.30859375
1163, 7641.178904533386, True, 11.939093351364136, 266, 0, 0, 100000, 26.923337936401367, 16819.287109375
1164, 6850.386078417301, True, 11.74333906173706, 261, 0, 0, 100000, 30.23539924621582, 16752.509765625
1165, 5847.331274569035, True, 20.356271028518677, 448, 0, 0, 100000, 27.71901512145996, 16772.859375
1166, 7299.077186793089, True, 10.531365633010864, 201, 0, 0, 100000, 27.262924194335938, 16705.875
1167, -8125.399409294128, False, 8.302844285964966, 150, 0, 0, 100000, 27.349212646484375, 16679.515625
1168, -12187.219757854939, False, 83.25874090194702, 1793, 0, 0, 100000, 28.391447067260742, 16762.927734375
1169, 6942.048632115126, True, 12.384156465530396, 279, 0, 0, 100000, 27.89756202697754, 16838.744140625
1170, 7407.194994032383, True, 10.009024381637573, 177, 0, 0, 100000, 28.688365936279297, 16699.666015625
1171, 7258.514618098736, True, 15.30149793624878, 273, 0, 0, 100000, 32.008304595947266, 16648.81640625
1172, 5051.38523426652, True, 32.29380750656128, 619, 0, 0, 100000, 29.302845001220703, 16692.236328125
1173, -7345.103057980537, False, 3.767505645751953, 73, 0, 0, 100000, 24.097017288208008, 16377.3955078125
1174, 7779.644259154797, True, 9.301281213760376, 179, 0, 0, 100000, 26.612886428833008, 16521.1953125
1175, 6227.082255266607, True, 24.42330551147461, 476, 0, 0, 100000, 29.183454513549805, 16686.056640625
1176, -8585.960784614086, False, 17.969879627227783, 350, 0, 0, 100000, 31.551679611206055, 16700.048828125
1177, 7730.273016631603, True, 7.999774217605591, 147, 0, 0, 100000, 23.812341690063477, 16499.794921875
1178, 857.4422353506088, True, 39.79765701293945, 786, 0, 0, 100000, 27.9033145904541, 16728.244140625
1179, 6023.1139515936375, True, 25.735324144363403, 519, 0, 0, 100000, 29.484912872314453, 16616.904296875
1180, -7487.822040140629, False, 8.09727931022644, 172, 0, 0, 100000, 31.830873489379883, 16764.333984375
1181, -7542.297770738602, False, 9.252474784851074, 200, 0, 0, 100000, 28.35674285888672, 16538.607421875
1182, 4962.992647409439, True, 18.778408527374268, 339, 0, 0, 100000, 28.168302536010742, 16654.44921875
1183, 7578.224296063185, True, 13.464146852493286, 273, 0, 0, 100000, 28.32002067565918, 16723.8671875
1184, 6621.868258416653, True, 14.126168966293335, 312, 0, 0, 100000, 27.78883171081543, 16993.14453125
1185, 7354.471690416336, True, 15.27092719078064, 329, 0, 0, 100000, 26.859588623046875, 16984.044921875
1186, 6789.628227353096, True, 17.663007259368896, 391, 0, 0, 100000, 34.285377502441406, 16833.478515625
1187, 6467.936671495438, True, 25.25754976272583, 564, 0, 0, 100000, 28.44413185119629, 16962.859375
1188, 7367.106685876846, True, 13.007224321365356, 285, 0, 0, 100000, 29.124406814575195, 16774.794921875
1189, 7642.513422131538, True, 16.165435314178467, 286, 0, 0, 100000, 27.347339630126953, 16831.25390625
1190, 5980.743740558624, True, 22.74488639831543, 420, 0, 0, 100000, 26.086002349853516, 16709.890625
1191, 7445.227262735367, True, 16.538968801498413, 322, 0, 0, 100000, 23.437191009521484, 17029.9765625
1192, 7324.801071673632, True, 14.747300624847412, 305, 0, 0, 100000, 28.406387329101562, 16785.43359375
1193, -8886.515924692154, False, 10.353263854980469, 228, 0, 0, 100000, 30.530603408813477, 16857.544921875
1194, -7416.812737464905, False, 9.090411901473999, 200, 0, 0, 100000, 27.073532104492188, 16891.18359375
1195, 7471.1686053574085, True, 15.243717193603516, 337, 0, 0, 100000, 26.557348251342773, 16951.81640625
1196, 6460.273911565542, True, 23.063581228256226, 509, 0, 0, 100000, 31.49652862548828, 16783.958984375
1197, -11002.571091890335, False, 49.56365752220154, 1098, 0, 0, 100000, 28.476215362548828, 16765.38671875
1198, 7748.349702551961, True, 10.599536418914795, 232, 0, 0, 100000, 29.68266487121582, 16808.119140625
1199, 6849.644632190466, True, 21.660478830337524, 473, 0, 0, 100000, 28.810306549072266, 16966.6015625
1200, -15084.060392260551, False, 45.54496169090271, 840, 0, 0, 100000, 27.678327560424805, 16949.677734375
1201, 7523.015592634678, True, 16.037347316741943, 300, 0, 0, 100000, 26.830127716064453, 17024.87109375
1202, -18802.423757970333, False, 59.04280066490173, 1118, 0, 0, 100000, 28.61553955078125, 16911.982421875
1203, 7767.714801311493, True, 6.238250970840454, 116, 0, 0, 100000, 26.36739158630371, 17132.685546875
1204, 7582.418309390545, True, 11.993239641189575, 222, 0, 0, 100000, 28.921634674072266, 17043.1875
1205, -15690.34249740839, False, 38.41957473754883, 741, 0, 0, 100000, 28.049551010131836, 17219.376953125
1206, 7931.078953713179, True, 4.175847053527832, 80, 0, 0, 100000, 27.568359375, 16970.65234375
1207, 7698.599494367838, True, 9.926047325134277, 182, 0, 0, 100000, 32.23435592651367, 17255.09375
1208, 7458.850576877594, True, 14.204204320907593, 272, 0, 0, 100000, 24.869903564453125, 17468.49609375
1209, 7549.238207638264, True, 11.560784816741943, 221, 0, 0, 100000, 29.450546264648438, 17504.7890625
1210, -8242.583427965641, False, 19.0790753364563, 383, 0, 0, 100000, 27.788480758666992, 17523.5546875
1211, 7052.216534614563, True, 13.572254657745361, 302, 0, 0, 100000, 31.506650924682617, 17551.841796875
1212, -8243.31139075756, False, 15.166647911071777, 337, 0, 0, 100000, 27.380949020385742, 17422.625
1213, 6568.088161319494, True, 17.479647397994995, 387, 0, 0, 100000, 29.81142807006836, 17370.216796875
1214, -10488.700157940388, False, 24.308592557907104, 551, 0, 0, 100000, 28.502233505249023, 17443.576171875
1215, 5912.4726939201355, True, 18.640547513961792, 416, 0, 0, 100000, 28.111225128173828, 17395.50390625
1216, 6340.460234880447, True, 16.840068340301514, 308, 0, 0, 100000, 31.55382537841797, 17381.625
1217, 7461.426409900188, True, 17.86833429336548, 343, 0, 0, 100000, 31.444833755493164, 17455.65625
1218, -8090.324858903885, False, 6.359942197799683, 116, 0, 0, 100000, 28.805448532104492, 17411.345703125
1219, 7748.862315863371, True, 10.549546480178833, 203, 0, 0, 100000, 33.09587097167969, 17431.3125
1220, 7289.439392864704, True, 17.884986639022827, 341, 0, 0, 100000, 31.332263946533203, 17287.162109375
1221, 7068.220476508141, True, 17.830755472183228, 351, 0, 0, 100000, 27.567522048950195, 17479.517578125
1222, -8303.47091653943, False, 21.60321354866028, 413, 0, 0, 100000, 27.887662887573242, 17466.494140625
1223, 6314.221383213997, True, 16.214348554611206, 320, 0, 0, 100000, 28.264673233032227, 17314.87890625
1224, 6903.598522603512, True, 20.653103351593018, 405, 0, 0, 100000, 29.212718963623047, 17226.8984375
1225, 4399.854207396507, True, 48.49158573150635, 923, 0, 0, 100000, 29.1257381439209, 17239.322265625
1226, 6177.640446841717, True, 29.801419973373413, 575, 0, 0, 100000, 29.015512466430664, 17345.20703125
1227, -9784.429473280907, False, 32.160404205322266, 635, 0, 0, 100000, 26.779211044311523, 17367.76171875
1228, 6926.812140882015, True, 18.601904153823853, 412, 0, 0, 100000, 28.649961471557617, 17493.392578125
1229, -12982.983791172504, False, 45.70190477371216, 928, 0, 0, 100000, 27.6835880279541, 17479.0078125
1230, 6439.818105995655, True, 18.629054307937622, 412, 0, 0, 100000, 28.34644317626953, 17563.748046875
1231, 7134.440642386675, True, 19.349733352661133, 414, 0, 0, 100000, 25.17078971862793, 17657.314453125
1232, 6417.660316556692, True, 10.938079595565796, 225, 0, 0, 100000, 27.229711532592773, 17666.701171875
1233, 6832.86123752594, True, 22.84005570411682, 434, 0, 0, 100000, 26.13958740234375, 17761.388671875
1234, -8286.74508869648, False, 10.31939435005188, 227, 0, 0, 100000, 28.74663734436035, 17395.91796875
1235, 7464.712229132652, True, 9.99944543838501, 220, 0, 0, 100000, 26.616708755493164, 17572.076171875
1236, 7629.229755103588, True, 10.939950704574585, 243, 0, 0, 100000, 28.822044372558594, 17555.6171875
1237, 6649.496270895004, True, 15.441751718521118, 341, 0, 0, 100000, 28.89963150024414, 17471.62109375
1238, 7048.014818266034, True, 21.650782585144043, 483, 0, 0, 100000, 27.796537399291992, 17460.703125
1239, -7823.38122677803, False, 9.750511169433594, 216, 0, 0, 100000, 31.282941818237305, 17680.611328125
1240, 7683.918560326099, True, 8.386611938476562, 152, 0, 0, 100000, 29.628585815429688, 17583.77734375
1241, 7798.939902663231, True, 8.421517372131348, 151, 0, 0, 100000, 25.98021125793457, 17091.611328125
1242, -8315.057181119919, False, 17.6518132686615, 329, 0, 0, 100000, 29.550983428955078, 17262.39453125
1243, 7430.542630523443, True, 17.417717456817627, 325, 0, 0, 100000, 29.567190170288086, 17120.033203125
1244, 7104.579382181168, True, 23.49442982673645, 460, 0, 0, 100000, 29.69036865234375, 17223.564453125
1245, 4943.305389642715, True, 42.91535496711731, 893, 0, 0, 100000, 28.80756187438965, 17421.64453125
1246, 6099.67200088501, True, 23.288277626037598, 513, 0, 0, 100000, 27.480005264282227, 17436.658203125
1247, -8227.277186274529, False, 8.416465997695923, 188, 0, 0, 100000, 30.45975112915039, 17277.5625
1248, 7600.281920909882, True, 15.255653142929077, 269, 0, 0, 100000, 25.93562889099121, 17314.44921875
1249, -20447.741573929787, False, 52.01142644882202, 1082, 0, 0, 100000, 28.004375457763672, 17350.931640625
1250, 7722.822831839323, True, 8.800818681716919, 156, 0, 0, 100000, 28.245834350585938, 17847.92578125
1251, 7800.960786253214, True, 8.324160099029541, 154, 0, 0, 100000, 26.27203941345215, 17853.1171875
1252, 7052.57303494215, True, 30.642338037490845, 585, 0, 0, 100000, 27.720901489257812, 18070.841796875
1253, 4467.540358603001, True, 47.870827436447144, 927, 0, 0, 100000, 28.63965606689453, 17721.044921875
1254, 6892.985621571541, True, 23.660972833633423, 453, 0, 0, 100000, 27.59767723083496, 17790.23046875
1255, 7693.379091799259, True, 9.943998336791992, 181, 0, 0, 100000, 26.539926528930664, 17526.095703125
1256, 7458.890450119972, True, 24.032546043395996, 457, 0, 0, 100000, 29.820724487304688, 17683.162109375
1257, 6536.607549592853, True, 21.40294361114502, 447, 0, 0, 100000, 30.497896194458008, 17638.748046875
1258, 7319.578865736723, True, 18.84422516822815, 421, 0, 0, 100000, 26.135204315185547, 17636.74609375
1259, 6372.9271285533905, True, 25.808703899383545, 568, 0, 0, 100000, 27.04559326171875, 17627.154296875
1260, 6140.250083327293, True, 27.337181568145752, 602, 0, 0, 100000, 29.044857025146484, 17612.333984375
1261, -7928.661309838295, False, 7.769047737121582, 140, 0, 0, 100000, 30.26000213623047, 17294.986328125
1262, 7471.822789669037, True, 16.513997554779053, 300, 0, 0, 100000, 28.870933532714844, 17256.1484375
1263, 6898.25225661695, True, 19.791967630386353, 371, 0, 0, 100000, 23.719844818115234, 17299.939453125
1264, 6562.769457176328, True, 16.905540704727173, 321, 0, 0, 100000, 28.220073699951172, 17636.44140625
1265, -7589.265988886356, False, 14.110962867736816, 267, 0, 0, 100000, 28.322702407836914, 17221.513671875
1266, 7918.514522582293, True, 4.253990411758423, 80, 0, 0, 100000, 23.690839767456055, 17656.5234375
1267, -7599.739808678627, False, 6.126117706298828, 114, 0, 0, 100000, 29.163053512573242, 17246.58203125
1268, 7486.100726157427, True, 13.591587781906128, 259, 0, 0, 100000, 29.451135635375977, 17322.2109375
1269, 6964.585012823343, True, 24.53578782081604, 476, 0, 0, 100000, 26.879657745361328, 17238.68359375
1270, -8649.89633411169, False, 24.871187925338745, 480, 0, 0, 100000, 28.499656677246094, 17280.333984375
1271, 7545.63471955061, True, 10.467316627502441, 208, 0, 0, 100000, 28.832073211669922, 17236.494140625
1272, 6064.116529583931, True, 33.518858909606934, 636, 0, 0, 100000, 26.58894920349121, 17312.76171875
1273, -9838.171462476254, False, 20.49361300468445, 386, 0, 0, 100000, 29.214841842651367, 17368.6875
1274, 6984.691666781902, True, 17.790496349334717, 339, 0, 0, 100000, 27.800830841064453, 17262.70703125
1275, 7243.511643722653, True, 17.980972290039062, 336, 0, 0, 100000, 29.3127384185791, 17527.083984375
1276, 7777.295215070248, True, 8.896678686141968, 167, 0, 0, 100000, 26.907611846923828, 17575.189453125
1277, -7513.016509771347, False, 5.832435369491577, 110, 0, 0, 100000, 23.389007568359375, 17473.365234375
1278, 6278.733919799328, True, 33.6801974773407, 647, 0, 0, 100000, 29.952150344848633, 17741.904296875
1279, 6304.479955494404, True, 31.4230215549469, 605, 0, 0, 100000, 31.4173641204834, 17525.31640625
1280, -7879.628318846226, False, 9.349708795547485, 183, 0, 0, 100000, 29.853221893310547, 17294.5625
1281, 7210.34787017107, True, 16.02274489402771, 348, 0, 0, 100000, 28.24325180053711, 17517.248046875
1282, -7892.754267454147, False, 12.777289390563965, 279, 0, 0, 100000, 31.912792205810547, 17574.25
1283, 7537.40960675478, True, 9.569398164749146, 210, 0, 0, 100000, 32.01799392700195, 17234.138671875
1284, -7587.820208966732, False, 4.222241401672363, 93, 0, 0, 100000, 30.423032760620117, 17097.712890625
1285, 7894.489394247532, True, 4.155159950256348, 91, 0, 0, 100000, 24.003633499145508, 17444.96484375
1286, 6486.403770267963, True, 16.225893020629883, 301, 0, 0, 100000, 28.301883697509766, 17328.2421875
1287, 6945.108358800411, True, 13.653935432434082, 300, 0, 0, 100000, 26.948482513427734, 17378.826171875
1288, 5678.066701084375, True, 24.0254065990448, 531, 0, 0, 100000, 26.878620147705078, 17604.623046875
1289, -8394.032860040665, False, 22.999277591705322, 452, 0, 0, 100000, 30.25771713256836, 17630.359375
1290, -8265.809208214283, False, 13.10762619972229, 290, 0, 0, 100000, 30.338991165161133, 17588.47265625
1291, 7793.152721822262, True, 9.218557596206665, 201, 0, 0, 100000, 29.482866287231445, 17258.59765625
