episode, reward, success, duration, n_steps, memory length, avg_critic_loss, avg_actor_loss
1, 1342.8450300693512, 1, 14.538442850112915, 166, 157, 0.3997423052787781, 93.28050994873047
2, -3116.462121963501, 3, 36.09753775596619, 154, 302, 11.20361614227295, -7776.41162109375
3, 634.5772795081139, 1, 88.87548899650574, 367, 660, 10.17521858215332, 6774.97216796875
4, -2233.5129566192627, 2, 3.7052953243255615, 22, 673, 7.703730583190918, 189.13734436035156
5, -2759.2678731679916, 2, 36.21106815338135, 153, 817, 11.755270957946777, 558.79833984375
6, -2488.327527999878, 2, 21.499215364456177, 94, 902, 11.996984481811523, 555.7251586914062
7, -2426.3091012239456, 3, 14.879119873046875, 67, 960, 10.962154388427734, 766.419921875
8, -2557.20801115036, 2, 22.366937160491943, 97, 1048, 12.394600868225098, 759.3099975585938
9, -2465.5890185832977, 2, 18.92362880706787, 83, 1122, 16.579565048217773, 760.64501953125
10, 2100.4473516345024, 1, 26.16327428817749, 112, 1225, 14.744244575500488, 770.9790649414062
11, -3905.9793335199356, 2, 92.67760848999023, 378, 1594, 14.855921745300293, 1123.6771240234375
12, -2590.194598197937, 2, 28.301400423049927, 120, 1705, 12.868250846862793, 1150.3070068359375
13, -2553.611477136612, 3, 22.97939658164978, 99, 1795, 12.221512794494629, 1098.60400390625
14, -2343.1049642562866, 3, 10.254359483718872, 48, 1834, 13.92371654510498, 1031.5076904296875
15, -2374.8652347922325, 2, 23.355549812316895, 100, 1925, 17.02912139892578, 1239.2392578125
16, -2365.309549808502, 3, 16.998790740966797, 75, 1991, 14.136658668518066, 1265.623046875
17, -3022.0920065641403, 2, 37.77798676490784, 157, 2139, 16.309497833251953, 1799.6856689453125
18, -2218.876430630684, 3, 8.06599736213684, 39, 2169, 11.86909294128418, 1207.2569580078125
19, -2941.4672677516937, 2, 25.808128833770752, 110, 2270, 11.548486709594727, 1903.2705078125
20, -2143.3073212504387, 3, 7.512742280960083, 37, 2298, 11.424028396606445, 1313.8363037109375
21, -2297.076273202896, 3, 9.009974479675293, 43, 2332, 8.498421669006348, 1385.2342529296875
22, -2458.173991203308, 2, 16.724573135375977, 74, 2397, 17.182212829589844, 1637.2542724609375
23, -2242.8136870861053, 3, 8.755192279815674, 42, 2430, 12.396023750305176, 1716.2808837890625
24, -2342.6884092092514, 2, 20.14223623275757, 88, 2509, 18.269025802612305, 1748.4776611328125
25, -2260.4914379119873, 3, 9.445430517196655, 46, 2546, 15.098749160766602, 1662.887939453125
26, -3837.578921675682, 3, 99.96886205673218, 412, 2949, 17.56749725341797, 2110.30712890625
27, -2996.894280195236, 2, 35.99155783653259, 154, 3094, 15.933024406433105, 2280.490478515625
28, -2260.1152324676514, 3, 8.815333366394043, 43, 3128, 9.367403984069824, 1860.479248046875
29, -2646.1296491622925, 3, 37.458322048187256, 159, 3278, 17.315710067749023, 2428.12255859375
30, -2416.376822948456, 3, 11.11739468574524, 52, 3321, 14.167475700378418, 2423.033935546875
31, -3219.0554279088974, 3, 61.521559715270996, 252, 3564, 16.33948516845703, 2798.191650390625
32, -2714.4352633953094, 2, 34.18072700500488, 144, 3699, 15.304497718811035, 2884.274658203125
33, -2881.4760061502457, 3, 41.485941648483276, 173, 3863, 16.45240020751953, 3024.313720703125
34, -3696.312036752701, 3, 117.94342470169067, 479, 4333, 17.533275604248047, 3315.758544921875
35, -2390.7543256282806, 3, 12.334001064300537, 57, 4381, 13.998908042907715, 3198.43310546875
36, -3094.089660167694, 3, 52.000919342041016, 217, 4589, 15.661566734313965, 3563.099365234375
37, -3242.162596344948, 2, 69.15576195716858, 285, 4865, 12.405464172363281, 3711.782958984375
38, -2261.594000816345, 3, 8.801291227340698, 43, 4899, 13.663342475891113, 3113.195556640625
39, -2663.7353637218475, 3, 35.06773042678833, 148, 5038, 15.655569076538086, 3781.79638671875
40, -2703.471549630165, 2, 30.389981031417847, 129, 5158, 15.074126243591309, 3795.7275390625
41, -3087.669169306755, 3, 76.35500240325928, 306, 5455, 13.65449333190918, 4006.031982421875
42, -2295.658886194229, 3, 10.21436333656311, 48, 5494, 8.901254653930664, 3424.691650390625
43, -3008.2039276361465, 2, 60.27450346946716, 248, 5733, 12.775989532470703, 4097.80224609375
44, -2325.122183442116, 2, 21.893869876861572, 94, 5818, 11.529875755310059, 3896.46142578125
45, 2395.3410236239433, 1, 7.230862855911255, 36, 5845, 8.868250846862793, 3223.6533203125
46, -2231.940234184265, 2, 1.2238349914550781, 12, 5848, 2.389998435974121, 1103.589599609375
47, -3463.205595135689, 2, 74.64984798431396, 304, 6143, 14.638896942138672, 4260.99658203125
48, -2486.582664012909, 3, 25.804253578186035, 110, 6244, 13.542895317077637, 4006.6455078125
49, 2076.3945940732956, 1, 25.802258014678955, 109, 6344, 14.784643173217773, 4097.046875
50, -2203.6583213806152, 3, 5.078868627548218, 27, 6362, 10.816948890686035, 3082.49951171875
51, -2510.29228746891, 3, 25.369351387023926, 110, 6463, 12.861244201660156, 4094.186767578125
52, -2585.0552916526794, 2, 26.420555591583252, 112, 6566, 15.348023414611816, 4087.088623046875
53, -2635.106846690178, 3, 35.33825612068176, 147, 6704, 14.645042419433594, 4289.82421875
54, -2676.159848690033, 2, 20.917693376541138, 91, 6786, 9.114190101623535, 4091.09228515625
55, -3074.486216068268, 3, 71.3952124118805, 292, 7069, 13.582493782043457, 4372.85888671875
56, -2180.8960359096527, 3, 8.390950918197632, 41, 7101, 11.842690467834473, 3507.59326171875
57, -2557.2071187496185, 3, 23.49899196624756, 101, 7193, 14.144017219543457, 4194.1982421875
58, 1465.4284518957138, 1, 50.657591819763184, 209, 7393, 12.393932342529297, 4387.37451171875
59, -2381.3015065193176, 3, 17.08168363571167, 75, 7459, 12.118529319763184, 3946.88916015625
60, -2299.3413281440735, 3, 16.57070779800415, 73, 7523, 13.0153226852417, 4002.820556640625
61, -2481.019052505493, 3, 18.696308135986328, 81, 7595, 15.06347942352295, 4022.556640625
62, -2244.818559408188, 3, 8.34011435508728, 40, 7626, 12.809344291687012, 3620.728515625
63, -2282.8590438365936, 3, 8.491401195526123, 41, 7658, 11.020626068115234, 3641.982421875
64, -2564.9796122312546, 2, 35.76042342185974, 149, 7798, 13.663093566894531, 4265.76220703125
65, -2237.4270524978638, 3, 8.612420082092285, 41, 7830, 13.252711296081543, 3562.572021484375
66, -2751.713882923126, 2, 45.894139528274536, 189, 8010, 13.970450401306152, 4366.78466796875
67, -2287.1658561229706, 3, 8.559343338012695, 41, 8042, 10.145034790039062, 3704.412841796875
68, -2273.426103115082, 3, 12.076878547668457, 60, 8093, 13.763458251953125, 3970.509033203125
69, -3161.7546659111977, 2, 58.33638644218445, 237, 8321, 13.187093734741211, 4423.10009765625
70, -2752.9381487369537, 3, 38.90866756439209, 162, 8474, 11.818479537963867, 4220.25439453125
71, -2668.3235623836517, 2, 27.422420501708984, 126, 8591, 9.947087287902832, 4132.95751953125
72, -2807.6927996873856, 2, 41.54210090637207, 187, 8769, 13.696310043334961, 4378.505859375
73, -2470.153390288353, 3, 23.261887311935425, 110, 8870, 15.397444725036621, 4122.861328125
74, -2850.416673183441, 3, 35.22374606132507, 163, 9024, 10.8431978225708, 4223.11328125
75, -2312.568549633026, 3, 15.65114951133728, 75, 9090, 11.823843955993652, 3964.53125
76, -2690.6160962581635, 3, 32.21720814704895, 149, 9230, 12.615716934204102, 4225.1943359375
77, -2234.0371930599213, 3, 11.90780520439148, 59, 9280, 8.953981399536133, 3759.712890625
78, -3430.8535940647125, 3, 88.2390763759613, 392, 9663, 12.47038459777832, 4393.056640625
79, -2333.3232681155205, 2, 19.123618364334106, 91, 9745, 10.112287521362305, 4095.0625
80, -2282.7442388534546, 3, 14.633673429489136, 71, 9807, 12.490200996398926, 3944.05859375
81, -2239.080360174179, 3, 8.230189800262451, 43, 9841, 11.113012313842773, 3658.262451171875
82, -2760.288212478161, 3, 41.345420360565186, 188, 10020, 11.259987831115723, 4303.4599609375
83, -2298.238301753998, 3, 7.862675666809082, 42, 10053, 8.784998893737793, 3808.36083984375
84, -2372.0393095612526, 3, 22.546613931655884, 105, 10149, 9.063815116882324, 4197.20751953125
85, -2498.4255247712135, 2, 25.604260206222534, 119, 10259, 11.389172554016113, 4161.1103515625
86, -2672.6541150808334, 3, 41.987993478775024, 190, 10440, 13.596373558044434, 4502.646484375
87, -2226.7676832675934, 3, 7.783370018005371, 41, 10472, 10.366978645324707, 3745.8681640625
88, -2334.621899843216, 3, 16.17851233482361, 78, 10541, 13.345324516296387, 4229.75341796875
89, -2350.7095841169357, 2, 22.620042085647583, 105, 10637, 10.62075424194336, 4334.68505859375
90, -2453.9480590820312, 2, 22.334148168563843, 105, 10733, 10.67599868774414, 4317.59326171875
91, -2191.3556027412415, 3, 7.273173570632935, 39, 10763, 13.411409378051758, 3811.701904296875
92, -2134.4597041010857, 3, 7.145123243331909, 38, 10792, 11.495184898376465, 3639.95263671875
93, -2600.6032814979553, 3, 26.887587785720825, 125, 10908, 11.822487831115723, 4506.12646484375
94, -2262.938483953476, 3, 14.992848634719849, 73, 10972, 10.117568016052246, 4265.97607421875
95, -2305.1618843078613, 2, 8.136377811431885, 43, 11006, 8.668935775756836, 3757.779052734375
96, 2386.7980845868587, 1, 8.932560920715332, 46, 11043, 11.370866775512695, 3844.27783203125
97, -2221.613932609558, 3, 5.421390056610107, 31, 11065, 9.94740104675293, 3435.027587890625
98, -2284.5614137649536, 2, 10.25900149345398, 52, 11108, 10.379852294921875, 4009.67578125
99, -3412.3237015008926, 2, 79.89060187339783, 368, 11467, 12.567044258117676, 4875.87109375
100, 2162.2270247638226, 1, 29.09616208076477, 138, 11596, 12.031299591064453, 4793.7783203125
101, -2575.057616531849, 2, 36.85406947135925, 174, 11761, 12.435872077941895, 4939.0712890625
102, -2789.2985548377037, 3, 42.40501165390015, 199, 11951, 12.137928009033203, 4885.06591796875
103, -2657.026509642601, 2, 32.54575705528259, 155, 12097, 13.049667358398438, 5015.63623046875
104, -2312.9822636842728, 3, 18.168498754501343, 89, 12177, 10.707193374633789, 5116.529296875
105, -2407.3559252023697, 3, 20.122742652893066, 98, 12266, 11.140100479125977, 4880.60009765625
106, -2128.6845597028732, 3, 7.966888904571533, 42, 12299, 8.973793029785156, 4142.42431640625
107, 2214.8181849122047, 1, 19.000232219696045, 92, 12382, 12.193124771118164, 4425.69580078125
108, -2404.670974254608, 3, 14.433905124664307, 72, 12445, 11.409419059753418, 4562.05908203125
109, 2324.8854987621307, 1, 10.907824277877808, 56, 12492, 16.005420684814453, 4658.33056640625
110, -2305.4276000261307, 3, 12.102575778961182, 62, 12545, 10.14247989654541, 4480.12646484375
111, -2291.0923116207123, 3, 13.279368877410889, 66, 12602, 11.1799955368042, 4668.05712890625
112, 2254.4704189300537, 1, 19.256530046463013, 94, 12687, 12.393627166748047, 4936.580078125
113, -2361.6897585392, 3, 19.401247024536133, 94, 12772, 10.591225624084473, 4693.00927734375
114, -2347.559898018837, 3, 12.989766120910645, 67, 12830, 10.390647888183594, 5006.20751953125
115, -2530.993592143059, 2, 29.508050441741943, 140, 12961, 13.369884490966797, 5234.8759765625
116, -2314.4303879737854, 3, 15.018100261688232, 75, 13027, 13.468414306640625, 4905.169921875
117, -2350.2787371873856, 3, 14.285626888275146, 72, 13090, 12.383932113647461, 4920.900390625
118, -2296.5295884609222, 3, 10.87699580192566, 57, 13138, 11.85727596282959, 4744.66015625
119, -2371.838777899742, 3, 14.716723203659058, 74, 13203, 12.256526947021484, 5012.27880859375
120, 2255.857750892639, 1, 18.74570870399475, 93, 13287, 12.6856107711792, 5003.5732421875
121, -2246.053300857544, 2, 4.543063640594482, 28, 13306, 7.542251110076904, 3647.171875
122, -2312.061076402664, 3, 11.44223165512085, 60, 13357, 12.402851104736328, 5149.36083984375
123, -2474.7920368909836, 2, 25.41153645515442, 123, 13471, 12.31047534942627, 5497.73876953125
124, -2365.0914961099625, 2, 18.390357732772827, 92, 13554, 12.433085441589355, 5264.55517578125
125, -2162.075043320656, 3, 7.199089050292969, 40, 13585, 11.120685577392578, 4821.5888671875
126, -2524.9004061222076, 2, 22.976064682006836, 112, 13688, 12.012661933898926, 5485.37060546875
127, -2634.489718556404, 3, 32.86647605895996, 159, 13838, 14.033611297607422, 5829.97119140625
128, -2347.0802842378616, 2, 19.625197649002075, 97, 13926, 11.574607849121094, 5475.22607421875
129, -2371.6428586244583, 2, 16.681864738464355, 84, 14001, 11.086926460266113, 5337.8134765625
130, -2169.671291589737, 3, 6.751605987548828, 38, 14030, 10.339372634887695, 4507.4580078125
131, 2314.2210549116135, 1, 10.39984917640686, 54, 14075, 10.718297958374023, 5051.14892578125
132, -2918.003810763359, 2, 40.17602825164795, 192, 14258, 13.02484130859375, 5994.17236328125
133, -2747.044385433197, 2, 36.50033903121948, 174, 14423, 14.509476661682129, 6068.1357421875
134, 2067.6416181325912, 1, 30.20353388786316, 145, 14559, 12.373377799987793, 5968.20703125
135, -2459.776361465454, 2, 26.040489435195923, 126, 14676, 13.489686012268066, 5947.06396484375
136, -2386.830664038658, 2, 21.528411626815796, 106, 14773, 13.737421989440918, 5438.5009765625
137, -2528.8348529338837, 2, 22.558197021484375, 110, 14874, 14.791680335998535, 5922.541015625
138, -2185.1092220544815, 3, 7.6971447467803955, 42, 14907, 9.487003326416016, 5323.86376953125
139, -2406.5273753404617, 3, 20.02542281150818, 98, 14996, 15.875887870788574, 5735.4326171875
140, -2625.245942592621, 2, 27.690163135528564, 135, 15122, 13.80498218536377, 6149.66845703125
141, -2270.3143429756165, 3, 10.621577501296997, 55, 15168, 13.280176162719727, 5621.5478515625
142, 2219.4096254110336, 1, 17.12704086303711, 86, 15245, 13.947134971618652, 6183.19677734375
143, -2089.4169969558716, 3, 0.21161293983459473, 4, 15245, 0.0, 0.0
144, -2427.937950015068, 2, 20.91372537612915, 103, 15339, 11.688480377197266, 5942.94775390625
145, -2597.734846830368, 2, 20.9093599319458, 102, 15432, 13.665702819824219, 6211.93359375
146, -2303.305832505226, 3, 15.99909257888794, 81, 15504, 14.012636184692383, 5921.9541015625
147, -2445.211056470871, 2, 19.847245931625366, 99, 15594, 11.929905891418457, 6162.6796875
148, -2446.8753564357758, 2, 26.955368518829346, 130, 15715, 12.031012535095215, 6118.31982421875
149, -2345.4793430566788, 2, 19.279460191726685, 95, 15801, 12.239978790283203, 5847.53955078125
150, -2584.181041955948, 2, 36.40783882141113, 174, 15966, 14.66381549835205, 6526.08349609375
151, -2868.0710262060165, 3, 46.915956020355225, 222, 16179, 13.450699806213379, 6406.56201171875
152, 2080.5828878879547, 1, 32.79908752441406, 156, 16326, 12.983497619628906, 6302.1279296875
153, -2409.032256603241, 2, 17.494080305099487, 88, 16405, 13.014435768127441, 6052.947265625
154, -2291.9867084026337, 2, 17.220176458358765, 86, 16482, 11.73990249633789, 6152.11328125
155, -2337.5772907733917, 3, 15.35742449760437, 76, 16549, 13.991861343383789, 5987.15380859375
156, -2394.8548057079315, 3, 21.30522608757019, 103, 16643, 14.767884254455566, 6549.57568359375
157, -2494.4644969701767, 3, 17.29421329498291, 86, 16720, 13.975306510925293, 6324.95849609375
158, -2336.5092698335648, 2, 14.654042720794678, 75, 16786, 12.994486808776855, 6366.197265625
159, -2560.0477947592735, 2, 37.91816568374634, 180, 16957, 14.010543823242188, 6660.36376953125
160, -2168.97998547554, 3, 6.905527830123901, 39, 16987, 9.335290908813477, 5699.42724609375
161, -2353.4393882751465, 3, 22.334033489227295, 110, 17088, 14.245321273803711, 6438.431640625
162, -2577.171643137932, 2, 29.432782888412476, 143, 17222, 13.13839340209961, 6544.3056640625
163, -2527.2964528799057, 3, 26.869169235229492, 130, 17343, 12.62572956085205, 6512.53857421875
164, -2492.244314312935, 2, 19.196717262268066, 96, 17430, 13.993762969970703, 6068.66845703125
165, -3037.5540076494217, 3, 67.29273056983948, 314, 17735, 15.09386157989502, 6917.35498046875
166, -2602.8762493133545, 2, 26.251704692840576, 127, 17853, 12.303057670593262, 6615.08251953125
167, -2620.4132232666016, 3, 31.64985156059265, 152, 17996, 14.081045150756836, 6604.623046875
168, -2368.2039437294006, 2, 19.353577852249146, 96, 18083, 14.776158332824707, 6366.37646484375
169, -2497.0642585754395, 3, 16.493571043014526, 84, 18158, 14.879782676696777, 6748.89306640625
170, 2312.4189215302467, 1, 10.963454961776733, 58, 18207, 12.726487159729004, 6042.23388671875
171, -2224.997526407242, 3, 4.889902353286743, 29, 18227, 10.448322296142578, 4732.90185546875
172, 2290.9998895525932, 1, 16.631531238555908, 83, 18301, 12.614480018615723, 6583.7705078125
173, -3080.5078215003014, 2, 49.99322056770325, 237, 18529, 13.029484748840332, 6856.62744140625
174, 2312.430500984192, 1, 15.985212802886963, 81, 18601, 10.087627410888672, 6150.64794921875
175, -2390.982140302658, 2, 21.869426727294922, 107, 18699, 14.057906150817871, 6636.6435546875
176, -2403.012092590332, 3, 20.567938804626465, 101, 18791, 13.951122283935547, 6726.18212890625
177, -2283.628029823303, 3, 7.971725702285767, 43, 18825, 13.966903686523438, 5917.625
178, 2176.1659702658653, 1, 21.46073317527771, 104, 18920, 13.895353317260742, 6362.05517578125
179, -2531.3216676712036, 3, 6.506919860839844, 37, 18948, 10.789287567138672, 6299.82568359375
180, 2434.1275150179863, 1, 5.391172647476196, 31, 18970, 9.548095703125, 5245.07177734375
181, -2136.439647912979, 3, 1.8194589614868164, 15, 18976, 8.618047714233398, 2718.65869140625
182, -2456.1471943855286, 3, 16.17909288406372, 83, 19050, 14.560810089111328, 6428.59423828125
183, -2331.4383375644684, 2, 15.564403772354126, 79, 19120, 14.658227920532227, 6700.10595703125
184, 2109.9609664678574, 1, 33.71140003204346, 160, 19271, 14.101089477539062, 6924.45458984375
185, 2145.8522277474403, 1, 31.499467849731445, 151, 19413, 13.294096946716309, 6768.607421875
186, -2458.255121946335, 2, 21.600574493408203, 106, 19510, 15.076693534851074, 6804.7666015625
187, 2244.8665892779827, 1, 21.63300085067749, 108, 19609, 13.603946685791016, 6942.33447265625
188, -2311.1512649059296, 2, 3.9918746948242188, 25, 19625, 12.812765121459961, 4629.01953125
189, 2322.646425306797, 1, 14.912476778030396, 76, 19692, 17.330774307250977, 6821.70361328125
190, -2633.0549235343933, 2, 24.73975372314453, 119, 19802, 14.523307800292969, 6772.2890625
191, 2316.354389190674, 1, 17.89917540550232, 90, 19883, 13.907306671142578, 6921.49560546875
192, -2251.7993705272675, 2, 3.5315442085266113, 23, 19897, 11.419440269470215, 4147.1103515625
193, -2246.631724357605, 3, 11.477202653884888, 59, 19947, 11.391097068786621, 6270.4921875
194, -2570.935911655426, 2, 30.428968906402588, 147, 20085, 16.835018157958984, 7439.01708984375
195, -2249.358134150505, 2, 9.482654571533203, 50, 20126, 10.936954498291016, 6167.94189453125
196, 2227.2326147556305, 1, 19.09548544883728, 94, 20211, 12.86841106414795, 6756.8505859375
197, -2248.377878844738, 3, 16.07790231704712, 80, 20282, 12.248834609985352, 6341.46533203125
198, 2155.559678912163, 1, 24.251405715942383, 119, 20392, 16.558677673339844, 7107.60302734375
199, 2214.457388997078, 1, 22.35412836074829, 109, 20492, 16.325349807739258, 7138.72802734375
200, -2688.966277360916, 3, 36.26630187034607, 173, 20656, 15.44965934753418, 7430.25732421875
201, -2287.955649495125, 3, 12.788902044296265, 66, 20713, 13.63120174407959, 7019.0986328125
202, 2293.138634324074, 1, 16.03479766845703, 80, 20784, 17.814640045166016, 7072.18115234375
203, 2138.6246461570263, 1, 37.44945192337036, 179, 20954, 14.93993091583252, 7291.681640625
204, -2284.659674882889, 2, 3.2809009552001953, 22, 20967, 11.849674224853516, 4472.60693359375
205, 2307.4886174201965, 1, 10.957050085067749, 58, 21016, 14.261507034301758, 6595.189453125
206, 2268.922020792961, 1, 20.727738618850708, 102, 21109, 17.279438018798828, 7097.4970703125
207, -2655.059158682823, 2, 41.58684206008911, 201, 21301, 13.969369888305664, 7356.22900390625
208, 2333.123779773712, 1, 16.12544822692871, 81, 21373, 14.03246784210205, 6568.5478515625
209, -3047.4186824560165, 3, 34.261759519577026, 165, 21529, 13.63938045501709, 5816.1513671875
210, -2952.9253792762756, 3, 42.40827560424805, 203, 21723, 15.086173057556152, 5847.421875
211, 2281.137869954109, 1, 17.479001760482788, 87, 21801, 12.077667236328125, 5578.67333984375
212, 1691.3223493099213, 1, 47.26960277557373, 225, 22017, 15.386983871459961, 5777.0361328125
213, 1756.067485332489, 1, 43.20131015777588, 205, 22213, 15.64356803894043, 5596.9833984375
214, -2440.219951033592, 3, 15.266667604446411, 77, 22281, 13.622855186462402, 4917.720703125
215, 2118.4445514678955, 1, 18.142977714538574, 90, 22362, 13.63147258758545, 5186.970703125
216, 87.31757935881615, 1, 89.84719204902649, 418, 22771, 16.178937911987305, 5636.7734375
217, 1602.9691703915596, 1, 37.9172523021698, 182, 22944, 15.454986572265625, 5617.9560546875
218, 2297.0259241461754, 1, 19.600767135620117, 97, 23032, 13.354815483093262, 5183.46923828125
219, -2412.253097176552, 3, 15.399882078170776, 78, 23101, 14.635197639465332, 5181.47607421875
220, 2334.0081837177277, 1, 16.854957818984985, 83, 23175, 14.543191909790039, 5537.9482421875
221, 1647.777508288622, 1, 21.201176166534424, 104, 23270, 12.790130615234375, 5882.9453125
222, -3732.028166770935, 3, 74.18387460708618, 352, 23613, 15.779740333557129, 5967.6455078125
223, 1172.0887144207954, 1, 74.81175780296326, 354, 23958, 15.65721321105957, 5638.9013671875
224, 2111.4157469570637, 1, 22.742360830307007, 111, 24060, 14.763505935668945, 5420.64453125
225, -2435.107043862343, 3, 16.074090480804443, 80, 24131, 13.377592086791992, 5047.43359375
226, 2285.3951067328453, 1, 15.825273036956787, 79, 24201, 13.809409141540527, 5009.666015625
227, 1901.4950068593025, 1, 38.58923578262329, 184, 24376, 14.271868705749512, 5271.43115234375
228, -2231.8620965480804, 3, 3.7704813480377197, 24, 24391, 7.170403957366943, 3336.301513671875
229, 1421.3034481406212, 1, 59.72879433631897, 280, 24662, 16.571239471435547, 5291.2197265625
230, 2226.818321585655, 1, 18.610488176345825, 92, 24745, 14.654961585998535, 4901.78271484375
231, 2270.0930832624435, 1, 13.89334511756897, 71, 24807, 14.681779861450195, 4750.10498046875
232, -2995.769551575184, 3, 50.874574184417725, 240, 25038, 15.045242309570312, 5241.89892578125
233, 1434.6087733507156, 1, 63.62929320335388, 302, 25331, 15.88493824005127, 5204.44677734375
234, 2200.9327136278152, 1, 28.985594749450684, 140, 25462, 17.28818702697754, 5118.1337890625
235, -2344.8364548683167, 3, 1.896789789199829, 16, 25469, 6.147937774658203, 2465.87255859375
236, 2281.3121995925903, 1, 17.46617555618286, 86, 25546, 14.808051109313965, 4856.388671875
237, -2272.020742058754, 3, 13.68887186050415, 72, 25609, 14.579448699951172, 4666.32958984375
238, 1760.4778363406658, 1, 48.19201874732971, 230, 25830, 16.134750366210938, 5155.8466796875
239, -2177.2050570249557, 3, 4.836802959442139, 29, 25850, 8.933481216430664, 3810.0126953125
240, 2117.202582001686, 1, 25.1498601436615, 123, 25964, 14.014697074890137, 4944.7763671875
241, 2311.396727025509, 1, 13.817162036895752, 71, 26026, 14.008688926696777, 4631.78564453125
242, -2790.344628095627, 2, 36.64306664466858, 175, 26192, 14.779142379760742, 4991.318359375
243, -2183.895075440407, 3, 10.13184905052185, 53, 26236, 13.008833885192871, 4496.7421875
244, -2343.548741042614, 3, 15.265162229537964, 77, 26304, 16.74907112121582, 4665.18212890625
245, -2280.463154435158, 3, 7.990567922592163, 44, 26339, 9.08910846710205, 4262.51708984375
246, 2341.2401856184006, 1, 13.671133756637573, 70, 26400, 14.629870414733887, 4661.01171875
247, 1629.0532602667809, 1, 50.972819566726685, 241, 26632, 16.056438446044922, 5214.7724609375
248, 1968.1945403814316, 1, 18.95174741744995, 93, 26716, 16.01661491394043, 4906.52197265625
249, -2254.022756457329, 3, 5.66513991355896, 33, 26740, 10.276437759399414, 4016.989990234375
250, 2227.268764615059, 1, 19.25822901725769, 96, 26827, 15.85876750946045, 4837.3623046875
251, -2611.953636288643, 3, 17.954745054244995, 89, 26907, 13.63422679901123, 4843.8076171875
252, 2376.3958145976067, 1, 10.06319808959961, 53, 26951, 11.489907264709473, 4467.29443359375
253, 1760.8823764324188, 1, 24.367470026016235, 119, 27061, 15.587848663330078, 4961.58837890625
254, 1859.286855250597, 1, 14.002213478088379, 71, 27123, 14.700651168823242, 4685.39599609375
255, -2305.1519792079926, 3, 6.056593418121338, 35, 27149, 11.243671417236328, 3988.561279296875
256, 2400.3074456453323, 1, 6.75838041305542, 38, 27178, 9.154169082641602, 4040.34423828125
257, -2342.2994060516357, 3, 0.9276173114776611, 11, 27180, 5.416714191436768, 911.9325561523438
258, 2338.117677927017, 1, 10.79288911819458, 56, 27227, 14.374953269958496, 4454.26171875
259, 2202.998671770096, 1, 16.55992889404297, 83, 27301, 13.764963150024414, 4877.27197265625
260, -2533.6768921613693, 3, 25.888733863830566, 126, 27418, 18.260160446166992, 4968.80908203125
261, 2349.984204173088, 1, 9.831624984741211, 51, 27460, 13.809748649597168, 4395.79052734375
262, 2164.4292682409286, 1, 16.51438307762146, 82, 27533, 16.480648040771484, 4715.62939453125
263, -2297.299744307995, 3, 16.342612981796265, 82, 27606, 16.666616439819336, 4752.3515625
264, 2343.408457517624, 1, 10.419474124908447, 55, 27652, 18.03823471069336, 4562.18798828125
265, -2196.097583055496, 3, 3.8237016201019287, 24, 27667, 12.319427490234375, 3251.655029296875
266, 2361.8252791166306, 1, 14.649131298065186, 74, 27732, 13.864648818969727, 4691.185546875
267, -2525.1331356167793, 3, 30.25073480606079, 145, 27868, 17.07027244567871, 5030.89208984375
268, 2394.743806242943, 1, 8.719701051712036, 47, 27906, 14.64854621887207, 4260.15380859375
269, 1986.7735013365746, 1, 40.54499864578247, 194, 28091, 16.02545166015625, 5098.76708984375
270, -2589.8710808753967, 3, 7.22138524055481, 40, 28122, 13.929512023925781, 4131.4501953125
271, -2180.7936195135117, 3, 10.143668413162231, 53, 28166, 17.47698402404785, 4424.60302734375
272, 2254.9147772192955, 1, 18.588194608688354, 92, 28249, 15.0072603225708, 4843.54833984375
273, -2303.695963740349, 3, 15.974241256713867, 81, 28321, 14.095856666564941, 4738.1943359375
274, 2334.5875986516476, 1, 16.769726037979126, 85, 28397, 16.598112106323242, 4779.99560546875
275, 2042.4835433363914, 1, 30.874616861343384, 148, 28536, 15.569517135620117, 5067.37890625
276, -2275.3335886001587, 3, 5.694993257522583, 33, 28560, 8.467010498046875, 3929.97705078125
277, 2174.537977576256, 1, 18.858703136444092, 94, 28645, 17.83237075805664, 4840.22900390625
278, -2152.7864260673523, 3, 1.776848316192627, 15, 28651, 6.84622049331665, 2235.948974609375
279, -2194.09470307827, 2, 7.670783042907715, 42, 28684, 15.357414245605469, 4294.16845703125
280, 2230.8839735388756, 1, 21.829175233840942, 108, 28783, 15.631661415100098, 4887.46435546875
281, 2257.4552218317986, 1, 25.25763463973999, 123, 28897, 16.363317489624023, 4967.21826171875
282, 2240.6768218278885, 1, 19.826680660247803, 97, 28985, 16.260234832763672, 4863.4912109375
283, -2283.712040066719, 2, 9.160723209381104, 49, 29025, 13.543936729431152, 4306.2333984375
284, 2286.922513484955, 1, 14.626147270202637, 74, 29090, 13.149162292480469, 4671.4140625
285, -2105.6419200897217, 3, 0.2073221206665039, 4, 29090, 0.0, 0.0
286, -2320.1433740258217, 2, 13.563292741775513, 69, 29150, 14.747918128967285, 4602.96044921875
287, 1973.8765991330147, 1, 24.600228786468506, 121, 29262, 17.259326934814453, 5016.396484375
288, 2330.5125031471252, 1, 15.224067211151123, 76, 29329, 14.244813919067383, 4668.921875
289, 2360.4132332205772, 1, 12.105730295181274, 62, 29382, 13.104349136352539, 4525.2412109375
290, 1925.1458364129066, 1, 31.005871295928955, 150, 29523, 18.254108428955078, 4993.2685546875
291, -2232.05832195282, 3, 8.567575693130493, 46, 29560, 14.074952125549316, 4381.1923828125
292, -2380.356595337391, 3, 8.879743337631226, 47, 29598, 15.124634742736816, 4324.76416015625
293, 2293.667347729206, 1, 19.154046297073364, 95, 29684, 17.803295135498047, 4877.677734375
294, -2417.771896481514, 3, 23.59374690055847, 117, 29792, 14.509561538696289, 4906.40380859375
295, -2280.2341614961624, 3, 12.472800731658936, 64, 29847, 15.754676818847656, 4537.4853515625
296, 2285.3808973431587, 1, 15.481122493743896, 78, 29916, 15.061613082885742, 4786.38623046875
297, 1476.331758260727, 1, 71.1471517086029, 333, 30240, 15.153836250305176, 5184.29443359375
298, -2260.3418736457825, 3, 8.506224393844604, 46, 30277, 13.107943534851074, 4378.06591796875
299, 2231.6526651382446, 1, 20.360660791397095, 101, 30369, 15.355533599853516, 4931.35546875
300, 1678.9143108129501, 1, 61.797017335891724, 291, 30651, 17.890235900878906, 5135.4482421875
301, -2271.644993185997, 3, 19.648836135864258, 96, 30738, 15.380414009094238, 4809.11572265625
302, 2319.8341896235943, 1, 14.905437707901001, 75, 30804, 14.4891939163208, 4657.40283203125
303, -2709.560975909233, 3, 35.42098808288574, 171, 30966, 15.663351058959961, 5048.0546875
304, 2375.2833923101425, 1, 13.510833263397217, 68, 31025, 16.23934555053711, 4635.990234375
305, 2096.542158603668, 1, 30.103312015533447, 145, 31161, 15.92811107635498, 5034.6943359375
306, 2204.3314146995544, 1, 27.503715991973877, 133, 31285, 17.879745483398438, 4997.78369140625
307, 2267.638863146305, 1, 21.791250944137573, 106, 31382, 16.577791213989258, 4842.66357421875
308, -2320.491782426834, 3, 17.609300136566162, 88, 31461, 14.078473091125488, 4791.4482421875
309, 2202.1939091682434, 1, 22.31358003616333, 110, 31562, 15.866101264953613, 4868.31689453125
310, -2193.697913169861, 3, 12.587993860244751, 65, 31618, 15.34803581237793, 4516.95751953125
311, 2183.379286378622, 1, 19.063700437545776, 94, 31703, 14.607605934143066, 4783.7783203125
312, 2240.986637920141, 1, 22.49090600013733, 110, 31804, 17.551156997680664, 4888.822265625
313, 2269.4804792404175, 1, 22.884751319885254, 111, 31906, 15.855340957641602, 4884.3427734375
314, 2073.960221529007, 1, 26.41347026824951, 129, 32026, 14.156092643737793, 4940.7490234375
315, 2193.623382985592, 1, 21.77390694618225, 106, 32123, 17.352798461914062, 4858.02978515625
316, 2205.629106283188, 1, 19.358409643173218, 96, 32210, 17.02475357055664, 4793.19482421875
317, -2187.4793696403503, 3, 6.969264030456543, 40, 32241, 12.409978866577148, 4006.533203125
318, 2394.892475128174, 1, 8.915767431259155, 48, 32280, 17.356931686401367, 4357.59912109375
319, 2082.1208857893944, 1, 24.279218196868896, 120, 32391, 15.89714241027832, 4865.3466796875
320, 1890.7825694084167, 1, 28.304210424423218, 136, 32518, 17.121660232543945, 5004.1357421875
321, -2378.2104181349277, 3, 27.804567575454712, 134, 32643, 14.511463165283203, 4943.9853515625
322, 2363.3555725216866, 1, 7.314304828643799, 41, 32675, 11.307615280151367, 4142.64453125
323, 2103.916872382164, 1, 29.965259552001953, 145, 32811, 15.528773307800293, 4937.5185546875
324, -2069.2397289276123, 3, 0.20546698570251465, 4, 32811, 0.0, 0.0
325, -2157.7115249037743, 3, 10.3688805103302, 55, 32857, 16.342872619628906, 4380.5673828125
326, 2287.7013027071953, 1, 15.397918462753296, 77, 32925, 11.43799877166748, 4755.52880859375
327, 2287.823631107807, 1, 20.534373998641968, 101, 33017, 15.034786224365234, 4862.30029296875
328, 2298.135608166456, 1, 16.012182474136353, 81, 33089, 15.843210220336914, 4731.1572265625
329, 2300.1145079135895, 1, 19.888943433761597, 98, 33178, 17.029298782348633, 4812.763671875
330, -2257.0970628261566, 3, 11.204389095306396, 58, 33227, 17.212566375732422, 4477.60986328125
331, 2343.9178966879845, 1, 9.806263446807861, 52, 33270, 22.694040298461914, 4397.16943359375
332, -2333.814561486244, 3, 15.663101434707642, 79, 33340, 13.737374305725098, 4686.7646484375
333, 2371.836440950632, 1, 8.990601301193237, 48, 33379, 10.528053283691406, 4275.26904296875
334, 1959.4952809214592, 1, 38.96813178062439, 185, 33555, 16.798198699951172, 5056.63427734375
335, 2274.94654789567, 1, 24.154595613479614, 117, 33663, 16.769245147705078, 4865.6787109375
336, -2233.9174460172653, 3, 12.298782110214233, 63, 33717, 14.414443016052246, 4550.873046875
337, 2363.5057334005833, 1, 15.137805461883545, 76, 33784, 13.032634735107422, 4614.65625
338, 2263.354619026184, 1, 16.972751140594482, 85, 33860, 15.899004936218262, 4742.31982421875
339, 2157.023096740246, 1, 17.450542211532593, 87, 33938, 14.40832233428955, 4749.16943359375
340, 2304.898129105568, 1, 21.686924695968628, 108, 34037, 18.59834098815918, 4829.3056640625
341, -2242.0161275863647, 3, 13.055986404418945, 66, 34094, 15.215408325195312, 4580.578125
342, -2594.2600768208504, 3, 20.123323917388916, 99, 34184, 13.673832893371582, 4851.15966796875
343, 2288.410646915436, 1, 15.733893394470215, 79, 34254, 17.145126342773438, 4692.06982421875
344, 2337.598827421665, 1, 13.179481744766235, 68, 34313, 14.34571647644043, 4494.65771484375
345, 2385.4590966701508, 1, 11.445280075073242, 59, 34363, 14.365694999694824, 4396.6767578125
346, 2267.5934106707573, 1, 17.480809926986694, 87, 34441, 16.82914161682129, 4720.77978515625
347, 2381.965599358082, 1, 10.873390674591064, 57, 34489, 17.308717727661133, 4366.82763671875
348, -2339.727109670639, 3, 19.052390813827515, 94, 34574, 16.6114444732666, 4781.5458984375
349, 2243.3729769587517, 1, 20.06689214706421, 99, 34664, 16.317699432373047, 4759.47509765625
350, -2489.1263877153397, 3, 8.949115991592407, 47, 34702, 12.609478950500488, 4265.10400390625
351, 1915.3198165297508, 1, 29.320141315460205, 143, 34836, 18.078832626342773, 4982.1396484375
352, 2278.5546295642853, 1, 27.976203203201294, 137, 34964, 16.983558654785156, 4991.974609375
353, -2291.7486399412155, 3, 20.074312210083008, 98, 35053, 16.852073669433594, 4790.06298828125
354, 2371.797498703003, 1, 7.392572402954102, 40, 35084, 13.273402214050293, 3947.623779296875
355, -2275.1514728069305, 3, 11.67461109161377, 60, 35135, 13.732380867004395, 4546.92138671875
356, -2291.5382431149483, 3, 13.732783317565918, 71, 35197, 14.768152236938477, 4529.98681640625
357, 2203.6307606995106, 1, 20.77467155456543, 101, 35289, 15.840765953063965, 4769.97265625
358, 2124.47379180789, 1, 39.23616075515747, 186, 35466, 18.203433990478516, 5006.7373046875
359, 1672.767159730196, 1, 46.28365397453308, 218, 35675, 16.96424102783203, 5047.16455078125
360, 2240.525946944952, 1, 25.614944219589233, 123, 35789, 17.136804580688477, 4855.05322265625
361, -2930.124546587467, 3, 34.24730134010315, 165, 35945, 15.902383804321289, 4929.267578125
362, 2363.562835216522, 1, 9.060105323791504, 49, 35985, 17.457984924316406, 4249.34619140625
363, -2389.0340452194214, 3, 5.510563611984253, 32, 36008, 16.181093215942383, 3804.114013671875
364, -2252.0829567313194, 2, 14.251169681549072, 72, 36071, 18.02454376220703, 4615.67041015625
365, 2379.7575682401657, 1, 9.983903884887695, 52, 36114, 15.03627872467041, 4379.6044921875
366, 1722.7621369957924, 1, 56.5881769657135, 266, 36371, 19.097074508666992, 5075.166015625
367, -2374.9647075533867, 3, 22.044692754745483, 108, 36470, 15.801253318786621, 4836.48388671875
368, 2365.3520278334618, 1, 13.192442893981934, 68, 36529, 14.820051193237305, 4583.5068359375
369, 2147.9272260069847, 1, 25.510080099105835, 124, 36644, 18.187801361083984, 4964.7001953125
370, 2006.3706198334694, 1, 32.63650298118591, 158, 36793, 15.94054889678955, 4955.8583984375
371, 2305.1462345719337, 1, 20.44072723388672, 100, 36884, 14.537734031677246, 4770.8974609375
372, 2200.006613910198, 1, 22.52176070213318, 109, 36984, 18.005922317504883, 4814.0595703125
373, 1891.6717798113823, 1, 15.482579708099365, 79, 37054, 17.135005950927734, 4659.94775390625
374, -2457.561948776245, 3, 2.0275697708129883, 16, 37061, 4.871884822845459, 2204.04345703125
375, 2392.033256471157, 1, 7.105504035949707, 40, 37092, 14.418401718139648, 4161.04248046875
376, -2115.7221965789795, 3, 0.20808625221252441, 4, 37092, 0.0, 0.0
377, -2247.5067200660706, 3, 8.109823942184448, 45, 37128, 12.877729415893555, 4235.68896484375
378, 2342.6410777568817, 1, 10.178666591644287, 55, 37174, 16.021617889404297, 4343.244140625
379, 2293.37917342782, 1, 21.80983877182007, 106, 37271, 16.04454231262207, 4805.701171875
380, 2169.7593292593956, 1, 30.448988437652588, 147, 37409, 16.660137176513672, 4980.45654296875
381, 2072.3147513866425, 1, 30.1846661567688, 146, 37546, 17.01112174987793, 4949.7646484375
382, 1991.7845031321049, 1, 29.822426795959473, 145, 37682, 17.968442916870117, 4914.20703125
383, 2296.004724383354, 1, 20.496447801589966, 101, 37774, 15.814223289489746, 4809.3603515625
384, 2250.012467265129, 1, 21.16844344139099, 104, 37869, 16.38738250732422, 4802.728515625
385, -2168.3850933909416, 3, 9.882654190063477, 53, 37913, 13.743990898132324, 4383.2724609375
386, 2353.968584537506, 1, 15.376729488372803, 77, 37981, 15.303023338317871, 4569.5517578125
387, 2240.904272675514, 1, 24.03871989250183, 118, 38090, 15.722953796386719, 4789.6240234375
388, 2275.2280225753784, 1, 18.23492169380188, 91, 38172, 17.50613784790039, 4722.69189453125
389, 2320.883233189583, 1, 22.103492736816406, 108, 38271, 18.726898193359375, 4795.6171875
390, -2342.116436958313, 3, 19.54279613494873, 97, 38359, 17.014083862304688, 4738.40283203125
391, -2261.279188990593, 3, 13.929123163223267, 71, 38421, 15.683540344238281, 4547.916015625
392, 2416.373399615288, 1, 5.578042507171631, 33, 38445, 12.31340217590332, 3917.278076171875
393, -2257.489736557007, 3, 1.960827350616455, 16, 38452, 4.412606716156006, 2335.214111328125
394, 2325.3261763453484, 1, 12.695106744766235, 65, 38508, 14.415573120117188, 4490.3095703125
395, 1660.8106014728546, 1, 54.12798810005188, 254, 38753, 16.928974151611328, 5077.32080078125
396, -2407.129265666008, 3, 15.01195740699768, 76, 38820, 13.334677696228027, 4657.4990234375
397, 1951.5172460079193, 1, 40.02222013473511, 191, 39002, 18.136999130249023, 5063.40283203125
398, 2157.423465371132, 1, 32.555235385894775, 154, 39147, 18.27376365661621, 4953.01513671875
399, -2301.8806424736977, 3, 22.34284782409668, 110, 39248, 18.973901748657227, 4866.2568359375
400, 2275.967406988144, 1, 20.481147289276123, 102, 39341, 15.658559799194336, 4793.76416015625
401, -2449.781503856182, 3, 32.321152687072754, 158, 39490, 18.912851333618164, 5032.03564453125
402, 2324.814150452614, 1, 14.914228200912476, 76, 39557, 15.691868782043457, 4716.60595703125
403, -2377.0605647563934, 3, 27.52720046043396, 134, 39682, 15.376975059509277, 4899.45458984375
404, 2390.4838581979275, 1, 9.113590955734253, 50, 39723, 14.692615509033203, 4306.263671875
405, -2312.790893316269, 3, 8.454827547073364, 46, 39760, 15.11259651184082, 4214.1630859375
406, 2295.320411503315, 1, 15.833526372909546, 81, 39832, 17.979394912719727, 4710.4365234375
407, 2322.477352142334, 1, 18.821558475494385, 93, 39916, 15.968389511108398, 4779.4111328125
408, 2285.1928684711456, 1, 25.784045934677124, 125, 40032, 15.36153793334961, 4821.39306640625
409, 2360.3828778266907, 1, 17.033806800842285, 86, 40109, 19.79621124267578, 4718.62353515625
410, -2194.1960833072662, 3, 9.393885135650635, 50, 40150, 15.903014183044434, 4297.1123046875
411, 2388.939522564411, 1, 13.583524703979492, 70, 40211, 18.40581512451172, 4567.22216796875
412, 1596.7562055587769, 1, 24.186655521392822, 120, 40322, 19.56342124938965, 4863.21923828125
413, 2302.8510340452194, 1, 15.932030200958252, 80, 40393, 16.89580535888672, 4710.2119140625
414, -2390.126925587654, 3, 22.197401762008667, 109, 40493, 17.738248825073242, 4748.4140625
415, -2195.192458629608, 3, 7.784014940261841, 42, 40526, 16.679039001464844, 4137.08349609375
416, -2294.8245101571083, 3, 10.515743970870972, 55, 40572, 16.090665817260742, 4384.00830078125
417, -2310.3375794887543, 3, 7.727437734603882, 43, 40606, 12.60473346710205, 4198.53662109375
418, -2281.007666051388, 3, 13.725607633590698, 70, 40667, 17.946964263916016, 4561.11181640625
419, 2292.2740502357483, 1, 15.68653154373169, 81, 40739, 15.323564529418945, 4707.07861328125
420, 2325.7851042449474, 1, 15.419805765151978, 77, 40807, 17.75031089782715, 4704.2041015625
421, 2264.4469699263573, 1, 25.722570657730103, 127, 40925, 19.342411041259766, 4916.0908203125
422, 1901.6620641350746, 1, 32.11914873123169, 155, 41071, 15.891548156738281, 5008.47412109375
423, 2201.9953438043594, 1, 26.385181665420532, 129, 41191, 18.71792984008789, 4891.388671875
424, -2390.1923612952232, 3, 9.985817432403564, 52, 41234, 13.882415771484375, 4366.2421875
425, 2368.6744479835033, 1, 12.618683576583862, 65, 41290, 18.710447311401367, 4548.015625
426, -2669.970738172531, 3, 18.129379749298096, 90, 41371, 19.473527908325195, 4682.87060546875
427, 2132.4441200494766, 1, 20.796061754226685, 102, 41464, 17.26336097717285, 4713.9443359375
428, -2945.7265134453773, 2, 38.277032136917114, 183, 41638, 17.515626907348633, 4971.78271484375
429, 2310.0550745129585, 1, 14.245869636535645, 72, 41701, 16.68385887145996, 4523.74755859375
430, 2278.7427831292152, 1, 16.485986709594727, 85, 41777, 18.134571075439453, 4698.26708984375
431, -2627.912971317768, 3, 23.983465433120728, 120, 41888, 15.788518905639648, 4889.580078125
432, 2202.423259615898, 1, 24.824265956878662, 122, 42001, 17.81441879272461, 4863.26220703125
433, 2360.8846688866615, 1, 12.071249008178711, 62, 42054, 14.70079231262207, 4471.51513671875
434, -2223.1893820762634, 3, 10.316837787628174, 54, 42099, 14.551525115966797, 4337.4111328125
435, 2274.374291539192, 1, 16.924771547317505, 86, 42176, 19.679384231567383, 4732.5458984375
436, 2330.850552201271, 1, 13.12233829498291, 68, 42235, 14.652149200439453, 4579.23779296875
437, 2301.3174719810486, 1, 14.526175737380981, 74, 42300, 12.805700302124023, 4639.4658203125
438, 2110.007465839386, 1, 30.687264442443848, 147, 42438, 17.37419319152832, 4966.5947265625
439, 2257.3199913799763, 1, 28.686877727508545, 138, 42567, 18.963430404663086, 4909.8759765625
440, 2295.754823565483, 1, 18.884596347808838, 93, 42651, 17.754179000854492, 4755.52734375
441, 2267.7489935159683, 1, 22.976792335510254, 113, 42755, 16.950809478759766, 4797.3232421875
442, 2278.1450756192207, 1, 14.065017700195312, 70, 42816, 12.791656494140625, 4576.4072265625
443, -2233.296513080597, 2, 7.359711170196533, 40, 42847, 18.13381576538086, 4068.938232421875
444, 2420.401046395302, 1, 5.250254392623901, 31, 42869, 14.054089546203613, 3803.398681640625
445, -2144.9229879379272, 3, 1.3438231945037842, 13, 42873, 5.054173469543457, 1643.6790771484375
446, 2040.6654109954834, 1, 31.393165588378906, 150, 43014, 17.27226448059082, 4936.7001953125
447, -2400.4908009767532, 3, 7.531955242156982, 41, 43046, 13.114518165588379, 4079.464111328125
448, -2408.4520813822746, 3, 24.758002996444702, 121, 43158, 18.04528045654297, 4814.16162109375
449, 2370.888890028, 1, 13.425204277038574, 68, 43217, 16.867488861083984, 4624.82666015625
450, -2221.394154191017, 2, 7.2060582637786865, 40, 43248, 16.53415298461914, 4082.75
451, -2247.724436402321, 3, 15.002958536148071, 76, 43315, 14.404280662536621, 4646.6669921875
452, 1717.121940255165, 1, 22.44039511680603, 111, 43417, 18.30028533935547, 4842.87158203125
453, 1836.7778136730194, 1, 36.94259524345398, 176, 43584, 18.190303802490234, 5015.931640625
454, 2251.0127477645874, 1, 23.25583505630493, 115, 43690, 16.364330291748047, 4823.515625
455, -2464.960546731949, 3, 27.601670026779175, 134, 43815, 17.88150405883789, 4933.7451171875
456, 2355.188431084156, 1, 13.250145196914673, 67, 43873, 14.440666198730469, 4602.865234375
457, 2166.3213545382023, 1, 27.69037413597107, 133, 43997, 18.511444091796875, 4939.37255859375
458, 2311.8367762565613, 1, 12.640392065048218, 65, 44053, 15.131837844848633, 4553.24658203125
459, -2162.426325082779, 3, 4.570948839187622, 28, 44072, 12.995314598083496, 3533.435546875
460, 2358.7265072464943, 1, 8.792444467544556, 47, 44110, 13.053927421569824, 4262.2236328125
461, 2180.424040645361, 1, 29.369816064834595, 140, 44241, 17.14803695678711, 4962.06494140625
462, 2144.3322947323322, 1, 29.287331104278564, 141, 44373, 18.670795440673828, 4900.60009765625
463, -2474.573178052902, 2, 29.253262281417847, 142, 44506, 17.07149887084961, 4967.6357421875
464, 2106.712775349617, 1, 21.37940526008606, 106, 44603, 17.249801635742188, 4892.43310546875
465, 1998.5289084911346, 1, 30.30124258995056, 147, 44741, 18.103660583496094, 4920.126953125
466, 2291.867972791195, 1, 21.798664808273315, 107, 44839, 15.678594589233398, 4797.60546875
467, 2273.00826305151, 1, 23.533746480941772, 116, 44946, 18.965721130371094, 4856.15576171875
468, -2607.5836173295975, 3, 26.56762933731079, 129, 45066, 16.13335609436035, 4844.7216796875
469, 2300.457437157631, 1, 14.902745962142944, 76, 45133, 15.963956832885742, 4663.560546875
470, 2376.27165555954, 1, 13.369160890579224, 68, 45192, 17.11394500732422, 4509.02294921875
471, 2281.154982715845, 1, 25.299988746643066, 124, 45307, 19.516956329345703, 4911.6630859375
472, 2164.386946439743, 1, 21.937992572784424, 107, 45405, 19.76125144958496, 4869.39990234375
473, -2136.4690914154053, 3, 0.26198410987854004, 5, 45405, 0.0, 0.0
474, 2348.7898991703987, 1, 9.15590238571167, 49, 45445, 13.808646202087402, 4275.962890625
475, 2276.9404604136944, 1, 18.94205331802368, 93, 45529, 18.233274459838867, 4761.05908203125
476, 2264.681211054325, 1, 19.306400299072266, 94, 45614, 16.05107879638672, 4748.9912109375
477, 2277.4265464246273, 1, 15.39540433883667, 77, 45682, 17.846834182739258, 4665.7216796875
478, 1681.373808145523, 1, 41.91095161437988, 198, 45871, 18.981979370117188, 5028.6220703125
479, 2334.342779278755, 1, 15.803866386413574, 79, 45941, 18.257429122924805, 4690.6181640625
480, 2379.6042309999466, 1, 8.831833600997925, 47, 45979, 13.800782203674316, 4317.76171875
481, -2257.1587069034576, 3, 6.657326936721802, 37, 46007, 20.044002532958984, 4023.648681640625
482, 2100.902745485306, 1, 28.02894163131714, 137, 46135, 18.06401824951172, 4924.7275390625
483, 2267.218893647194, 1, 16.846058130264282, 83, 46209, 15.706791877746582, 4664.029296875
484, -2197.6227196455, 3, 3.151554584503174, 21, 46221, 10.358966827392578, 3045.407470703125
485, -2225.551526725292, 2, 8.179076194763184, 44, 46256, 17.927146911621094, 4251.26513671875
486, -2297.690111398697, 3, 12.001460313796997, 62, 46309, 18.642507553100586, 4482.09521484375
487, -2226.7087576389313, 3, 13.629652976989746, 70, 46370, 16.897863388061523, 4595.9169921875
488, 2256.5469065904617, 1, 22.419254064559937, 109, 46470, 17.616626739501953, 4783.353515625
489, 2292.721693098545, 1, 23.783568143844604, 116, 46577, 18.2718448638916, 4862.09375
490, 2195.8716165423393, 1, 26.340725898742676, 127, 46695, 19.026689529418945, 4908.04248046875
491, -2370.326851248741, 3, 21.61206579208374, 105, 46791, 17.053775787353516, 4901.4404296875
492, -2285.0094825029373, 2, 13.73504114151001, 71, 46853, 16.058368682861328, 4572.65380859375
493, 1969.7783479690552, 1, 21.462730407714844, 105, 46949, 17.49486541748047, 4867.77587890625
494, -2500.204540014267, 3, 10.735751867294312, 56, 46996, 17.205507278442383, 4440.79638671875
495, 2368.5903203487396, 1, 9.494540691375732, 50, 47037, 14.423558235168457, 4288.26953125
496, 2284.2059935331345, 1, 16.24941086769104, 80, 47108, 18.105085372924805, 4686.7080078125
497, 1885.9160254001617, 1, 33.62661099433899, 161, 47260, 19.12422752380371, 5021.66552734375
498, -2280.164135158062, 2, 11.229851007461548, 58, 47309, 13.68627643585205, 4414.8291015625
499, 2313.968958288431, 1, 15.4895601272583, 78, 47378, 19.02111053466797, 4702.37841796875
500, 2190.3679873347282, 1, 21.540599822998047, 105, 47474, 16.914236068725586, 4787.3359375
501, 2304.2726889252663, 1, 21.928266525268555, 108, 47573, 17.827022552490234, 4862.71923828125
502, -2310.817167520523, 3, 15.729000568389893, 79, 47643, 20.216754913330078, 4732.59033203125
503, -2230.9449946284294, 3, 7.671816349029541, 43, 47677, 12.632752418518066, 4259.2578125
504, 2299.81566375494, 1, 15.580208778381348, 78, 47746, 19.516481399536133, 4744.71142578125
505, 2322.3929173648357, 1, 15.404494047164917, 78, 47815, 19.490278244018555, 4668.6943359375
506, -2366.6809262037277, 3, 26.41929316520691, 128, 47934, 15.942909240722656, 4873.6904296875
507, 2336.0846516489983, 1, 16.50074863433838, 81, 48006, 17.92302703857422, 4757.8134765625
508, 2151.910590648651, 1, 29.016397953033447, 139, 48136, 19.426834106445312, 4923.541015625
509, 2298.6546382308006, 1, 16.307650804519653, 81, 48208, 17.406618118286133, 4674.4365234375
510, 1548.5913894176483, 1, 24.511998653411865, 120, 48319, 18.867942810058594, 4889.95947265625
511, -2345.8007473945618, 3, 13.630332946777344, 71, 48381, 16.44349479675293, 4583.599609375
512, 2351.7125596106052, 1, 12.869070768356323, 66, 48438, 16.537416458129883, 4622.5625
513, 1976.6258174180984, 1, 29.49746060371399, 143, 48572, 18.528705596923828, 4968.82373046875
514, 2336.0279288887978, 1, 14.946129083633423, 75, 48638, 16.644681930541992, 4627.98193359375
515, -2243.3908163309097, 3, 14.955080509185791, 76, 48705, 16.797021865844727, 4741.63916015625
516, 2344.9883600473404, 1, 9.401387691497803, 51, 48747, 14.807618141174316, 4364.578125
517, -2180.8554842472076, 3, 4.008957862854004, 25, 48763, 13.447916030883789, 3370.453369140625
518, -2359.3547247052193, 3, 15.741655826568604, 79, 48833, 19.7777042388916, 4669.66259765625
519, 2345.4623985886574, 1, 13.317240238189697, 68, 48892, 17.902236938476562, 4558.63330078125
520, -2217.1714816093445, 3, 5.479108572006226, 32, 48915, 19.38100814819336, 3839.591796875
521, 2326.855775207281, 1, 12.560418605804443, 65, 48971, 17.621789932250977, 4590.416015625
522, -2565.108214855194, 3, 24.50104570388794, 120, 49082, 20.229463577270508, 4982.7783203125
523, 2371.938820451498, 1, 8.2570219039917, 44, 49117, 17.40959930419922, 4247.5947265625
524, 2236.292237341404, 1, 17.17549419403076, 86, 49194, 15.72988224029541, 4816.17724609375
525, 2206.175119072199, 1, 20.938878059387207, 103, 49288, 18.314823150634766, 4988.986328125
526, -2475.004846304655, 3, 36.748860359191895, 178, 49457, 19.412548065185547, 5089.64453125
527, 2358.234398663044, 1, 13.064631700515747, 67, 49515, 17.98784828186035, 4582.96044921875
528, 2195.8990021944046, 1, 30.869715690612793, 148, 49654, 20.178003311157227, 5002.78564453125
529, -2199.291886806488, 3, 5.9865477085113525, 34, 49679, 14.54525089263916, 3956.1640625
530, 2290.0963051617146, 1, 15.281531810760498, 77, 49747, 21.805397033691406, 4731.36669921875
531, 2222.7215988636017, 1, 27.198046922683716, 133, 49871, 20.293027877807617, 4953.99267578125
532, 2209.7360231280327, 1, 30.391469955444336, 146, 50008, 19.86949348449707, 5067.7314453125
533, 1914.3580774068832, 1, 31.579107999801636, 150, 50149, 21.231985092163086, 5061.158203125
534, 2382.3796876072884, 1, 12.887038230895996, 65, 50205, 16.865100860595703, 4586.05712890625
535, -2291.849827647209, 3, 16.05698871612549, 80, 50276, 19.734272003173828, 4742.60888671875
536, 2033.560095667839, 1, 19.544048309326172, 97, 50364, 17.08998680114746, 4851.43017578125
537, 2250.7414985001087, 1, 20.98123002052307, 103, 50458, 16.55046272277832, 4850.06787109375
538, -2148.364223241806, 3, 2.6568422317504883, 19, 50468, 9.661425590515137, 2819.249755859375
539, 2378.8840618878603, 1, 12.810039043426514, 65, 50524, 17.51983642578125, 4580.1728515625
540, 2223.0098248124123, 1, 27.974307537078857, 135, 50650, 17.1872615814209, 4982.45166015625
541, 2243.0822443962097, 1, 16.3989999294281, 82, 50723, 19.02115249633789, 4755.32421875
542, -2136.4341336488724, 3, 3.1169886589050293, 21, 50735, 8.826677322387695, 2956.28759765625
543, 2275.061645269394, 1, 15.410846471786499, 77, 50803, 17.054317474365234, 4710.3544921875
544, 2260.9505553245544, 1, 21.67263126373291, 106, 50900, 18.526912689208984, 4944.2041015625
545, 2219.2368708848953, 1, 20.40718913078308, 99, 50990, 16.33121109008789, 4960.6650390625
546, -2365.8819603323936, 3, 23.088649034500122, 113, 51094, 16.365707397460938, 4909.08447265625
547, 2360.0383560061455, 1, 8.93591594696045, 48, 51133, 17.578351974487305, 4305.6298828125
548, 2173.6505427360535, 1, 23.96165370941162, 117, 51241, 17.140302658081055, 4893.62939453125
549, 2210.7166224718094, 1, 24.716235399246216, 119, 51351, 16.918758392333984, 4911.60986328125
550, 2340.519230514765, 1, 16.540250301361084, 82, 51424, 16.212890625, 4743.0478515625
551, 2251.4738762378693, 1, 24.367693185806274, 119, 51534, 16.46967124938965, 5055.4345703125
552, 2183.474532544613, 1, 25.955617666244507, 125, 51650, 18.871389389038086, 4979.81884765625
553, -2212.6022703647614, 3, 4.919609546661377, 29, 51670, 14.14848518371582, 3785.52880859375
554, 2329.9287155270576, 1, 17.930007696151733, 89, 51750, 18.450397491455078, 4889.01513671875
555, 2317.1962555646896, 1, 14.678739547729492, 73, 51814, 19.403982162475586, 4697.74560546875
556, 2313.7222839593887, 1, 18.813648462295532, 92, 51897, 20.713043212890625, 5044.8994140625
557, 2070.0366369485855, 1, 31.69956660270691, 154, 52042, 19.341453552246094, 5093.7587890625
558, -2198.896022796631, 2, 0.36199045181274414, 7, 52042, 0.0, 0.0
559, 2377.1254581212997, 1, 10.31809663772583, 53, 52086, 15.413331985473633, 4622.21923828125
560, 2052.001643717289, 1, 27.38917589187622, 133, 52210, 17.604944229125977, 5193.67041015625
561, 1934.5714125037193, 1, 39.259297370910645, 186, 52387, 19.151107788085938, 5146.71826171875
562, -2203.07710647583, 3, 1.5763864517211914, 14, 52392, 6.5269622802734375, 2027.2430419921875
563, 2359.5721811652184, 1, 13.817492485046387, 71, 52454, 16.049150466918945, 4675.4111328125
564, 2174.425444483757, 1, 27.12819814682007, 130, 52575, 17.73735237121582, 4986.03515625
565, 2376.3625467419624, 1, 13.381943702697754, 67, 52633, 17.566680908203125, 4662.49072265625
566, -2150.642065644264, 3, 2.44913649559021, 18, 52642, 8.397910118103027, 2671.617431640625
567, 2071.7583295702934, 1, 24.879255771636963, 120, 52753, 19.716495513916016, 4966.00830078125
568, -2217.8796023130417, 2, 6.080726146697998, 35, 52779, 13.311318397521973, 3976.703125
569, 2423.6046644449234, 1, 5.088501453399658, 30, 52800, 13.499576568603516, 3828.18994140625
570, -2169.257189512253, 3, 1.9447200298309326, 16, 52807, 10.098742485046387, 2423.15625
571, 2367.3050134181976, 1, 8.24988579750061, 44, 52842, 18.885652542114258, 4349.275390625
572, 2153.8566111922264, 1, 23.65403151512146, 115, 52948, 17.913898468017578, 4987.45654296875
573, 2270.845813333988, 1, 22.10412883758545, 108, 53047, 17.901893615722656, 4878.2314453125
574, -2179.630262851715, 2, 5.325836420059204, 31, 53069, 14.234065055847168, 3708.353515625
575, 2320.0008593201637, 1, 14.57726001739502, 74, 53134, 15.800871849060059, 4773.92138671875
576, 2159.200684428215, 1, 18.176186323165894, 90, 53215, 21.259313583374023, 4920.30126953125
577, 2269.3798319101334, 1, 21.69456458091736, 105, 53311, 18.076858520507812, 4906.81298828125
578, -2203.072414636612, 3, 4.325526714324951, 27, 53329, 14.554292678833008, 3589.384033203125
579, 2340.409224152565, 1, 14.551391839981079, 74, 53394, 16.69628143310547, 4701.05126953125
580, -2286.343986392021, 3, 10.084338665008545, 54, 53439, 16.186216354370117, 4469.283203125
581, 2359.690261542797, 1, 11.18476414680481, 59, 53489, 18.686283111572266, 4481.79736328125
582, 2207.011125922203, 1, 16.930731296539307, 84, 53564, 17.250301361083984, 4894.7529296875
583, 2105.417969405651, 1, 25.54854464530945, 123, 53678, 15.909445762634277, 5002.529296875
584, 2352.6066050231457, 1, 13.974077224731445, 70, 53739, 18.57209587097168, 4748.85693359375
585, 2287.1388575434685, 1, 18.302309274673462, 90, 53820, 18.723665237426758, 4925.99853515625
586, -2294.0698547959328, 3, 18.433107137680054, 91, 53902, 18.105789184570312, 4966.64013671875
587, 2336.956401526928, 1, 13.128210067749023, 67, 53960, 22.204608917236328, 4617.494140625
588, 2236.1914618611336, 1, 18.218650579452515, 90, 54041, 18.488096237182617, 4948.86669921875
589, 2282.002381145954, 1, 23.686428785324097, 114, 54146, 17.950658798217773, 5016.53662109375
590, 2308.1898554563522, 1, 17.84807062149048, 88, 54225, 18.331464767456055, 4832.57568359375
591, -2389.9302971959114, 3, 34.174163818359375, 162, 54378, 19.73025131225586, 5029.990234375
592, 2271.779394507408, 1, 16.917855501174927, 84, 54453, 21.684656143188477, 4670.9033203125
593, -2386.396174967289, 3, 26.349730014801025, 126, 54570, 21.497657775878906, 4965.2822265625
594, 2389.4772495031357, 1, 7.57314920425415, 41, 54602, 14.538375854492188, 4169.615234375
595, -2115.9150619506836, 3, 0.21033620834350586, 4, 54602, 0.0, 0.0
596, 2335.996014535427, 1, 14.802089214324951, 74, 54667, 20.52478790283203, 4656.94287109375
597, 2234.394272208214, 1, 18.4717435836792, 91, 54749, 19.178546905517578, 4868.7978515625
598, 2296.9613295793533, 1, 21.37244462966919, 104, 54844, 23.669694900512695, 4907.6962890625
599, 2285.409404039383, 1, 21.494767665863037, 105, 54940, 20.714599609375, 4868.2265625
600, 2320.7240661382675, 1, 18.461796283721924, 91, 55022, 19.926706314086914, 4774.205078125
601, -2253.816044509411, 3, 17.5288507938385, 87, 55100, 21.76700782775879, 4806.185546875
602, 2306.905185520649, 1, 14.405780792236328, 73, 55164, 15.573685646057129, 4778.03564453125
603, -2372.3795305490494, 3, 13.433268070220947, 69, 55224, 18.03113555908203, 4635.58447265625
604, 2302.8451918661594, 1, 19.851667165756226, 98, 55313, 17.908449172973633, 4825.1083984375
605, 1510.7680240124464, 1, 43.821709871292114, 207, 55511, 20.970712661743164, 5137.44921875
606, 2250.340808957815, 1, 22.98492121696472, 111, 55613, 19.258834838867188, 4982.83837890625
607, 2287.773667693138, 1, 23.92512559890747, 115, 55719, 20.226329803466797, 5034.2646484375
608, -2280.886038184166, 3, 12.855295419692993, 66, 55776, 21.7010555267334, 4602.60107421875
609, 2407.6848274469376, 1, 6.485920667648315, 36, 55803, 15.939666748046875, 4103.80419921875
610, -2176.4893712997437, 3, 1.323432445526123, 13, 55807, 5.8757171630859375, 1711.73828125
611, 2353.1662569642067, 1, 13.741658926010132, 69, 55867, 19.19734001159668, 4759.3388671875
612, 2237.741110920906, 1, 23.043792247772217, 112, 55970, 18.701629638671875, 5013.20166015625
613, 2203.8254209160805, 1, 21.60783624649048, 105, 56066, 18.973369598388672, 5036.85546875
614, 1942.7483900785446, 1, 31.32564902305603, 147, 56204, 18.98542022705078, 5112.58251953125
615, -2198.834470272064, 3, 3.663590669631958, 24, 56219, 13.803797721862793, 3503.971923828125
616, 2384.7108919620514, 1, 9.425109624862671, 49, 56259, 17.61823081970215, 4462.572265625
617, 2322.699865579605, 1, 19.407367706298828, 94, 56344, 19.65804672241211, 4921.837890625
618, 2283.557030916214, 1, 19.824599742889404, 97, 56432, 18.815229415893555, 4871.990234375
619, 1952.1044243574142, 1, 32.04018688201904, 153, 56576, 22.164880752563477, 5089.94921875
620, 2305.9280627965927, 1, 14.521163940429688, 72, 56639, 20.1944637298584, 4708.2705078125
621, 2299.1392349004745, 1, 14.501987934112549, 72, 56702, 18.349040985107422, 4757.6669921875
622, -2243.951339662075, 3, 16.656737565994263, 82, 56775, 16.480911254882812, 4960.68310546875
623, -2232.136152088642, 2, 12.607131242752075, 64, 56830, 18.30912208557129, 4778.30224609375
624, 2284.4344655275345, 1, 16.25850200653076, 81, 56902, 18.10752296447754, 4993.5966796875
625, 2334.2946127057076, 1, 14.084443092346191, 70, 56963, 20.741670608520508, 4816.9501953125
626, -2284.9279059171677, 3, 12.330880641937256, 63, 57017, 21.0094051361084, 4725.392578125
627, 2311.5935221910477, 1, 14.160846948623657, 70, 57078, 20.806196212768555, 4653.5478515625
628, 2002.4618244171143, 1, 33.18295669555664, 157, 57226, 21.28321075439453, 5108.357421875
629, -2215.5122153759003, 3, 3.9043400287628174, 25, 57242, 15.19854736328125, 3518.90380859375
630, 2355.580521374941, 1, 9.46729302406311, 50, 57283, 16.05545997619629, 4340.2001953125
631, 2302.769847512245, 1, 18.17808222770691, 90, 57364, 23.280048370361328, 5117.22900390625
632, 2262.539701387286, 1, 24.295814037322998, 117, 57472, 20.242258071899414, 5067.0859375
633, 2022.6281175017357, 1, 32.765281438827515, 156, 57619, 20.51927947998047, 5267.70263671875
634, -2144.60799407959, 3, 0.2589106559753418, 5, 57619, 0.0, 0.0
635, 1889.1328125, 1, 26.404596090316772, 125, 57735, 18.667137145996094, 5004.93212890625
636, -2451.584021627903, 3, 12.539489984512329, 65, 57791, 23.222702026367188, 4735.45263671875
637, 2354.6611414551735, 1, 13.482751607894897, 68, 57850, 18.612998962402344, 4705.49609375
638, 2285.0084463357925, 1, 18.707586526870728, 91, 57932, 20.576618194580078, 4850.60546875
639, -2235.665757894516, 3, 5.642427921295166, 32, 57955, 11.195669174194336, 3899.448974609375
640, 2315.314259290695, 1, 15.406168699264526, 75, 58021, 17.582469940185547, 4678.17138671875
641, -2244.619941711426, 3, 5.988277912139893, 34, 58046, 14.767651557922363, 3993.734375
642, 2343.453902721405, 1, 13.755079507827759, 67, 58104, 19.26091957092285, 4608.1279296875
643, 2044.1070105433464, 1, 23.270111560821533, 108, 58203, 19.883338928222656, 4920.82470703125
644, 2201.813348442316, 1, 33.66579842567444, 155, 58349, 20.703886032104492, 5114.005859375
645, -2378.422334074974, 3, 5.990707159042358, 34, 58374, 17.277183532714844, 3935.46875
646, 2329.94892385602, 1, 14.570694923400879, 70, 58435, 19.53600311279297, 4749.31005859375
647, 2279.038656949997, 1, 17.382062196731567, 84, 58510, 19.99228286743164, 4746.43359375
648, -2162.300718307495, 3, 2.022205114364624, 16, 58517, 11.85235595703125, 2270.17431640625
649, 899.2644616365433, 1, 27.329787731170654, 129, 58637, 18.857683181762695, 5082.67041015625
650, -2347.481470644474, 3, 19.677048444747925, 93, 58721, 20.54267692565918, 4838.529296875
651, 2363.241751909256, 1, 8.067741632461548, 43, 58755, 15.881479263305664, 4371.294921875
652, 2333.371084332466, 1, 13.99805212020874, 69, 58815, 18.139911651611328, 4749.064453125
653, -2267.3415538072586, 3, 7.117840766906738, 39, 58845, 18.493255615234375, 4187.4365234375
654, -2249.190418422222, 3, 14.106168270111084, 69, 58905, 23.277233123779297, 4761.6396484375
655, 2251.703591167927, 1, 19.164170503616333, 92, 58988, 18.493637084960938, 4908.29736328125
656, 2258.9863543510437, 1, 21.04924249649048, 100, 59079, 20.45624351501465, 4945.9931640625
657, -2204.6077259778976, 3, 2.561039924621582, 18, 59088, 11.62113094329834, 2678.318115234375
658, -2272.582236111164, 2, 12.457305669784546, 62, 59141, 21.285144805908203, 4580.96142578125
659, -2393.6482350230217, 3, 14.359961986541748, 70, 59202, 22.343008041381836, 4819.99462890625
660, 2270.237190902233, 1, 19.680551767349243, 93, 59286, 20.728235244750977, 4876.9296875
661, -2244.089227437973, 3, 14.342562437057495, 71, 59348, 17.22484016418457, 4735.75146484375
662, 2329.5677121281624, 1, 14.716034173965454, 71, 59410, 18.574785232543945, 4724.42041015625
663, 2278.6825627684593, 1, 21.163233280181885, 101, 59502, 22.830514907836914, 4931.27880859375
664, 2259.3386720716953, 1, 27.10544776916504, 127, 59620, 18.115732192993164, 5027.2578125
665, 2203.2236593067646, 1, 27.87370991706848, 130, 59741, 19.607860565185547, 5026.44677734375
666, -2245.553667485714, 3, 24.22193956375122, 114, 59846, 19.09389305114746, 5069.81201171875
667, 2337.828632414341, 1, 17.865367650985718, 86, 59923, 17.972335815429688, 4899.93701171875
668, 2208.3451223373413, 1, 22.06818151473999, 101, 60015, 19.512340545654297, 4889.7060546875
669, -2321.7779055833817, 3, 13.01612901687622, 58, 60064, 18.501605987548828, 4565.1552734375
670, -2276.975687623024, 3, 9.073700189590454, 43, 60098, 18.546165466308594, 4285.8974609375
671, 2358.4927146434784, 1, 14.536978244781494, 64, 60153, 19.945255279541016, 4623.44384765625
672, -2175.1037904024124, 3, 8.868963956832886, 42, 60186, 19.256141662597656, 4212.7880859375
673, -2565.3296785354614, 3, 14.513017654418945, 64, 60241, 15.889920234680176, 4638.58837890625
674, -2227.2911111712456, 3, 15.554117918014526, 68, 60300, 19.02410888671875, 4677.2919921875
675, 2265.574072301388, 1, 16.795939683914185, 75, 60366, 19.457626342773438, 4859.220703125
676, -2231.6034759283066, 3, 28.779558420181274, 67, 60424, 16.498306274414062, 4703.5888671875
677, 2330.9759437441826, 1, 16.274364709854126, 76, 60491, 18.922039031982422, 4759.98193359375
678, 2101.723264992237, 1, 25.817463159561157, 116, 60598, 22.60059928894043, 4924.1103515625
679, 2291.245085477829, 1, 21.832497358322144, 100, 60689, 20.086814880371094, 4905.826171875
680, -2311.016011238098, 3, 23.58357882499695, 106, 60786, 19.54728889465332, 5002.8828125
681, -2260.2897446751595, 3, 13.53501558303833, 63, 60840, 19.229785919189453, 4664.82958984375
682, 2363.9902978539467, 1, 12.95100998878479, 60, 60891, 20.589996337890625, 4625.94580078125
683, -2211.147440433502, 3, 6.128204584121704, 32, 60914, 15.561769485473633, 3880.666748046875
684, -2285.62251663208, 2, 13.90083646774292, 63, 60968, 17.571989059448242, 4625.7841796875
685, 2357.0799688100815, 1, 10.344783067703247, 49, 61008, 22.12407112121582, 4518.9345703125
686, -2474.353602528572, 3, 12.751713752746582, 59, 61058, 19.636234283447266, 4704.04296875
687, 2323.5433678627014, 1, 19.06107211112976, 84, 61133, 24.224328994750977, 4866.25048828125
688, -2325.4375678300858, 3, 9.037534236907959, 44, 61168, 19.944990158081055, 4379.357421875
689, 2241.391543328762, 1, 18.319145679473877, 80, 61239, 18.466808319091797, 4831.1396484375
690, -2605.763481259346, 3, 28.164988040924072, 117, 61347, 22.058021545410156, 5076.1767578125
691, 2383.5429283976555, 1, 8.04994821548462, 39, 61377, 15.27750015258789, 4179.92822265625
692, 2225.908437848091, 1, 27.754648208618164, 115, 61483, 21.885784149169922, 4962.49951171875
693, 2238.8739914298058, 1, 30.00183868408203, 125, 61599, 17.395267486572266, 5076.015625
694, -2695.006425142288, 3, 34.047051429748535, 140, 61730, 20.37172508239746, 5078.33544921875
695, 2345.8241333961487, 1, 18.438904523849487, 79, 61800, 17.580076217651367, 4853.6337890625
696, 2002.8616079092026, 1, 34.52906513214111, 142, 61933, 19.892053604125977, 5067.81689453125
697, 2294.8647759258747, 1, 18.058584690093994, 78, 62002, 17.438209533691406, 4823.62890625
698, -2223.6486917734146, 3, 14.787976741790771, 65, 62058, 20.08746910095215, 4621.984375
699, 2289.528453350067, 1, 19.36452603340149, 83, 62132, 19.286941528320312, 4789.87890625
700, 2304.564467072487, 1, 15.425717115402222, 68, 62191, 18.71178436279297, 4725.43310546875
701, -3171.5312292277813, 3, 37.43078684806824, 155, 62337, 24.29715919494629, 5161.89013671875
702, 2373.269386470318, 1, 7.772917747497559, 38, 62366, 20.96097755432129, 4130.697265625
703, -2212.5358194708824, 3, 10.110080480575562, 47, 62404, 18.681720733642578, 4453.7890625
704, -2271.4708092212677, 2, 15.743527173995972, 69, 62464, 18.146799087524414, 4609.32421875
705, 2371.082810342312, 1, 12.174072504043579, 55, 62510, 18.889951705932617, 4481.3935546875
706, -2150.7645938396454, 3, 7.0671608448028564, 35, 62536, 16.1302547454834, 4031.29052734375
707, -2237.503728568554, 2, 12.928623676300049, 58, 62585, 24.40777015686035, 4713.4912109375
708, 2361.5975331664085, 1, 14.108394384384155, 63, 62639, 18.736391067504883, 4696.15185546875
709, 2310.702077627182, 1, 14.384397268295288, 64, 62694, 15.982263565063477, 4561.724609375
710, 2279.3028471767902, 1, 23.891064167022705, 101, 62786, 22.279043197631836, 5024.052734375
711, -2182.6516699790955, 3, 3.25044322013855, 20, 62797, 11.157857894897461, 3267.692626953125
712, -2100.6987671256065, 3, 7.546139478683472, 37, 62825, 14.45448112487793, 4095.29052734375
713, 2367.7974810004234, 1, 10.346503734588623, 48, 62864, 19.9514102935791, 4490.45849609375
714, 2207.474316775799, 1, 30.6550555229187, 128, 62983, 21.765310287475586, 5140.5009765625
715, 2188.2112206220627, 1, 30.001718282699585, 125, 63099, 21.78138542175293, 4938.07861328125
716, 2235.439430117607, 1, 26.48969078063965, 111, 63201, 22.046228408813477, 5035.88623046875
717, 2302.9767917990685, 1, 17.743279218673706, 77, 63269, 16.141382217407227, 4697.2412109375
718, 2197.2578750252724, 1, 22.622583150863647, 96, 63356, 21.980405807495117, 4900.11572265625
719, 1631.574127703905, 1, 38.537431955337524, 158, 63505, 22.496639251708984, 5073.47998046875
720, -2320.603171348572, 3, 1.488008737564087, 13, 63509, 5.1773481369018555, 1677.174072265625
721, 2368.12537753582, 1, 13.246692419052124, 59, 63559, 22.046430587768555, 4527.01220703125
722, -2336.8823730945587, 3, 9.946929931640625, 46, 63596, 16.62298011779785, 4325.7744140625
723, -2327.1067469120026, 2, 8.612182855606079, 41, 63628, 22.872894287109375, 4249.3916015625
724, 2326.6003173589706, 1, 14.26439094543457, 63, 63682, 18.410581588745117, 4652.9111328125
725, 2243.0963573157787, 1, 21.580983877182007, 92, 63765, 20.609451293945312, 4903.1357421875
726, -2219.4767766594887, 3, 9.899747848510742, 46, 63802, 19.409465789794922, 4413.2373046875
727, 2408.0600314736366, 1, 8.863684892654419, 42, 63835, 14.567448616027832, 4329.03369140625
728, -2237.1893230080605, 3, 12.983587503433228, 58, 63884, 19.289207458496094, 4643.6806640625
729, 2370.7071320414543, 1, 11.431316614151001, 52, 63927, 16.2628173828125, 4414.2646484375
730, -2192.668522000313, 3, 7.410387992858887, 36, 63954, 13.125306129455566, 4077.8115234375
731, 2355.4510121941566, 1, 11.444371938705444, 52, 63997, 18.799251556396484, 4477.27392578125
732, 2343.316254347563, 1, 21.34661054611206, 90, 64078, 22.63231658935547, 4763.9287109375
733, -2206.9144700169563, 3, 11.63961386680603, 52, 64121, 22.651622772216797, 4393.9892578125
734, 2333.4016904234886, 1, 13.532583475112915, 59, 64171, 20.227144241333008, 4565.45166015625
735, 2339.0274040699005, 1, 13.540712356567383, 59, 64221, 21.525466918945312, 4587.4189453125
736, 2069.27578574419, 1, 26.870630025863647, 110, 64322, 21.49788475036621, 4950.6015625
737, 2265.393624037504, 1, 23.72810697555542, 98, 64411, 22.354433059692383, 4870.57470703125
738, 2344.3855504989624, 1, 16.61293125152588, 71, 64473, 22.403820037841797, 4720.390625
739, 2300.089313685894, 1, 27.53529930114746, 112, 64576, 19.959753036499023, 4957.4658203125
740, -2249.7898736596107, 3, 13.072888851165771, 57, 64624, 17.767139434814453, 4618.08642578125
741, 2321.1095274090767, 1, 14.299654483795166, 62, 64677, 20.86087989807129, 4640.72705078125
742, 2330.758281826973, 1, 13.51662302017212, 59, 64727, 14.37112808227539, 4572.80712890625
743, -2203.813954949379, 3, 4.151278257369995, 23, 64741, 17.218854904174805, 3272.958251953125
744, 2151.8717589974403, 1, 19.44770646095276, 80, 64812, 15.767313957214355, 4966.3095703125
745, -2438.9633613824844, 3, 7.4332544803619385, 35, 64838, 17.27166748046875, 4044.28173828125
746, 2387.5592378377914, 1, 10.042504072189331, 45, 64874, 15.385517120361328, 4316.8466796875
747, 2328.3433986902237, 1, 16.137133836746216, 68, 64933, 19.992918014526367, 4775.04443359375
748, 2328.481030255556, 1, 14.535799026489258, 62, 64986, 17.09893226623535, 4605.8681640625
749, 2305.8983537852764, 1, 21.384692192077637, 89, 65066, 21.03398895263672, 4929.53955078125
750, 2018.0081780552864, 1, 30.16529941558838, 122, 65179, 21.219388961791992, 4986.86767578125
751, 2336.125759959221, 1, 21.924364805221558, 90, 65260, 19.551342010498047, 4816.48095703125
752, 2287.615414738655, 1, 22.445303678512573, 93, 65344, 21.905838012695312, 4856.1005859375
753, -2393.3331729769707, 3, 16.760035276412964, 71, 65406, 18.637039184570312, 4680.75634765625
754, -2252.8792972564697, 3, 12.92381501197815, 56, 65453, 18.824573516845703, 4529.5830078125
755, 2361.710288822651, 1, 9.828104257583618, 44, 65488, 17.820068359375, 4241.0029296875
756, 2335.486245751381, 1, 12.767842292785645, 56, 65535, 18.46015739440918, 4583.26220703125
757, -2251.3571222424507, 3, 14.676767110824585, 63, 65589, 21.024038314819336, 4831.12255859375
758, 2383.0327123105526, 1, 15.646444082260132, 67, 65647, 21.81907081604004, 4757.43798828125
759, 2309.1148480176926, 1, 13.199682474136353, 58, 65696, 17.401451110839844, 4643.2314453125
760, 2360.7403138279915, 1, 18.283400058746338, 77, 65764, 21.559749603271484, 4716.625
761, 2338.624291419983, 1, 18.33443284034729, 77, 65832, 18.715787887573242, 4801.56298828125
762, -2205.4283346533775, 3, 19.30211615562439, 80, 65903, 24.689453125, 4846.240234375
763, 2362.2965235114098, 1, 8.287116050720215, 39, 65933, 13.662406921386719, 4134.11083984375
764, 2342.0358449220657, 1, 13.726850986480713, 59, 65983, 18.120630264282227, 4590.8271484375
765, -2197.735791325569, 3, 9.464523792266846, 43, 66017, 20.290071487426758, 4270.3955078125
766, 2431.8532576858997, 1, 5.464586973190308, 28, 66036, 23.13339614868164, 3512.981689453125
767, -2165.4791960716248, 3, 2.020698308944702, 15, 66042, 5.5712971687316895, 2258.0283203125
768, 2295.6543743014336, 1, 16.271459341049194, 70, 66103, 20.984174728393555, 4671.0478515625
769, 2173.3065038621426, 1, 22.16856288909912, 93, 66187, 24.346120834350586, 4872.50830078125
770, -2347.755665063858, 3, 14.46477222442627, 63, 66241, 20.247825622558594, 4584.806640625
771, -2112.352367043495, 3, 7.670487642288208, 37, 66269, 12.441630363464355, 4120.89208984375
772, 2309.0058693885803, 1, 14.68168044090271, 64, 66324, 20.563077926635742, 4689.91064453125
773, 2378.003052651882, 1, 11.356082201004028, 51, 66366, 18.378753662109375, 4373.216796875
774, 2294.123198211193, 1, 17.475759983062744, 75, 66432, 22.008161544799805, 4708.990234375
775, 2113.3622648715973, 1, 31.308811902999878, 128, 66551, 23.04176139831543, 5030.6708984375
776, -2406.4818028211594, 3, 3.8342559337615967, 22, 66564, 12.615157127380371, 3109.1689453125
777, 2314.1735471487045, 1, 18.603161811828613, 79, 66634, 22.683752059936523, 4846.07568359375
778, -2289.9846357107162, 3, 12.167243480682373, 54, 66679, 19.05636215209961, 4383.1748046875
779, 2301.439391195774, 1, 16.612274885177612, 71, 66741, 23.06942367553711, 4764.72998046875
780, -2263.706054389477, 3, 14.718878746032715, 64, 66796, 20.98271369934082, 4631.29052734375
781, 2299.942155778408, 1, 16.073646783828735, 69, 66856, 21.00457000732422, 4824.677734375
782, -2281.6266560554504, 3, 22.479604721069336, 94, 66941, 20.99652671813965, 4846.10595703125
783, 2383.2318157553673, 1, 10.860270023345947, 49, 66981, 18.859445571899414, 4383.51171875
784, -2665.1996290683746, 3, 29.838176250457764, 122, 67094, 20.20366859436035, 4930.26806640625
785, 2403.202332139015, 1, 10.024011373519897, 46, 67131, 18.967493057250977, 4276.6591796875
786, -2298.932963490486, 2, 7.196743011474609, 35, 67157, 15.085103988647461, 4024.272216796875
787, 2319.766752243042, 1, 14.67066478729248, 64, 67212, 19.328575134277344, 4652.2041015625
788, 2208.7402589917183, 1, 20.6570463180542, 87, 67290, 24.599870681762695, 4876.17919921875
789, 2301.6679263710976, 1, 19.415937423706055, 82, 67363, 23.193618774414062, 4732.9951171875
790, 2315.390759855509, 1, 22.47972321510315, 93, 67447, 19.10428810119629, 4729.67626953125
791, 2254.3208332061768, 1, 22.91106390953064, 95, 67533, 20.5515193939209, 4927.71240234375
792, -2274.5852853655815, 3, 17.115593194961548, 73, 67597, 19.350690841674805, 4709.87109375
793, 2437.347050279379, 1, 5.916637420654297, 30, 67618, 17.42034339904785, 3660.51806640625
794, -2317.72345495224, 3, 3.304917335510254, 20, 67629, 14.048449516296387, 2911.549560546875
795, -2251.984183907509, 3, 13.475540399551392, 59, 67679, 18.01850128173828, 4796.27587890625
796, 2309.111974298954, 1, 18.476722478866577, 78, 67748, 22.882633209228516, 4779.01708984375
797, 1929.3420845866203, 1, 28.390416860580444, 116, 67855, 23.160856246948242, 4942.4443359375
798, 2268.977609217167, 1, 23.973612785339355, 99, 67945, 22.405803680419922, 4844.1005859375
799, 2339.3603508472443, 1, 10.55479383468628, 48, 67984, 20.337383270263672, 4340.310546875
800, 2344.8249220848083, 1, 21.63593053817749, 90, 68065, 20.70536231994629, 4862.4716796875
801, -2260.2956660985947, 3, 10.113312721252441, 46, 68102, 21.88395118713379, 4295.68212890625
802, -2272.191815197468, 3, 13.739983081817627, 60, 68153, 17.33171272277832, 4497.8076171875
803, 2362.3714154064655, 1, 14.086452007293701, 61, 68205, 23.236448287963867, 4602.80908203125
804, -2190.5371977090836, 3, 5.4125518798828125, 28, 68224, 13.65839958190918, 3746.266845703125
805, 2308.535787463188, 1, 16.147541046142578, 69, 68284, 18.26113510131836, 4721.9248046875
806, 2312.7546136677265, 1, 19.547749519348145, 82, 68357, 24.02487564086914, 4798.83349609375
807, 2354.6442416906357, 1, 11.738275051116943, 52, 68400, 25.855409622192383, 4502.50341796875
808, 1758.9034017324448, 1, 38.47638916969299, 155, 68546, 21.840782165527344, 5129.4345703125
809, -2113.0400257110596, 3, 0.20571517944335938, 4, 68546, 0.0, 0.0
810, 2385.583510994911, 1, 14.3259117603302, 62, 68599, 19.602840423583984, 4445.72265625
811, -2558.5441201925278, 3, 28.643024444580078, 117, 68707, 23.377885818481445, 5010.640625
812, 2285.066394686699, 1, 17.942949056625366, 76, 68774, 21.889223098754883, 4804.80419921875
813, 2323.0291073322296, 1, 12.613317489624023, 55, 68820, 17.711729049682617, 4669.95361328125
814, 2252.468325614929, 1, 33.19357943534851, 133, 68944, 20.17475700378418, 5118.2236328125
815, -2266.0936883687973, 3, 9.114984273910522, 42, 68977, 22.10284996032715, 4376.91650390625
816, 2369.2210753560066, 1, 13.909459829330444, 60, 69028, 20.952306747436523, 4689.5439453125
817, 2297.5740960240364, 1, 17.023277282714844, 72, 69091, 17.362834930419922, 4724.30224609375
818, 2298.4616691172123, 1, 11.154163599014282, 49, 69131, 16.290435791015625, 4441.94384765625
819, -2228.784399032593, 2, 0.7242372035980225, 10, 69132, 0.20824560523033142, 486.5306091308594
820, 2391.5184535980225, 1, 10.205997228622437, 46, 69169, 23.200664520263672, 4536.73583984375
821, 2282.958821475506, 1, 20.135498762130737, 84, 69244, 23.926639556884766, 4854.18212890625
822, -2141.2808389663696, 3, 4.385738372802734, 24, 69259, 14.098095893859863, 3335.2197265625
823, 2219.6377344727516, 1, 18.74106192588806, 79, 69329, 24.212522506713867, 4800.3134765625
824, 2361.2037907242775, 1, 11.67839765548706, 52, 69372, 19.98312759399414, 4452.69189453125
825, -2145.539850592613, 3, 4.645126581192017, 25, 69388, 11.422228813171387, 3502.438720703125
826, 2331.646472007036, 1, 13.57913613319397, 59, 69438, 21.8957576751709, 4680.42431640625
827, 2245.6322346925735, 1, 20.803266286849976, 86, 69515, 24.01790428161621, 4810.08154296875
828, -2210.2904609441757, 3, 4.156096458435059, 23, 69529, 12.12971305847168, 3362.23583984375
829, 2350.789214015007, 1, 19.362563848495483, 81, 69601, 19.37630844116211, 4736.01904296875
830, 2326.1971260905266, 1, 14.695319414138794, 63, 69655, 21.473979949951172, 4686.3916015625
831, 2358.179002404213, 1, 17.393207550048828, 73, 69719, 20.924333572387695, 4913.00390625
832, 2338.558871805668, 1, 11.522624731063843, 51, 69761, 24.929704666137695, 4381.08251953125
833, 2262.0260570645332, 1, 23.065655946731567, 95, 69847, 21.94369125366211, 5064.8623046875
834, 2318.7996379733086, 1, 17.82370948791504, 75, 69913, 21.74249839782715, 4719.587890625
835, -2197.9949855804443, 2, 0.3650085926055908, 7, 69913, 0.0, 0.0
836, 2348.948501229286, 1, 14.99854326248169, 64, 69968, 21.977033615112305, 4792.7109375
837, 2071.306090295315, 1, 27.870039701461792, 113, 70072, 24.845787048339844, 5051.3955078125
838, -2294.888748705387, 3, 24.219806909561157, 99, 70162, 21.829965591430664, 4914.357421875
839, 2352.623265981674, 1, 9.491370677947998, 43, 70196, 18.905302047729492, 4249.41943359375
840, -2870.1726328730583, 3, 32.422775983810425, 130, 70317, 23.48590850830078, 5145.4990234375
841, -2161.4199100136757, 3, 12.628625869750977, 55, 70363, 23.201797485351562, 4448.60498046875
842, 2356.6221564412117, 1, 18.692251682281494, 78, 70432, 21.3479061126709, 4751.58154296875
843, -2261.9700897932053, 3, 9.700536966323853, 44, 70467, 15.655917167663574, 4237.81884765625
844, 2419.7923663258553, 1, 8.138436794281006, 38, 70496, 19.881473541259766, 4200.38671875
845, 1929.0580246448517, 1, 32.653934955596924, 131, 70618, 23.529888153076172, 5112.23828125
846, -2270.422443509102, 3, 11.298343658447266, 50, 70659, 18.242990493774414, 4442.560546875
847, 2326.0705482959747, 1, 13.330170154571533, 57, 70707, 20.456892013549805, 4508.70703125
848, 2354.71851092577, 1, 13.275633335113525, 57, 70755, 20.406051635742188, 4601.0302734375
849, 2357.5932232141495, 1, 14.174994468688965, 61, 70807, 20.494916915893555, 4618.412109375
850, 2332.8762089014053, 1, 22.009406566619873, 90, 70888, 21.73465919494629, 4860.46630859375
851, -2246.110723733902, 3, 7.885726690292358, 37, 70916, 21.67648696899414, 4124.93603515625
852, 2420.5848935842514, 1, 5.943721532821655, 29, 70936, 14.293511390686035, 3694.4072265625
853, -2161.1079382896423, 3, 1.5372493267059326, 13, 70940, 8.700018882751465, 1609.6248779296875
854, 2323.178565144539, 1, 13.500401973724365, 58, 70989, 22.64558219909668, 4569.88671875
855, 2261.6676647663116, 1, 27.374079704284668, 111, 71091, 24.772865295410156, 5061.1767578125
856, -2473.8505142331123, 3, 33.44824433326721, 134, 71216, 25.943635940551758, 5035.4462890625
857, 2410.1720022559166, 1, 8.367152690887451, 39, 71246, 18.867395401000977, 4227.44287109375
858, 2350.5788204967976, 1, 17.563748836517334, 74, 71311, 22.761566162109375, 4729.3203125
859, 2274.3247329592705, 1, 26.985273599624634, 109, 71411, 21.053672790527344, 4985.44091796875
860, 2290.298552542925, 1, 22.71603512763977, 93, 71495, 21.172788619995117, 4877.32373046875
861, 2325.431842714548, 1, 18.694210529327393, 78, 71564, 20.747844696044922, 4679.78125
862, 2349.1148241758347, 1, 15.227038621902466, 65, 71620, 23.138336181640625, 4698.482421875
863, -2176.180022716522, 3, 6.321715593338013, 31, 71642, 14.908707618713379, 3810.814453125
864, 2327.1922298669815, 1, 13.729400873184204, 59, 71692, 26.85289764404297, 4643.12353515625
865, 2324.8303842544556, 1, 16.121306657791138, 68, 71751, 21.59589385986328, 4707.80322265625
866, -2176.513081550598, 3, 2.850267171859741, 18, 71760, 12.084502220153809, 2802.242431640625
867, -2296.0717215538025, 3, 14.48468804359436, 62, 71813, 22.04370880126953, 4754.6279296875
868, 2026.1190474033356, 1, 22.368331909179688, 92, 71896, 21.82146453857422, 4932.66357421875
869, 2284.780721306801, 1, 21.2018780708313, 87, 71974, 24.65541648864746, 4910.34521484375
870, 2289.8300204873085, 1, 19.0753493309021, 79, 72044, 21.74303436279297, 4948.4248046875
871, -2180.4868735671043, 3, 11.99187970161438, 52, 72087, 20.31646728515625, 4692.451171875
872, 2367.8812752962112, 1, 17.249255180358887, 72, 72150, 22.256471633911133, 4705.18798828125
873, -2663.8644572496414, 3, 14.861114263534546, 63, 72204, 22.252229690551758, 4716.83447265625
874, 2316.279250264168, 1, 15.288252353668213, 65, 72260, 20.63728141784668, 4693.11767578125
875, 2290.425371348858, 1, 20.503013372421265, 85, 72336, 20.219905853271484, 4934.06591796875
876, 2337.9417780041695, 1, 13.722468614578247, 59, 72386, 24.28817367553711, 4555.4697265625
877, 2327.453843653202, 1, 17.06407141685486, 71, 72448, 23.36627197265625, 4821.31494140625
878, 2107.3044274151325, 1, 40.747129917144775, 160, 72599, 22.385700225830078, 5193.466796875
879, 2266.80941259861, 1, 20.52528190612793, 84, 72674, 25.296192169189453, 4913.44921875
880, -2183.6696033477783, 3, 7.447953462600708, 35, 72700, 19.837574005126953, 4028.70703125
881, 2333.6213933229446, 1, 16.825789213180542, 70, 72761, 20.73941993713379, 4650.3720703125
882, 2341.0448125600815, 1, 16.216384172439575, 68, 72820, 21.12938117980957, 4668.85546875
883, 2288.1738888323307, 1, 31.144742965698242, 124, 72935, 23.037986755371094, 5151.294921875
884, -2241.9556703567505, 3, 20.31968092918396, 84, 73010, 23.76384162902832, 4855.42333984375
885, 2334.0687203407288, 1, 14.268427610397339, 61, 73062, 24.352182388305664, 4787.8076171875
886, 2346.281557202339, 1, 11.040015697479248, 49, 73102, 24.47632598876953, 4335.75048828125
887, -2135.4941625595093, 3, 3.61538028717041, 21, 73114, 10.470433235168457, 3072.749267578125
888, 2347.439848601818, 1, 18.532477378845215, 77, 73182, 25.409387588500977, 4748.6376953125
889, 2298.0571412444115, 1, 20.940845012664795, 86, 73259, 19.99384307861328, 4973.0498046875
890, 2289.649273991585, 1, 21.573577642440796, 90, 73340, 23.756933212280273, 4842.45458984375
891, 2286.396811246872, 1, 28.114603281021118, 114, 73445, 22.96465301513672, 5002.84716796875
892, 2227.9024056643248, 1, 22.836573362350464, 94, 73530, 25.976547241210938, 4855.466796875
893, -2144.3993196487427, 3, 2.3044025897979736, 16, 73537, 9.951400756835938, 2386.795654296875
894, 2376.6450142860413, 1, 10.994800567626953, 49, 73577, 24.331724166870117, 4614.24951171875
895, 2207.229873239994, 1, 16.478962182998657, 70, 73638, 18.755596160888672, 4822.96044921875
896, 2311.3975793123245, 1, 17.78534507751465, 75, 73704, 24.916364669799805, 4674.7939453125
897, 2341.760110169649, 1, 15.670722484588623, 67, 73762, 22.130603790283203, 4783.806640625
898, 2388.3054473996162, 1, 11.209635496139526, 50, 73803, 18.475788116455078, 4473.400390625
899, 2352.0801136493683, 1, 13.824626207351685, 60, 73854, 20.575231552124023, 4576.1640625
900, 2091.6718067228794, 1, 29.66107201576233, 120, 73965, 23.44084358215332, 4932.14892578125
901, 2269.487958163023, 1, 19.261770248413086, 81, 74037, 23.212791442871094, 4805.05517578125
902, -2145.112575531006, 3, 7.518080234527588, 36, 74064, 20.805566787719727, 4162.2060546875
903, -2249.887457847595, 3, 14.784052610397339, 64, 74119, 19.601543426513672, 4759.24658203125
904, 2319.821545481682, 1, 14.241103649139404, 62, 74172, 21.246511459350586, 4769.90966796875
905, 2173.4539320468903, 1, 27.009254455566406, 111, 74274, 22.10472297668457, 5087.14306640625
906, 2206.2996646761894, 1, 30.509355306625366, 124, 74389, 23.772153854370117, 5078.23388671875
907, -2178.015412092209, 3, 3.2973074913024902, 20, 74400, 17.878437042236328, 3050.320556640625
908, 2359.48950278759, 1, 13.18430757522583, 58, 74449, 27.94187355041504, 4706.40625
909, -2242.658140540123, 3, 8.224079132080078, 39, 74479, 19.503755569458008, 4154.6611328125
910, 2328.4845571517944, 1, 14.266324758529663, 62, 74532, 27.179025650024414, 4779.0048828125
911, 2349.3778815865517, 1, 13.591519832611084, 59, 74582, 23.227598190307617, 4681.59521484375
912, 2325.3507048487663, 1, 14.326971292495728, 62, 74635, 19.992626190185547, 4581.7041015625
913, 2219.6813108325005, 1, 27.317752599716187, 111, 74737, 23.212112426757812, 4945.3603515625
914, 2389.0209307074547, 1, 12.925195932388306, 55, 74783, 22.471609115600586, 4633.8623046875
915, -2164.2171961665154, 3, 12.145886421203613, 52, 74826, 23.672611236572266, 4391.4423828125
916, 2367.489394247532, 1, 14.159710168838501, 60, 74877, 26.58073616027832, 4636.7919921875
917, -2848.8990345597267, 3, 13.963490724563599, 60, 74928, 15.41214656829834, 4508.31103515625
918, -2416.792803108692, 3, 9.668779134750366, 43, 74962, 22.864154815673828, 4317.0419921875
919, 2376.303089082241, 1, 9.880289793014526, 44, 74997, 20.31877899169922, 4230.62451171875
920, 2313.5484680235386, 1, 15.319138288497925, 65, 75053, 20.059762954711914, 4811.6455078125
921, -2307.3697878718376, 3, 13.845951080322266, 59, 75103, 22.242631912231445, 4700.51318359375
922, 2373.4089902043343, 1, 13.931144714355469, 59, 75153, 20.31816864013672, 4416.990234375
923, -2200.0351501703262, 3, 5.222804307937622, 27, 75171, 16.014772415161133, 3567.612060546875
924, -2235.3735682964325, 3, 8.688498258590698, 40, 75202, 20.070667266845703, 4297.43359375
925, 2367.285166144371, 1, 13.939172744750977, 59, 75252, 17.118867874145508, 4583.75390625
926, 2303.6634722054005, 1, 23.16260552406311, 93, 75336, 21.342742919921875, 4910.7314453125
927, 2267.0543274879456, 1, 25.08473563194275, 101, 75428, 23.240001678466797, 5042.89794921875
928, 2094.9853745400906, 1, 24.030152797698975, 97, 75516, 24.26651382446289, 4953.552734375
929, -2112.7915477752686, 3, 0.2057480812072754, 4, 75516, 0.0, 0.0
930, 2357.4592156410217, 1, 14.22896695137024, 60, 75567, 25.218402862548828, 4709.2021484375
931, 2324.0196905732155, 1, 17.694397449493408, 73, 75631, 24.352195739746094, 4669.626953125
932, 2305.0252901911736, 1, 19.295612335205078, 80, 75702, 19.721837997436523, 4893.076171875
933, 2249.404290854931, 1, 29.193352222442627, 116, 75809, 20.95221519470215, 5041.91650390625
934, -2298.342839181423, 3, 18.523837327957153, 77, 75877, 22.105873107910156, 4706.11669921875
935, -2574.7141501307487, 3, 17.77649188041687, 74, 75942, 24.564191818237305, 4710.1494140625
936, -2253.387337088585, 3, 13.86369013786316, 59, 75992, 19.7200870513916, 4558.4677734375
937, 2288.261642873287, 1, 20.39763641357422, 84, 76067, 25.245223999023438, 4934.41845703125
938, 1977.9869191646576, 1, 43.7081778049469, 171, 76229, 25.416629791259766, 5151.02197265625
939, -2271.9062116146088, 3, 8.368134021759033, 39, 76259, 21.302261352539062, 4176.87841796875
940, 2369.9707119464874, 1, 8.645645141601562, 40, 76290, 20.420555114746094, 4268.5
941, -2204.97887468338, 3, 8.501402854919434, 39, 76320, 17.117095947265625, 4108.92919921875
942, 2345.334692120552, 1, 19.378928661346436, 80, 76391, 21.630638122558594, 4824.83056640625
943, 2243.4108524918556, 1, 28.382463455200195, 114, 76496, 20.7303524017334, 5004.548828125
944, 2358.5146047472954, 1, 14.555521488189697, 62, 76549, 20.877531051635742, 4567.5986328125
945, 2403.0186228752136, 1, 9.807833433151245, 44, 76584, 20.809104919433594, 4354.81494140625
946, 2198.574826657772, 1, 21.959773778915405, 90, 76665, 22.921573638916016, 4872.68115234375
947, 2061.126885354519, 1, 17.35930585861206, 72, 76728, 20.42206573486328, 4749.53173828125
948, 2241.308593451977, 1, 48.396613359451294, 103, 76822, 21.02033042907715, 4934.48095703125
949, -2129.728202342987, 2, 17.193654775619507, 18, 76831, 15.41649055480957, 2641.93017578125
950, 2366.534158527851, 1, 16.10170269012451, 67, 76889, 20.656633377075195, 4739.521484375
951, 2251.8140873908997, 1, 30.281278610229492, 120, 77000, 20.5540714263916, 5070.11669921875
952, 2278.0988188683987, 1, 27.68541717529297, 110, 77101, 22.951234817504883, 4983.048828125
953, 2366.86339867115, 1, 15.25948452949524, 64, 77156, 23.20545196533203, 4669.35546875
954, -2203.9423164129257, 3, 13.593108892440796, 58, 77205, 21.572799682617188, 4631.82470703125
955, -2265.7015338540077, 3, 13.567004203796387, 58, 77254, 21.366138458251953, 4550.044921875
956, 2320.1206830739975, 1, 14.3194899559021, 61, 77306, 22.617673873901367, 4686.1669921875
957, 2176.869574010372, 1, 23.685077905654907, 96, 77393, 20.655616760253906, 4957.38916015625
958, 2359.244049847126, 1, 11.964985609054565, 52, 77436, 25.288286209106445, 4370.8818359375
959, 2277.864793717861, 1, 26.23306655883789, 106, 77533, 23.72657585144043, 4881.451171875
960, 2294.2605943083763, 1, 26.715216159820557, 107, 77631, 26.43004608154297, 4940.072265625
961, 2259.4564225673676, 1, 21.26900362968445, 87, 77709, 23.23712730407715, 4856.82421875
962, 2308.73144865036, 1, 15.365433931350708, 65, 77765, 22.679718017578125, 4624.890625
963, 2308.4219186007977, 1, 26.66484260559082, 107, 77863, 25.026952743530273, 4841.3798828125
964, 2308.4952504634857, 1, 16.887794494628906, 71, 77925, 20.981571197509766, 4597.42626953125
965, -2196.151160597801, 3, 14.454816102981567, 61, 77977, 25.38106346130371, 4624.501953125
966, 2315.8940358757973, 1, 15.92186164855957, 66, 78034, 22.491058349609375, 4585.64599609375
967, 2356.59902754426, 1, 12.443015336990356, 53, 78078, 23.6748046875, 4409.3173828125
968, 2177.542875468731, 1, 25.5973539352417, 103, 78172, 24.780447006225586, 4884.1142578125
969, 2383.4985195994377, 1, 11.718669176101685, 52, 78215, 19.832874298095703, 4266.7099609375
970, 2351.4172476530075, 1, 13.491113424301147, 60, 78266, 19.968189239501953, 4579.60498046875
971, 2353.8487906455994, 1, 9.557152509689331, 44, 78301, 22.977182388305664, 4218.1640625
972, 2085.1253965497017, 1, 26.50178813934326, 109, 78401, 27.81748390197754, 4983.92626953125
973, 2129.3549560904503, 1, 31.911389350891113, 130, 78522, 24.393810272216797, 5095.7353515625
974, -2318.261905670166, 3, 1.5081291198730469, 13, 78526, 9.753531455993652, 1596.0234375
975, 2367.11366045475, 1, 16.079682111740112, 69, 78586, 20.463245391845703, 4796.33447265625
976, -2456.1624613404274, 3, 27.374803066253662, 112, 78689, 24.487472534179688, 4926.03955078125
977, -2490.2738312482834, 3, 15.640947341918945, 67, 78747, 17.496152877807617, 4678.11962890625
978, 2369.9985408186913, 1, 12.400161027908325, 55, 78793, 16.727493286132812, 4537.2626953125
979, 2072.9379893541336, 1, 36.72150945663452, 148, 78932, 23.190919876098633, 5082.26904296875
980, 2288.7525429725647, 1, 25.86231756210327, 106, 79029, 21.877906799316406, 5008.8125
981, -2244.137295484543, 3, 14.626786231994629, 63, 79083, 23.312196731567383, 4632.24658203125
982, -2218.8122450709343, 3, 13.136277437210083, 57, 79131, 23.6603946685791, 4629.5283203125
983, 2365.4859783649445, 1, 14.014764547348022, 60, 79182, 22.651554107666016, 4562.80810546875
984, 2284.054922968149, 1, 23.647348165512085, 97, 79270, 23.088699340820312, 4807.36865234375
985, 2251.213254392147, 1, 28.172155141830444, 114, 79375, 26.349472045898438, 4915.13330078125
986, -2258.6098789572716, 3, 18.62589144706726, 78, 79444, 27.080093383789062, 4805.63134765625
987, 2319.505105614662, 1, 14.803890705108643, 63, 79498, 26.792497634887695, 4630.595703125
988, -2250.758370280266, 3, 13.514459133148193, 58, 79547, 18.344240188598633, 4469.49169921875
989, 2368.412428677082, 1, 8.392394304275513, 39, 79577, 27.153614044189453, 4092.330078125
990, 1941.500320315361, 1, 31.86149525642395, 128, 79696, 24.542818069458008, 5069.7158203125
991, -2231.327739715576, 3, 0.4149007797241211, 8, 79696, 0.0, 0.0
992, 2196.588559448719, 1, 24.027185916900635, 98, 79785, 20.07863998413086, 4897.75927734375
993, 2327.11013135314, 1, 23.74096655845642, 97, 79873, 21.285173416137695, 4943.40966796875
994, -2176.6061202287674, 3, 5.7486796379089355, 29, 79893, 16.824670791625977, 3833.117431640625
995, 2317.9402089715004, 1, 15.435341596603394, 66, 79950, 21.292400360107422, 4615.24951171875
996, 2257.4515867233276, 1, 21.874447107315063, 90, 80031, 24.493757247924805, 4912.25244140625
997, 2322.4227401018143, 1, 18.312807083129883, 77, 80099, 23.122962951660156, 4877.38818359375
998, 2150.68479681015, 1, 16.33887553215027, 70, 80160, 18.954734802246094, 4661.62890625
999, 2295.5900681316853, 1, 29.008487224578857, 118, 80269, 28.533723831176758, 5008.73291015625
1000, -2255.765857756138, 3, 20.317357301712036, 85, 80345, 21.731271743774414, 4765.58935546875
