episode, reward, success, duration, n_steps, success_count, memory length, avg_critic_loss, avg_actor_loss
1, 986.8878767490387, True, 0.04950308799743652, 3, 0, 2, 0.0, 0.0
2, -1211.5827581882477, False, 0.8960096836090088, 497, 0, 498, 0.0, 0.0
3, -807.1432371139526, False, 25.559924840927124, 497, 0, 994, 1.4114021062850952, 1271.9368896484375
4, -820.4993664473295, False, 26.276689291000366, 497, 0, 1490, 0.8924076557159424, 1652.5982666015625
5, -786.9015556722879, False, 26.901979684829712, 497, 0, 1986, 0.5600857138633728, 1881.9052734375
6, -802.4296210259199, False, 26.917093992233276, 497, 0, 2482, 0.4095318913459778, 2139.35595703125
7, -725.873760715127, False, 27.14762830734253, 497, 0, 2978, 0.4501732587814331, 2314.02392578125
8, -1600.6125231683254, False, 27.157037258148193, 497, 0, 3474, 0.27861469984054565, 2489.18408203125
9, -805.1241605579853, False, 27.219462633132935, 497, 0, 3970, 0.38608601689338684, 2645.887939453125
10, -746.2238066643476, False, 27.20731830596924, 497, 0, 4466, 0.38235923647880554, 2541.329833984375
11, -821.7835274636745, False, 26.968822479248047, 497, 0, 4962, 0.34173649549484253, 2624.87060546875
12, -702.8366744965315, False, 27.08204674720764, 497, 0, 5458, 0.299560546875, 2964.1142578125
13, -731.5359126031399, False, 27.238327741622925, 497, 0, 5954, 0.2395762950181961, 3039.175537109375
14, -747.6214159578085, False, 27.08280634880066, 497, 0, 6450, 0.2332114577293396, 3224.5439453125
15, -738.8606715202332, False, 27.292165279388428, 497, 0, 6946, 0.22551725804805756, 3467.404541015625
16, -715.7364012002945, False, 27.158896923065186, 497, 0, 7442, 0.18363133072853088, 3650.41552734375
17, -768.5620169490576, False, 27.40344476699829, 497, 0, 7938, 0.24476923048496246, 3721.609375
18, -1613.8013305664062, False, 27.215821981430054, 490, 0, 8427, 0.19068767130374908, 3941.8564453125
19, -728.3238265663385, False, 27.333089351654053, 497, 0, 8923, 0.32421717047691345, 4113.95263671875
20, -1595.8605485111475, False, 27.211687803268433, 494, 0, 9416, 0.23275624215602875, 4352.5673828125
21, -1608.7127957195044, False, 27.231112957000732, 495, 0, 9910, 0.2840818762779236, 4527.20068359375
22, -835.0797454714775, False, 27.34565544128418, 497, 0, 10406, 0.32018354535102844, 4712.58154296875
23, -766.5909916311502, False, 27.680831909179688, 497, 0, 10902, 0.3488144874572754, 4843.60205078125
24, -1581.6453290134668, False, 27.31345820426941, 494, 0, 11395, 0.35629594326019287, 5027.947265625
25, -745.4675632566214, False, 27.29169011116028, 497, 0, 11891, 0.4337761104106903, 5084.7822265625
26, -688.3255535513163, False, 27.767918825149536, 497, 0, 12387, 0.3485647141933441, 5193.28271484375
27, -762.6000633835793, False, 27.590457439422607, 497, 0, 12883, 0.36611273884773254, 5313.67578125
28, -1528.6921618580818, False, 29.16684579849243, 486, 0, 13368, 0.39283323287963867, 5426.2666015625
29, -821.8930900543928, False, 27.45425844192505, 497, 0, 13864, 0.41419047117233276, 5560.06689453125
30, -783.8605874627829, False, 27.676061153411865, 497, 0, 14360, 0.3923979103565216, 5647.53466796875
31, -699.4613506197929, False, 27.62047004699707, 497, 0, 14856, 0.35582131147384644, 5770.4638671875
32, -777.3525115847588, False, 27.533635139465332, 497, 0, 15352, 0.3827610909938812, 5878.43603515625
33, -724.333747625351, False, 28.111641883850098, 497, 0, 15848, 0.3126901388168335, 5927.84033203125
34, -764.4296606481075, False, 28.56429147720337, 497, 0, 16344, 0.33785876631736755, 5995.8203125
35, -724.942888751626, False, 23.605568170547485, 497, 0, 16840, 0.35323670506477356, 6086.08349609375
36, -755.8352008461952, False, 22.38824772834778, 497, 0, 17336, 0.314054399728775, 6143.33056640625
37, -763.8690107017756, False, 22.33969807624817, 497, 0, 17832, 0.33749353885650635, 6222.9208984375
38, -763.8266454935074, False, 22.20169425010681, 497, 0, 18328, 0.29945313930511475, 6274.7451171875
39, -749.6071024388075, False, 22.391767978668213, 497, 0, 18824, 0.3163239061832428, 6347.74365234375
40, -753.8825543522835, False, 22.234353065490723, 497, 0, 19320, 0.3382106125354767, 6382.71435546875
41, -747.4892480969429, False, 22.72948384284973, 497, 0, 19816, 0.2981365919113159, 6435.18408203125
42, -763.1624666452408, False, 22.978997707366943, 497, 0, 20312, 0.22790369391441345, 6507.3759765625
43, -750.6289989352226, False, 22.79444432258606, 497, 0, 20808, 0.31603506207466125, 6541.19580078125
44, -761.5779574811459, False, 22.692015409469604, 497, 0, 21304, 0.253020703792572, 6589.40087890625
45, -749.9492394626141, False, 22.509401321411133, 497, 0, 21800, 0.2519625723361969, 6656.2353515625
46, -761.1485094130039, False, 22.576428651809692, 497, 0, 22296, 0.2410532534122467, 6710.7109375
47, -756.3452101498842, False, 22.63137674331665, 497, 0, 22792, 0.21883490681648254, 6723.39111328125
48, -756.0928455740213, False, 22.428675651550293, 497, 0, 23288, 0.25594475865364075, 6790.9794921875
49, -764.5878577530384, False, 22.589300394058228, 497, 0, 23784, 0.2719903886318207, 6818.912109375
50, -769.0646717697382, False, 22.42078471183777, 497, 0, 24280, 0.19550418853759766, 6852.64453125
51, -760.6178838461637, False, 22.507968187332153, 497, 0, 24776, 0.2544822692871094, 6892.15576171875
52, -749.949916601181, False, 22.51947045326233, 497, 0, 25272, 0.22431685030460358, 6919.998046875
53, -754.626707777381, False, 22.70757031440735, 497, 0, 25768, 0.21948020160198212, 6953.60595703125
54, -746.9728519618511, False, 22.5025417804718, 497, 0, 26264, 0.24073535203933716, 6968.42041015625
55, -742.0206859111786, False, 22.410438537597656, 497, 0, 26760, 0.20593684911727905, 7023.09228515625
56, -752.4102410376072, False, 22.17521381378174, 497, 0, 27256, 0.20212046802043915, 6999.77099609375
57, -775.7040210962296, False, 22.337382316589355, 497, 0, 27752, 0.21304428577423096, 7058.07373046875
58, -756.0269604623318, False, 22.671534776687622, 497, 0, 28248, 0.20443667471408844, 7073.8525390625
59, -751.2197835892439, False, 22.263192176818848, 497, 0, 28744, 0.1719798892736435, 7119.123046875
60, -753.8589247465134, False, 22.444666624069214, 497, 0, 29240, 0.19490234553813934, 7141.1455078125
61, -762.3790562748909, False, 22.41574478149414, 497, 0, 29736, 0.19764164090156555, 7132.7236328125
62, -756.3135227710009, False, 22.43001365661621, 497, 0, 30232, 0.17934362590312958, 7164.03369140625
63, -772.8273821026087, False, 22.601863145828247, 497, 0, 30728, 0.1743997484445572, 7203.2431640625
64, -751.899746209383, False, 22.43660616874695, 497, 0, 31224, 0.18876798450946808, 7208.787109375
65, -762.050345942378, False, 22.713394165039062, 497, 0, 31720, 0.21165381371974945, 7232.001953125
66, -762.8539294153452, False, 22.819660902023315, 497, 0, 32216, 0.20156346261501312, 7258.84375
67, -755.5410024821758, False, 22.770548343658447, 497, 0, 32712, 0.19592364132404327, 7287.77001953125
68, -769.9676861166954, False, 22.55994153022766, 497, 0, 33208, 0.18172942101955414, 7300.2353515625
69, -756.595994964242, False, 22.49508237838745, 497, 0, 33704, 0.16507653892040253, 7290.4033203125
70, -766.5441491603851, False, 22.43219804763794, 497, 0, 34200, 0.20108827948570251, 7313.1533203125
71, -766.1596087813377, False, 22.635831594467163, 497, 0, 34696, 0.16919055581092834, 7348.23779296875
72, -747.3343800753355, False, 22.76874279975891, 497, 0, 35192, 0.13964532315731049, 7365.62646484375
73, -755.8589426130056, False, 22.655353784561157, 497, 0, 35688, 0.1584959775209427, 7360.77392578125
74, -756.3612016737461, False, 22.42366337776184, 497, 0, 36184, 0.1618606299161911, 7371.7568359375
75, -774.3516317903996, False, 22.5010085105896, 497, 0, 36680, 0.14688144624233246, 7396.53759765625
76, -759.0126961916685, False, 22.651238441467285, 497, 0, 37176, 0.15175500512123108, 7381.6162109375
77, -763.6274904757738, False, 22.66049027442932, 497, 0, 37672, 0.1631685048341751, 7396.21875
78, -751.2493378520012, False, 22.906166076660156, 497, 0, 38168, 0.1729998141527176, 7411.92236328125
79, -758.9721018522978, False, 22.52470636367798, 497, 0, 38664, 0.14039263129234314, 7433.91748046875
80, -764.5239101350307, False, 22.516117572784424, 497, 0, 39160, 0.18909288942813873, 7437.96484375
81, -760.565844938159, False, 22.451643466949463, 497, 0, 39656, 0.1545790284872055, 7447.3759765625
82, -753.3492822051048, False, 22.535388946533203, 497, 0, 40152, 0.1634903997182846, 7460.06298828125
83, -762.5342687219381, False, 22.64393138885498, 497, 0, 40648, 0.1329663246870041, 7457.3115234375
84, -748.0928770005703, False, 22.503676176071167, 497, 0, 41144, 0.13540950417518616, 7451.4990234375
85, -758.0164726674557, False, 23.013850688934326, 497, 0, 41640, 0.13707855343818665, 7481.97314453125
86, -766.4648327976465, False, 22.79042387008667, 497, 0, 42136, 0.13571305572986603, 7472.3720703125
87, -767.4291135519743, False, 22.82758665084839, 497, 0, 42632, 0.1576617956161499, 7489.88330078125
88, -751.6434073746204, False, 22.700265407562256, 497, 0, 43128, 0.1451859474182129, 7499.1279296875
89, -761.0324186682701, False, 22.685195684432983, 497, 0, 43624, 0.1498766988515854, 7485.95703125
90, -766.1798021644354, False, 22.93959617614746, 497, 0, 44120, 0.14166492223739624, 7507.66162109375
91, -770.5017898231745, False, 22.9392831325531, 497, 0, 44616, 0.14685960114002228, 7496.75390625
92, -757.5691529661417, False, 22.880492448806763, 497, 0, 45112, 0.11078497022390366, 7509.23046875
93, -754.6368284970522, False, 23.066239595413208, 497, 0, 45608, 0.15546579658985138, 7531.56982421875
94, -772.9548467248678, False, 22.49465298652649, 497, 0, 46104, 0.12799879908561707, 7519.28515625
95, -747.8354235589504, False, 22.977441549301147, 497, 0, 46600, 0.13342568278312683, 7530.7001953125
96, -753.3109993636608, False, 22.85949397087097, 497, 0, 47096, 0.11282900720834732, 7532.50927734375
97, -749.3174670189619, False, 22.934959173202515, 497, 0, 47592, 0.14520160853862762, 7528.234375
98, -751.3912508636713, False, 23.188020706176758, 497, 0, 48088, 0.13799740374088287, 7534.015625
99, -755.0949454158545, False, 23.25481081008911, 497, 0, 48584, 0.13516190648078918, 7564.19287109375
100, -765.4411606788635, False, 23.24574375152588, 497, 0, 49080, 0.13484568893909454, 7556.166015625
101, -763.1632272154093, False, 23.00477957725525, 497, 0, 49576, 0.13707268238067627, 7540.087890625
102, -765.1824540495872, False, 23.02059006690979, 497, 0, 50072, 0.14539287984371185, 7553.98046875
103, -747.8249258846045, False, 23.017791271209717, 497, 0, 50568, 0.15162639319896698, 7565.7890625
104, -775.9920594543219, False, 23.24360990524292, 497, 0, 51064, 0.14295066893100739, 7567.32275390625
105, -739.3412636965513, False, 23.333205461502075, 497, 0, 51560, 0.1443340927362442, 7567.978515625
106, -764.7023665457964, False, 23.53306269645691, 497, 0, 52056, 0.1066264659166336, 7553.7470703125
107, -784.408590182662, False, 23.357514142990112, 497, 0, 52552, 0.11865278333425522, 7573.01708984375
108, -750.3697671294212, False, 23.201075077056885, 497, 0, 53048, 0.13559381663799286, 7570.072265625
109, -747.2472910434008, False, 23.31970977783203, 497, 0, 53544, 0.11700838804244995, 7574.34619140625
110, -759.3042993396521, False, 23.4456467628479, 497, 0, 54040, 0.12894371151924133, 7576.38330078125
111, -752.5660332888365, False, 23.387396335601807, 497, 0, 54536, 0.1324138641357422, 7575.85595703125
112, -754.2579058408737, False, 23.774415254592896, 497, 0, 55032, 0.1071314737200737, 7587.89208984375
113, -748.0955887585878, False, 23.67512035369873, 497, 0, 55528, 0.11188024282455444, 7567.00537109375
114, -763.325545463711, False, 23.575149059295654, 497, 0, 56024, 0.1084986999630928, 7587.1474609375
115, -764.1770337224007, False, 23.8487286567688, 497, 0, 56520, 0.11573372781276703, 7573.43310546875
116, -751.5566016435623, False, 23.37193989753723, 497, 0, 57016, 0.143450528383255, 7589.92724609375
117, -758.2731218934059, False, 23.953173398971558, 497, 0, 57512, 0.1142447292804718, 7598.55029296875
118, -769.356290102005, False, 23.72785520553589, 497, 0, 58008, 0.10507038980722427, 7595.23974609375
119, -787.3918916881084, False, 23.70307207107544, 497, 0, 58504, 0.11534448713064194, 7607.5498046875
120, -753.0040576308966, False, 23.73265814781189, 497, 0, 59000, 0.11271228641271591, 7585.9375
121, -777.4874258488417, False, 23.96117663383484, 497, 0, 59496, 0.12625060975551605, 7601.94921875
122, -793.9236806333065, False, 24.4190731048584, 497, 0, 59992, 0.1494913101196289, 7604.099609375
123, -762.5366201251745, False, 23.930360078811646, 497, 0, 60488, 0.10237949341535568, 7621.1279296875
124, -758.0231795758009, False, 23.92276906967163, 497, 0, 60984, 0.09626582264900208, 7612.58447265625
125, -725.4622611999512, False, 24.098907947540283, 497, 0, 61480, 0.12950778007507324, 7613.921875
126, -764.9494733810425, False, 24.095673322677612, 497, 0, 61976, 0.10255715996026993, 7621.4345703125
127, -771.6924809962511, False, 24.238697052001953, 497, 0, 62472, 0.1290057897567749, 7626.3525390625
128, -741.2076630443335, False, 24.1594717502594, 497, 0, 62968, 0.11588054150342941, 7605.87109375
129, -727.4138585031033, False, 24.501883506774902, 497, 0, 63464, 0.11707960069179535, 7603.0810546875
130, -795.3106608092785, False, 24.402263641357422, 497, 0, 63960, 0.12022250890731812, 7595.57568359375
131, -709.62375035882, False, 24.576291799545288, 497, 0, 64456, 0.10799934715032578, 7627.357421875
132, -765.2709261476994, False, 24.547454595565796, 497, 0, 64952, 0.11709669977426529, 7627.14013671875
133, -775.901559650898, False, 24.615129709243774, 497, 0, 65448, 0.09004199504852295, 7607.35205078125
134, -767.6689197421074, False, 24.713245391845703, 497, 0, 65944, 0.12399262189865112, 7639.25390625
135, -793.3298006355762, False, 25.0873441696167, 497, 0, 66440, 0.11414914578199387, 7620.96142578125
136, -737.4992589205503, False, 25.068042278289795, 497, 0, 66936, 0.07986093312501907, 7616.455078125
137, -788.7824864387512, False, 25.84036135673523, 497, 0, 67432, 0.12365783751010895, 7632.8388671875
138, -745.983855098486, False, 25.29766082763672, 497, 0, 67928, 0.08569661527872086, 7631.43212890625
139, -746.5573012530804, False, 25.508788347244263, 497, 0, 68424, 0.11322496086359024, 7618.35009765625
140, -770.3691367655993, False, 25.632550954818726, 497, 0, 68920, 0.08991347253322601, 7616.27392578125
141, -806.6958890855312, False, 25.591495275497437, 497, 0, 69416, 0.08490535616874695, 7640.52783203125
142, -746.279623746872, False, 25.630195379257202, 497, 0, 69912, 0.11680029332637787, 7625.39794921875
143, -783.9123879224062, False, 25.870052576065063, 497, 0, 70408, 0.11903959512710571, 7614.880859375
144, -742.1605101823807, False, 25.964517831802368, 497, 0, 70904, 0.1165897324681282, 7621.63671875
145, -808.3174781650305, False, 26.036160469055176, 497, 0, 71400, 0.11082810908555984, 7614.69677734375
146, -729.4071409106255, False, 25.87426257133484, 497, 0, 71896, 0.12595808506011963, 7648.0654296875
147, -775.1337487250566, False, 26.63720178604126, 497, 0, 72392, 0.12152703106403351, 7633.17822265625
148, -779.8028150647879, False, 26.08447790145874, 497, 0, 72888, 0.08943846076726913, 7626.62548828125
149, -800.9822130799294, False, 26.567081451416016, 497, 0, 73384, 0.08769774436950684, 7634.7451171875
150, -760.6763464957476, False, 26.411572217941284, 497, 0, 73880, 0.08175180852413177, 7638.45751953125
151, -788.5805849730968, False, 26.681387424468994, 497, 0, 74376, 0.1353887915611267, 7655.39013671875
152, -766.2099049091339, False, 26.447136402130127, 497, 0, 74872, 0.07744346559047699, 7671.08349609375
153, -750.8253657221794, False, 26.39040780067444, 497, 0, 75368, 0.10391867905855179, 7651.96630859375
154, -1559.5528487712145, False, 26.544111967086792, 491, 0, 75858, 0.08955992758274078, 7655.638671875
155, -701.135327488184, False, 26.90856671333313, 497, 0, 76354, 0.08844424784183502, 7656.13671875
156, -821.1456328630447, False, 27.11180543899536, 497, 0, 76850, 0.1188259869813919, 7644.048828125
157, -737.7930812090635, False, 27.052906274795532, 497, 0, 77346, 0.1329221874475479, 7635.0869140625
158, -1606.696805909276, False, 26.52234959602356, 487, 0, 77832, 0.08205310255289078, 7657.10107421875
159, -1553.7050599902868, False, 26.96541428565979, 494, 0, 78325, 0.11057762801647186, 7662.36767578125
160, -1545.8133128285408, False, 27.226946115493774, 494, 0, 78818, 0.11036226898431778, 7642.95556640625
161, -721.6890768408775, False, 27.232206344604492, 497, 0, 79314, 0.09852088242769241, 7658.84375
162, -1526.1607764810324, False, 26.70351815223694, 482, 0, 79795, 0.13801930844783783, 7646.36279296875
163, -1600.2121863216162, False, 27.11611008644104, 487, 0, 80281, 0.1633996218442917, 7642.501953125
164, -1515.2070417404175, False, 26.45678734779358, 474, 0, 80754, 0.15819253027439117, 7632.66162109375
165, -687.480320841074, False, 27.9131441116333, 497, 0, 81250, 0.1796043962240219, 7648.20166015625
166, -1487.639071136713, False, 26.650947093963623, 473, 0, 81722, 0.2097691148519516, 7654.03759765625
167, -1567.084948733449, False, 28.09941053390503, 497, 0, 82218, 0.16091813147068024, 7629.56787109375
168, -1615.521027803421, False, 27.272786378860474, 483, 0, 82700, 0.20094993710517883, 7651.943359375
169, -1481.9775739014149, False, 26.502368927001953, 459, 0, 83158, 0.20889805257320404, 7657.25927734375
170, -1444.2056927382946, False, 26.976555585861206, 466, 0, 83623, 0.20757704973220825, 7634.87158203125
171, -1478.6479193419218, False, 26.95992875099182, 464, 0, 84086, 0.18209515511989594, 7642.35595703125
172, -1535.3391248434782, False, 26.956209421157837, 465, 0, 84550, 0.23282475769519806, 7642.8818359375
173, -1517.7236057072878, False, 27.96565079689026, 483, 0, 85032, 0.23459406197071075, 7631.3876953125
174, -1511.8251175954938, False, 27.76314878463745, 474, 0, 85505, 0.24003079533576965, 7638.46923828125
175, -1551.0230241119862, False, 27.414170503616333, 470, 0, 85974, 0.19240440428256989, 7622.43017578125
176, -1555.6643520742655, False, 26.612021446228027, 455, 0, 86428, 0.23429439961910248, 7640.13232421875
177, -1467.9240855574608, False, 27.051555395126343, 466, 0, 86893, 0.2621457278728485, 7649.154296875
178, -1585.2780518382788, False, 27.801732301712036, 470, 0, 87362, 0.277762770652771, 7630.76806640625
179, -788.6780924499035, False, 29.338558197021484, 497, 0, 87858, 0.2876075804233551, 7645.73095703125
180, -1472.128720536828, False, 26.91819405555725, 457, 0, 88314, 0.25663039088249207, 7648.3623046875
181, -1565.2485909163952, False, 27.97062110900879, 476, 0, 88789, 0.30998313426971436, 7630.61767578125
182, -1475.750444740057, False, 26.57511019706726, 452, 0, 89240, 0.30313414335250854, 7645.330078125
183, -1560.8547205775976, False, 27.110747814178467, 457, 0, 89696, 0.2553306519985199, 7643.72119140625
184, -1536.039765700698, False, 27.003936529159546, 453, 0, 90148, 0.2801559567451477, 7663.77392578125
185, -1514.6287699788809, False, 27.488980770111084, 464, 0, 90611, 0.321783185005188, 7662.57373046875
186, -1503.223542317748, False, 27.697704792022705, 473, 0, 91083, 0.2990928292274475, 7651.92578125
187, -1476.3400288075209, False, 27.691484212875366, 465, 0, 91547, 0.33903229236602783, 7643.580078125
188, -1554.4456821084023, False, 27.348446369171143, 460, 0, 92006, 0.3416789174079895, 7654.08642578125
189, -1451.8761987686157, False, 27.261893272399902, 456, 0, 92461, 0.31002217531204224, 7658.90771484375
190, -1557.631342701614, False, 27.05644178390503, 458, 0, 92918, 0.31608831882476807, 7642.294921875
191, -1494.0971092879772, False, 27.09266757965088, 454, 0, 93371, 0.374179869890213, 7638.716796875
192, -1433.5617711395025, False, 26.695557594299316, 455, 0, 93825, 0.377968966960907, 7654.595703125
193, -1559.9122033715248, False, 27.801316499710083, 471, 0, 94295, 0.3675294518470764, 7649.22705078125
194, -1428.59408454597, False, 26.541377782821655, 445, 0, 94739, 0.34120792150497437, 7651.9521484375
195, -748.3722959756851, False, 29.720204830169678, 497, 0, 95235, 0.429694801568985, 7650.70947265625
196, -1498.3504058122635, False, 27.131577253341675, 452, 0, 95686, 0.36410778760910034, 7650.67626953125
197, -1522.4687166512012, False, 27.292393684387207, 457, 0, 96142, 0.40814071893692017, 7647.40380859375
198, -1539.843116298318, False, 28.092405796051025, 470, 0, 96611, 0.3745732307434082, 7664.27783203125
199, -1515.2894958406687, False, 26.70796847343445, 449, 0, 97059, 0.3940086364746094, 7653.16796875
200, -1425.3324228078127, False, 25.972062587738037, 433, 0, 97491, 0.3713590204715729, 7675.6357421875
201, -1422.4758367538452, False, 25.4444682598114, 426, 0, 97916, 0.4117272198200226, 7661.7216796875
202, -1575.966007515788, False, 28.47158408164978, 473, 0, 98388, 0.38873252272605896, 7653.99072265625
203, -1431.5085969418287, False, 26.472882509231567, 447, 0, 98834, 0.41057977080345154, 7658.873046875
204, -1520.2643048912287, False, 26.632803678512573, 447, 0, 99280, 0.38616353273391724, 7642.8583984375
205, -1554.7397547513247, False, 27.688420057296753, 461, 0, 99740, 0.45667800307273865, 7653.546875
206, -1464.3223476707935, False, 23.703821182250977, 396, 0, 100000, 0.39818626642227173, 7664.8291015625
207, -1600.3873442560434, False, 28.361699104309082, 478, 0, 100000, 0.40737465023994446, 7669.22998046875
208, -1494.0906881392002, False, 26.884592056274414, 458, 0, 100000, 0.3871020972728729, 7692.03857421875
209, -1579.9824839830399, False, 27.486816883087158, 461, 0, 100000, 0.4531724452972412, 7687.1171875
210, -1513.9468950480223, False, 26.89116644859314, 455, 0, 100000, 0.4915890395641327, 7693.138671875
211, -1518.8207023888826, False, 27.01854372024536, 446, 0, 100000, 0.4402652978897095, 7684.25048828125
212, -1527.5118719935417, False, 26.558505535125732, 445, 0, 100000, 0.4818919897079468, 7698.68408203125
213, -1496.5624564737082, False, 26.451314687728882, 442, 0, 100000, 0.5176815986633301, 7692.796875
214, -1416.2747421711683, False, 26.68745446205139, 446, 0, 100000, 0.5350268483161926, 7679.72216796875
215, -1584.821589305997, False, 27.852782487869263, 472, 0, 100000, 0.4792001247406006, 7690.68212890625
216, -1512.4430883228779, False, 28.43423366546631, 474, 0, 100000, 0.5473818182945251, 7692.50244140625
217, -1466.1085297614336, False, 27.358442306518555, 457, 0, 100000, 0.4838218092918396, 7682.61328125
218, -1562.9871992617846, False, 27.259962797164917, 454, 0, 100000, 0.5393877029418945, 7686.30126953125
219, -1484.1121833473444, False, 26.854292631149292, 451, 0, 100000, 0.4894478917121887, 7688.572265625
220, -1517.9305280447006, False, 26.699418783187866, 448, 0, 100000, 0.5733121037483215, 7697.54150390625
221, -1524.2588521391153, False, 27.376763343811035, 459, 0, 100000, 0.6380653977394104, 7687.16357421875
222, -1532.286677211523, False, 27.95485234260559, 464, 0, 100000, 0.5666434168815613, 7697.63134765625
223, -1526.4246521890163, False, 27.308114767074585, 454, 0, 100000, 0.5763979554176331, 7717.4638671875
224, -1518.4523686170578, False, 27.128008365631104, 453, 0, 100000, 0.6258334517478943, 7709.0068359375
225, -1543.117998868227, False, 26.50873851776123, 453, 0, 100000, 0.5920665264129639, 7697.75146484375
226, -1570.2461952269077, False, 27.399593830108643, 456, 0, 100000, 0.632373571395874, 7697.0986328125
227, -1484.9412638992071, False, 27.450124502182007, 458, 0, 100000, 0.6291126608848572, 7709.11572265625
228, -1512.7917722165585, False, 26.90901279449463, 451, 0, 100000, 0.5866892337799072, 7717.81201171875
229, -1428.9427713155746, False, 27.546640396118164, 458, 0, 100000, 0.5900264978408813, 7698.90380859375
230, -1498.5006377398968, False, 27.032201290130615, 450, 0, 100000, 0.6253096461296082, 7688.8583984375
231, -1520.3813613951206, False, 28.027003049850464, 472, 0, 100000, 0.6617855429649353, 7704.65673828125
232, -1525.5487724542618, False, 28.307411670684814, 472, 0, 100000, 0.5930266380310059, 7700.30078125
233, -1511.8397658020258, False, 29.0036199092865, 481, 0, 100000, 0.567645788192749, 7703.57568359375
234, -1522.9168297201395, False, 26.38077402114868, 438, 0, 100000, 0.6488712430000305, 7693.22509765625
235, -1479.286807090044, False, 28.27676224708557, 468, 0, 100000, 0.5818999409675598, 7702.40478515625
236, -1504.270581036806, False, 27.687291383743286, 459, 0, 100000, 0.6558127403259277, 7690.2109375
237, -1538.0704904943705, False, 27.829373836517334, 462, 0, 100000, 0.6520649790763855, 7693.994140625
238, -1508.9970470815897, False, 26.980095148086548, 449, 0, 100000, 0.7017501592636108, 7704.37255859375
239, -1487.0302474498749, False, 26.61393666267395, 442, 0, 100000, 0.6521350741386414, 7690.21337890625
240, -1464.4726992174983, False, 27.253822565078735, 454, 0, 100000, 0.7291203737258911, 7703.81591796875
241, -1454.9813224226236, False, 25.89021587371826, 430, 0, 100000, 0.7158836722373962, 7712.775390625
242, -1526.146237231791, False, 27.160801887512207, 450, 0, 100000, 0.66192626953125, 7706.49853515625
243, -1417.5385207384825, False, 26.74824094772339, 441, 0, 100000, 0.6743186116218567, 7708.21728515625
244, -1464.8410648554564, False, 26.398298501968384, 436, 0, 100000, 0.6754412651062012, 7699.24462890625
245, -1521.8969567120075, False, 27.463261365890503, 451, 0, 100000, 0.6285585761070251, 7712.76123046875
246, -1573.762637168169, False, 28.88883924484253, 478, 0, 100000, 0.7302058339118958, 7700.443359375
247, -1537.8804972916842, False, 26.739527940750122, 442, 0, 100000, 0.6482674479484558, 7713.1689453125
248, -1550.615986034274, False, 27.163381814956665, 448, 0, 100000, 0.7709102034568787, 7713.7353515625
249, -1456.0034032166004, False, 27.251240253448486, 448, 0, 100000, 0.753628134727478, 7700.16845703125
250, -1468.752608725801, False, 27.1775324344635, 446, 0, 100000, 0.7130298018455505, 7711.3486328125
251, -1561.8492327332497, False, 28.206737756729126, 466, 0, 100000, 0.7949962615966797, 7718.921875
252, -1509.7750450000167, False, 27.4604332447052, 450, 0, 100000, 0.7571729421615601, 7715.35205078125
253, -1419.5785020887852, False, 27.166091918945312, 448, 0, 100000, 0.7306542992591858, 7714.9453125
254, -1529.790818080306, False, 28.46571373939514, 464, 0, 100000, 0.6777100563049316, 7728.50537109375
255, -1533.0419794172049, False, 27.496278285980225, 451, 0, 100000, 0.7248511910438538, 7703.36572265625
256, -1428.5747775137424, False, 27.773186206817627, 456, 0, 100000, 0.8111114501953125, 7726.64453125
257, -1482.5218575000763, False, 26.99115824699402, 444, 0, 100000, 0.856217622756958, 7713.62109375
258, -1542.3531494140625, False, 27.421841144561768, 450, 0, 100000, 0.7695809006690979, 7720.44873046875
259, -1466.0163039565086, False, 29.3817138671875, 482, 0, 100000, 0.8071858882904053, 7712.18212890625
260, -1521.8565384447575, False, 28.997024536132812, 473, 0, 100000, 0.8480523228645325, 7726.7509765625
261, -1489.3695950955153, False, 26.779594659805298, 442, 0, 100000, 0.7689557671546936, 7723.310546875
262, -1457.99877153337, False, 28.68972158432007, 471, 0, 100000, 0.8481863737106323, 7727.4365234375
263, -1483.129048526287, False, 27.13668918609619, 448, 0, 100000, 0.8024056553840637, 7710.08837890625
264, -1468.4781958460808, False, 27.104365348815918, 452, 0, 100000, 0.8673499226570129, 7720.07568359375
265, -1160.0793752074242, False, 48.565964221954346, 797, 0, 100000, 0.8117479681968689, 7730.62548828125
266, -1526.4433577358723, False, 27.76718497276306, 461, 0, 100000, 0.7594666481018066, 7729.69580078125
267, -1363.7867474667728, False, 23.29463481903076, 388, 0, 100000, 0.9285513758659363, 7723.1494140625
268, -1483.2110024094582, False, 27.047236919403076, 444, 0, 100000, 0.8508225679397583, 7715.8447265625
269, -1474.113698989153, False, 26.50733780860901, 437, 0, 100000, 0.8921721577644348, 7713.138671875
270, -1477.5213504135609, False, 28.154232263565063, 462, 0, 100000, 0.8366539478302002, 7727.1328125
271, -1437.9459085166454, False, 26.721330881118774, 441, 0, 100000, 0.904853880405426, 7732.75390625
272, -1503.9919827133417, False, 26.94483995437622, 445, 0, 100000, 0.8185797333717346, 7725.33056640625
273, -1485.714669123292, False, 27.347445011138916, 452, 0, 100000, 0.8270260691642761, 7720.1201171875
274, -1499.5179815888405, False, 27.779592037200928, 461, 0, 100000, 0.7884023189544678, 7724.6572265625
275, -1395.3303722143173, False, 26.774465322494507, 442, 0, 100000, 0.8954088687896729, 7723.6650390625
276, -1483.9737021327019, False, 27.04927968978882, 449, 0, 100000, 0.9141786694526672, 7705.3427734375
277, -1467.6710187643766, False, 27.21916937828064, 451, 0, 100000, 1.0253608226776123, 7711.224609375
278, -1493.692002967, False, 27.031001329421997, 444, 0, 100000, 0.9518947005271912, 7725.41796875
279, -1536.2857936024666, False, 27.576456785202026, 452, 0, 100000, 0.94391930103302, 7730.74560546875
280, -1523.3925766795874, False, 27.38771891593933, 452, 0, 100000, 0.9282656908035278, 7738.51318359375
281, -1471.5676576048136, False, 26.129502534866333, 439, 0, 100000, 0.8432668447494507, 7721.78564453125
282, -1486.6396312128054, False, 27.457800149917603, 459, 0, 100000, 0.952533483505249, 7721.37548828125
283, -1250.7642367631197, False, 49.33881711959839, 797, 0, 100000, 0.9505050182342529, 7733.7724609375
284, -1524.1574971973896, False, 27.817753791809082, 454, 0, 100000, 0.9574957489967346, 7732.39404296875
285, -1478.3851640224457, False, 26.217772483825684, 432, 0, 100000, 0.9711504578590393, 7744.21142578125
286, -1563.2785260230303, False, 27.75562071800232, 453, 0, 100000, 1.0530757904052734, 7735.34716796875
287, -1430.2705205008388, False, 26.131516695022583, 429, 0, 100000, 1.0606098175048828, 7732.22802734375
288, -1508.0055556595325, False, 26.73325204849243, 440, 0, 100000, 0.9419581294059753, 7730.5791015625
289, -1533.4517040252686, False, 27.102562189102173, 446, 0, 100000, 1.0023669004440308, 7741.79296875
290, -1426.977357506752, False, 24.606332302093506, 409, 0, 100000, 1.082993507385254, 7734.00244140625
291, -1514.6650829091668, False, 26.991147994995117, 445, 0, 100000, 1.0498145818710327, 7742.47998046875
292, -1443.7370382454246, False, 29.513514041900635, 479, 0, 100000, 1.0226963758468628, 7736.2197265625
293, -1549.7914112359285, False, 28.103952169418335, 457, 0, 100000, 0.9945658445358276, 7750.31982421875
294, -1550.7188878059387, False, 27.289587259292603, 446, 0, 100000, 1.055064082145691, 7749.7568359375
295, -1449.7630725950003, False, 26.772923707962036, 437, 0, 100000, 1.1757805347442627, 7744.28955078125
296, -1565.801446273923, False, 28.643885135650635, 467, 0, 100000, 1.0789341926574707, 7758.15966796875
297, -1451.2072647102177, False, 28.33258843421936, 461, 0, 100000, 1.3023210763931274, 7759.34765625
298, -1463.0013898909092, False, 27.274701356887817, 452, 0, 100000, 1.0567952394485474, 7764.71630859375
299, -1480.0010541826487, False, 26.448596239089966, 436, 0, 100000, 1.1635100841522217, 7752.74462890625
300, -1516.1584946215153, False, 26.78093671798706, 443, 0, 100000, 1.0812737941741943, 7762.31787109375
301, -1518.7533155530691, False, 27.078464031219482, 451, 0, 100000, 1.172295331954956, 7768.18701171875
302, -1432.109314367175, False, 28.419460773468018, 468, 0, 100000, 1.091681718826294, 7753.1142578125
303, -1447.9476799219847, False, 26.92713689804077, 447, 0, 100000, 1.229369878768921, 7767.14306640625
304, -1425.962624102831, False, 27.238203287124634, 452, 0, 100000, 1.1860942840576172, 7753.26953125
305, -1480.2134038805962, False, 26.969756841659546, 443, 0, 100000, 1.172713279724121, 7751.11962890625
306, -1468.4775545150042, False, 27.394094228744507, 449, 0, 100000, 1.064860463142395, 7764.466796875
307, -1508.990210711956, False, 27.3150155544281, 452, 0, 100000, 1.2174625396728516, 7756.93603515625
308, -1569.302478954196, False, 27.728820323944092, 458, 0, 100000, 1.2339744567871094, 7757.15576171875
309, -1434.4491299688816, False, 27.06651473045349, 451, 0, 100000, 1.1660873889923096, 7755.5302734375
310, -1423.7270187437534, False, 26.832160711288452, 440, 0, 100000, 1.2125729322433472, 7756.57421875
311, -1531.7523939311504, False, 27.49138116836548, 457, 0, 100000, 1.0881901979446411, 7760.18310546875
312, -1508.0756284296513, False, 27.299878120422363, 448, 0, 100000, 1.1908953189849854, 7767.36279296875
313, -1512.5074352174997, False, 27.494904041290283, 454, 0, 100000, 1.1406135559082031, 7769.111328125
314, -1563.4805858880281, False, 27.254586935043335, 455, 0, 100000, 1.3441362380981445, 7763.236328125
315, -1472.7743994742632, False, 27.703776121139526, 459, 0, 100000, 1.203034520149231, 7763.373046875
316, -1470.4123666781234, False, 28.152884244918823, 460, 0, 100000, 1.3029909133911133, 7756.93359375
317, -1498.194526091218, False, 28.746354341506958, 468, 0, 100000, 1.2122474908828735, 7765.73486328125
318, -1442.505801178515, False, 26.21971869468689, 433, 0, 100000, 1.2616591453552246, 7765.47412109375
319, -1519.841796502471, False, 28.054418087005615, 463, 0, 100000, 1.3314613103866577, 7773.18212890625
320, -1464.6979234218597, False, 27.048705101013184, 445, 0, 100000, 1.240309238433838, 7763.505859375
321, -1589.10039550066, False, 28.027193546295166, 464, 0, 100000, 1.2464227676391602, 7773.30859375
322, -1502.2227552980185, False, 26.994672060012817, 443, 0, 100000, 1.2422916889190674, 7772.36083984375
323, -1570.9631374776363, False, 27.371359825134277, 459, 0, 100000, 1.348116397857666, 7774.2470703125
324, -1467.909442037344, False, 27.457270622253418, 446, 0, 100000, 1.317334771156311, 7782.2578125
325, -1473.055033043027, False, 27.523621082305908, 451, 0, 100000, 1.3751119375228882, 7763.2236328125
326, -1532.141546845436, False, 26.701431274414062, 441, 0, 100000, 1.3121529817581177, 7772.9248046875
327, -1418.7465774714947, False, 26.251142263412476, 430, 0, 100000, 1.2196297645568848, 7787.95947265625
328, -1526.5776329934597, False, 27.461939096450806, 450, 0, 100000, 1.268009066581726, 7778.4296875
329, -1468.5238082557917, False, 27.244930744171143, 444, 0, 100000, 1.271539330482483, 7788.9853515625
330, -1507.8851696699858, False, 26.420893669128418, 434, 0, 100000, 1.4076671600341797, 7778.05078125
331, -1461.069585993886, False, 26.904072284698486, 442, 0, 100000, 1.5416017770767212, 7806.7470703125
332, -1515.4341863244772, False, 26.522444248199463, 435, 0, 100000, 1.4133496284484863, 7801.8896484375
333, -1569.2164810746908, False, 28.009795904159546, 458, 0, 100000, 1.4368075132369995, 7785.396484375
334, -1446.6382228136063, False, 26.608829736709595, 438, 0, 100000, 1.275648832321167, 7792.69189453125
335, -1452.7030263841152, False, 27.382463693618774, 448, 0, 100000, 1.2595769166946411, 7777.92138671875
336, -1486.2691030353308, False, 27.57289719581604, 451, 0, 100000, 1.1745519638061523, 7777.96240234375
337, -1436.0614262670279, False, 27.64881706237793, 452, 0, 100000, 1.360405445098877, 7805.50537109375
338, -1501.3429356962442, False, 26.177353620529175, 428, 0, 100000, 1.4337375164031982, 7797.37841796875
339, -1537.887930586934, False, 27.768234729766846, 457, 0, 100000, 1.343138575553894, 7795.4482421875
340, -1538.7370831742883, False, 27.202349424362183, 446, 0, 100000, 1.4246410131454468, 7779.05029296875
341, -1488.9425919502974, False, 26.250837802886963, 429, 0, 100000, 1.5142170190811157, 7788.78564453125
342, -1511.5700118988752, False, 27.02555227279663, 444, 0, 100000, 1.4115674495697021, 7806.63525390625
343, -1458.572483792901, False, 28.823370218276978, 481, 0, 100000, 1.4537643194198608, 7810.47119140625
344, -1419.425571076572, False, 27.616355419158936, 446, 0, 100000, 1.4825695753097534, 7795.9912109375
345, -1469.436972051859, False, 27.778259754180908, 451, 0, 100000, 1.4780480861663818, 7787.38671875
346, -1522.887229770422, False, 26.627485275268555, 435, 0, 100000, 1.3326228857040405, 7789.4150390625
347, -1448.1597913652658, False, 26.52381658554077, 432, 0, 100000, 1.5138697624206543, 7800.9189453125
348, -1463.9054625481367, False, 26.726441144943237, 435, 0, 100000, 1.5188255310058594, 7796.30859375
349, -1545.8909581452608, False, 27.541595935821533, 452, 0, 100000, 1.3909966945648193, 7813.7431640625
350, -1413.9732236005366, False, 27.594503164291382, 448, 0, 100000, 1.4961435794830322, 7783.8662109375
351, -1510.8263328969479, False, 26.808654069900513, 442, 0, 100000, 1.596506953239441, 7797.0546875
352, -1518.3886111080647, False, 29.85777711868286, 486, 0, 100000, 1.5070666074752808, 7792.59375
353, -1475.6471011191607, False, 27.87273073196411, 450, 0, 100000, 1.5626695156097412, 7788.6484375
354, -1520.1931682229042, False, 27.864872217178345, 454, 0, 100000, 1.5560247898101807, 7785.05615234375
355, -1490.8143043965101, False, 28.51610493659973, 464, 0, 100000, 1.4560537338256836, 7780.35205078125
356, -1412.8015830665827, False, 26.362449169158936, 426, 0, 100000, 1.648925542831421, 7766.59814453125
357, -1462.5892382711172, False, 27.273261547088623, 451, 0, 100000, 1.538881540298462, 7767.5615234375
358, -1409.238716095686, False, 26.4737708568573, 430, 0, 100000, 1.5222301483154297, 7774.53125
359, -1511.6637067198753, False, 27.139779329299927, 442, 0, 100000, 1.5890933275222778, 7782.3935546875
360, -1471.7896178811789, False, 27.03367519378662, 437, 0, 100000, 1.4813584089279175, 7772.3525390625
361, -1503.691312506795, False, 27.41840887069702, 446, 0, 100000, 1.658362865447998, 7786.4521484375
362, -1526.6189655959606, False, 27.524622201919556, 447, 0, 100000, 1.623264193534851, 7780.9091796875
363, -1438.1812934428453, False, 26.67877173423767, 431, 0, 100000, 1.7010685205459595, 7783.41650390625
364, -1432.4870020896196, False, 27.347718477249146, 448, 0, 100000, 1.5823012590408325, 7780.99853515625
365, -1542.7221816778183, False, 28.147992849349976, 457, 0, 100000, 1.597854733467102, 7763.462890625
366, -1510.951440423727, False, 26.811797618865967, 438, 0, 100000, 1.54118812084198, 7764.958984375
367, -1443.1249385494739, False, 26.63174605369568, 430, 0, 100000, 1.6382975578308105, 7786.51708984375
368, -1572.7797540277243, False, 27.823360681533813, 453, 0, 100000, 1.5426025390625, 7765.12841796875
369, -1508.4444329440594, False, 27.244246006011963, 444, 0, 100000, 1.6676117181777954, 7789.416015625
370, -1450.1111266613007, False, 27.244024753570557, 444, 0, 100000, 1.6907620429992676, 7816.41943359375
371, -1549.5165438354015, False, 27.240013360977173, 444, 0, 100000, 1.7106620073318481, 7772.26171875
372, -1555.4246458038688, False, 28.055088996887207, 446, 0, 100000, 1.8100935220718384, 7765.15283203125
373, -1172.054162427783, False, 48.77506399154663, 797, 0, 100000, 1.7168725728988647, 7795.30029296875
374, -1406.031102091074, False, 26.675373315811157, 438, 0, 100000, 1.6145033836364746, 7806.13525390625
375, -1554.7825568318367, False, 27.280398845672607, 453, 0, 100000, 1.7693560123443604, 7783.6396484375
376, -1459.5594224482775, False, 27.1535427570343, 440, 0, 100000, 1.5978246927261353, 7795.77490234375
377, -1485.2895958274603, False, 27.32306408882141, 444, 0, 100000, 1.6546220779418945, 7784.71533203125
378, -1493.8046941310167, False, 26.868818044662476, 435, 0, 100000, 1.613113522529602, 7792.75341796875
379, -1420.5660566091537, False, 26.16460871696472, 424, 0, 100000, 1.597343921661377, 7785.73681640625
380, -1520.6311411261559, False, 27.50502324104309, 449, 0, 100000, 1.8592857122421265, 7796.556640625
381, -1525.7360155284405, False, 28.95743489265442, 470, 0, 100000, 1.71604323387146, 7796.8447265625
382, -1492.35263954103, False, 27.41206407546997, 442, 0, 100000, 1.8348342180252075, 7773.361328125
383, -1524.8235021829605, False, 26.95830488204956, 443, 0, 100000, 1.630116581916809, 7778.5078125
384, -1530.93507643044, False, 27.744749307632446, 454, 0, 100000, 1.7449824810028076, 7796.56640625
385, -1473.5788881331682, False, 26.433960437774658, 431, 0, 100000, 1.686500906944275, 7772.00244140625
386, -1551.6750898063183, False, 27.400514602661133, 445, 0, 100000, 1.7981765270233154, 7783.59326171875
387, -1564.5006963014603, False, 27.459847927093506, 455, 0, 100000, 1.7694891691207886, 7787.5
388, -1458.9008887857199, False, 26.53449821472168, 431, 0, 100000, 1.708168625831604, 7803.533203125
389, -1546.9173652529716, False, 27.99450421333313, 455, 0, 100000, 1.8131639957427979, 7796.22119140625
390, -1487.2475888580084, False, 27.91190242767334, 455, 0, 100000, 1.62302827835083, 7798.4970703125
391, -1464.2241800948977, False, 27.715497493743896, 450, 0, 100000, 1.8262076377868652, 7810.7861328125
392, -1533.2488690465689, False, 27.042320728302002, 439, 0, 100000, 1.7937734127044678, 7818.16796875
393, -1571.5532880723476, False, 28.11367177963257, 454, 0, 100000, 1.677983045578003, 7819.49169921875
394, -1504.8471913710237, False, 28.533211946487427, 459, 0, 100000, 1.6446621417999268, 7823.30712890625
395, -1414.0718442350626, False, 27.193559169769287, 446, 0, 100000, 1.7082622051239014, 7808.88525390625
396, -1584.8064587265253, False, 29.77674889564514, 485, 0, 100000, 1.7095924615859985, 7802.25390625
397, -1501.6328122913837, False, 27.64118790626526, 449, 0, 100000, 1.7462539672851562, 7798.0595703125
398, -1457.2721338570118, False, 27.182905197143555, 441, 0, 100000, 1.682350516319275, 7796.76416015625
399, -1181.7507341653109, False, 49.093838691711426, 797, 0, 100000, 1.6569647789001465, 7794.673828125
400, -1418.814768910408, False, 26.628339052200317, 428, 0, 100000, 1.794784426689148, 7798.35205078125
401, -1572.9704143712297, False, 28.3668692111969, 457, 0, 100000, 1.7642796039581299, 7777.494140625
402, -1538.1344005465508, False, 27.16450071334839, 440, 0, 100000, 1.6268835067749023, 7810.15576171875
403, -1446.7359226709232, False, 27.131301164627075, 440, 0, 100000, 1.6480472087860107, 7795.5595703125
404, -1515.8449745625257, False, 27.46063232421875, 449, 0, 100000, 1.58523428440094, 7794.90087890625
405, -1486.6837409734726, False, 27.074100971221924, 441, 0, 100000, 1.790299654006958, 7805.31982421875
406, -1487.9508863687515, False, 27.08206081390381, 437, 0, 100000, 1.6217553615570068, 7791.62060546875
407, -1503.8573528379202, False, 27.028234243392944, 439, 0, 100000, 1.7462899684906006, 7827.2578125
408, -1471.9187642484903, False, 27.04508376121521, 434, 0, 100000, 1.7780256271362305, 7808.568359375
409, -1411.3744861856103, False, 27.266295909881592, 445, 0, 100000, 1.5972557067871094, 7812.39111328125
410, -1472.8478178009682, False, 28.278998136520386, 469, 0, 100000, 1.683172583580017, 7799.0380859375
411, -1551.485002309084, False, 27.926833391189575, 451, 0, 100000, 1.7261015176773071, 7811.35302734375
412, -1494.739152945578, False, 28.586735010147095, 474, 0, 100000, 1.735547423362732, 7799.5498046875
413, -1508.3882445842028, False, 26.92168641090393, 438, 0, 100000, 1.725096344947815, 7812.64599609375
414, -1421.9754101932049, False, 26.476526498794556, 429, 0, 100000, 1.8110620975494385, 7800.31640625
415, -1505.2092127949, False, 27.187435388565063, 452, 0, 100000, 1.676658272743225, 7828.42822265625
416, -1534.7777635902166, False, 27.12691020965576, 438, 0, 100000, 1.8377007246017456, 7810.0908203125
417, -1469.6003204747103, False, 27.41127371788025, 446, 0, 100000, 1.6960941553115845, 7800.16748046875
418, -1550.877604559064, False, 27.42115592956543, 443, 0, 100000, 1.6792947053909302, 7803.62548828125
419, -1494.0093571990728, False, 27.986327409744263, 459, 0, 100000, 1.7015306949615479, 7815.890625
420, -1439.0159301161766, False, 27.13780665397644, 436, 0, 100000, 1.8222862482070923, 7798.14794921875
421, -1465.5508709326386, False, 26.39319634437561, 424, 0, 100000, 1.751170039176941, 7806.4404296875
422, -1577.1364466771483, False, 29.19701051712036, 482, 0, 100000, 1.7011538743972778, 7796.93359375
423, -1519.5347865000367, False, 27.118674993515015, 435, 0, 100000, 1.697274923324585, 7799.2578125
424, -1510.2949875593185, False, 26.902113676071167, 437, 0, 100000, 1.8466016054153442, 7809.09228515625
425, -1536.7285635396838, False, 27.294058561325073, 441, 0, 100000, 1.7158700227737427, 7809.9921875
426, -1494.0064022317529, False, 27.62264919281006, 448, 0, 100000, 1.7345458269119263, 7775.9462890625
427, -1454.5858616288751, False, 27.072237491607666, 441, 0, 100000, 1.6945655345916748, 7784.66650390625
428, -1495.0861476957798, False, 26.835191249847412, 435, 0, 100000, 1.7134613990783691, 7820.26611328125
429, -1464.437550842762, False, 27.387269973754883, 442, 0, 100000, 1.7118818759918213, 7802.466796875
430, -1542.4746597260237, False, 26.98786473274231, 441, 0, 100000, 1.801276683807373, 7801.4091796875
431, -1216.696251258254, False, 49.43560600280762, 797, 0, 100000, 1.740217685699463, 7808.640625
432, -1508.936300739646, False, 26.283539295196533, 428, 0, 100000, 1.7925217151641846, 7799.59228515625
433, -1418.5720910727978, False, 28.83823323249817, 468, 0, 100000, 1.7821942567825317, 7813.94873046875
434, -1515.6694056391716, False, 28.20739221572876, 459, 0, 100000, 1.6336121559143066, 7799.7216796875
435, -1460.5202784463763, False, 26.93086075782776, 437, 0, 100000, 1.5883828401565552, 7807.8525390625
436, -1563.7089216560125, False, 29.005297422409058, 470, 0, 100000, 1.7133150100708008, 7776.50341796875
437, -1453.9869123995304, False, 30.182859897613525, 486, 0, 100000, 1.623643159866333, 7795.1689453125
438, -1463.431573241949, False, 27.997957468032837, 454, 0, 100000, 1.6802828311920166, 7822.49658203125
439, -1288.827326118946, False, 49.94441604614258, 797, 0, 100000, 1.6267510652542114, 7789.04638671875
440, -1489.6466763317585, False, 27.024016618728638, 440, 0, 100000, 1.7406514883041382, 7792.5986328125
441, -1552.6448752135038, False, 27.316635608673096, 445, 0, 100000, 1.7399358749389648, 7800.72900390625
442, -1446.9316657334566, False, 26.6227970123291, 424, 0, 100000, 1.6005322933197021, 7789.35498046875
443, -1467.8658445626497, False, 28.793275117874146, 463, 0, 100000, 1.635511875152588, 7786.04931640625
444, -1478.4288199543953, False, 26.467391967773438, 424, 0, 100000, 1.6853272914886475, 7780.00390625
445, -1440.6356316432357, False, 27.16215205192566, 439, 0, 100000, 1.652095913887024, 7777.95458984375
446, -1386.632517753169, False, 26.97967267036438, 428, 0, 100000, 1.6890385150909424, 7791.02587890625
447, -1448.4547414183617, False, 27.434882164001465, 430, 0, 100000, 1.7906211614608765, 7788.9326171875
448, -1455.582301452756, False, 27.817049026489258, 444, 0, 100000, 1.7314661741256714, 7785.60693359375
449, -1216.5657231677324, False, 50.078524589538574, 797, 0, 100000, 1.69331955909729, 7789.609375
450, -1469.724052630365, False, 27.365382194519043, 436, 0, 100000, 1.6966557502746582, 7796.5166015625
451, -1449.916845306754, False, 26.424562692642212, 428, 0, 100000, 1.6390913724899292, 7793.365234375
452, -1485.6487085968256, False, 28.410117387771606, 451, 0, 100000, 1.5955027341842651, 7775.20556640625
453, -1427.1804376095533, False, 27.414116144180298, 437, 0, 100000, 1.8172247409820557, 7786.3544921875
454, -1461.9668453484774, False, 26.55682682991028, 422, 0, 100000, 1.7104313373565674, 7772.216796875
455, -1435.200314849615, False, 27.213349103927612, 439, 0, 100000, 1.5793113708496094, 7755.71875
456, -1439.6821871995926, False, 27.053420305252075, 430, 0, 100000, 1.7841672897338867, 7796.66357421875
457, -1400.9623556435108, False, 26.908650398254395, 430, 0, 100000, 1.6580893993377686, 7762.39111328125
458, -1479.0426088869572, False, 26.63073182106018, 427, 0, 100000, 1.646200180053711, 7780.88232421875
459, -1511.1006439179182, False, 27.102028369903564, 435, 0, 100000, 1.6213778257369995, 7786.33251953125
460, -1183.7186103388667, False, 49.81915497779846, 797, 0, 100000, 1.75532066822052, 7779.69189453125
461, -1433.7108785510063, False, 27.577957153320312, 440, 0, 100000, 1.7117770910263062, 7789.912109375
462, -1487.2351361960173, False, 27.664750337600708, 441, 0, 100000, 1.6568883657455444, 7768.4716796875
463, -1522.5990097373724, False, 28.30929732322693, 456, 0, 100000, 1.6727553606033325, 7778.39306640625
464, -1473.2650462836027, False, 27.36340880393982, 436, 0, 100000, 1.7967537641525269, 7789.4892578125
465, -1144.9530231026001, False, 50.410481214523315, 797, 0, 100000, 1.6832387447357178, 7791.9541015625
466, -1513.921311467886, False, 26.650649547576904, 432, 0, 100000, 1.7256182432174683, 7783.34033203125
467, -1471.484765343368, False, 27.581674098968506, 439, 0, 100000, 1.6003150939941406, 7802.5537109375
468, -1458.4074165523052, False, 26.79715394973755, 429, 0, 100000, 1.5772544145584106, 7781.318359375
469, -1391.810581073165, False, 27.060302019119263, 433, 0, 100000, 1.5662717819213867, 7771.17919921875
470, -1448.2693852484226, False, 27.470228910446167, 445, 0, 100000, 1.5994548797607422, 7776.40283203125
471, -1393.0495970100164, False, 26.85608434677124, 432, 0, 100000, 1.6606992483139038, 7778.46826171875
472, -1593.6066938862205, False, 28.23789930343628, 458, 0, 100000, 1.4958785772323608, 7761.568359375
473, -1440.375726789236, False, 26.897972345352173, 430, 0, 100000, 1.7055755853652954, 7789.26025390625
474, -1519.6010820418596, False, 27.34637713432312, 441, 0, 100000, 1.6494693756103516, 7781.00634765625
475, -1430.4477938264608, False, 26.66028594970703, 429, 0, 100000, 1.7554187774658203, 7782.9755859375
476, -1534.7082277685404, False, 27.23616886138916, 434, 0, 100000, 1.687734603881836, 7777.4931640625
477, -1485.5283784717321, False, 27.22512698173523, 435, 0, 100000, 1.6279670000076294, 7778.12353515625
478, -1546.4402553141117, False, 27.415114879608154, 445, 0, 100000, 1.6862033605575562, 7800.8486328125
479, -1412.982115060091, False, 27.17318034172058, 433, 0, 100000, 1.598708987236023, 7789.220703125
480, -1475.431949391961, False, 27.033841133117676, 438, 0, 100000, 1.6448452472686768, 7793.4970703125
481, -1505.4280004054308, False, 26.76576805114746, 431, 0, 100000, 1.6046240329742432, 7783.8701171875
482, -1462.9028321392834, False, 27.42172074317932, 442, 0, 100000, 1.621086835861206, 7786.8203125
483, -1452.899763211608, False, 26.49830389022827, 422, 0, 100000, 1.7772319316864014, 7797.18115234375
484, -1531.8246114328504, False, 27.301412105560303, 435, 0, 100000, 1.6373964548110962, 7807.837890625
485, -1407.8079208731651, False, 27.185794830322266, 436, 0, 100000, 1.713531732559204, 7789.68505859375
486, -1507.1469039171934, False, 26.88559889793396, 429, 0, 100000, 1.7688671350479126, 7798.82177734375
487, -1469.6707369238138, False, 26.555675506591797, 427, 0, 100000, 1.7069356441497803, 7808.7275390625
488, -1534.589714191854, False, 27.219592571258545, 446, 0, 100000, 1.5477300882339478, 7791.802734375
489, -1437.4926201552153, False, 27.003392219543457, 424, 0, 100000, 1.5882923603057861, 7804.16845703125
490, -1444.207146152854, False, 26.61563277244568, 425, 0, 100000, 1.7139077186584473, 7802.0546875
491, -1429.5036310255527, False, 26.697076320648193, 427, 0, 100000, 1.673567533493042, 7803.759765625
492, -1498.7416234612465, False, 27.599509954452515, 450, 0, 100000, 1.6717959642410278, 7795.96044921875
493, -1509.0593530386686, False, 27.56240677833557, 440, 0, 100000, 1.7791578769683838, 7828.4033203125
494, -1464.44349937886, False, 28.213176488876343, 461, 0, 100000, 1.6808011531829834, 7799.75146484375
495, -1489.0012720376253, False, 27.517968893051147, 440, 0, 100000, 1.5570330619812012, 7793.91943359375
496, -1381.1427560597658, False, 26.59591770172119, 420, 0, 100000, 1.6021912097930908, 7778.6259765625
497, -1480.7068024277687, False, 27.511502265930176, 437, 0, 100000, 1.6192675828933716, 7808.21630859375
498, -1521.7145378887653, False, 26.850033283233643, 434, 0, 100000, 1.6991652250289917, 7817.4228515625
499, -1511.3061256706715, False, 27.20106339454651, 439, 0, 100000, 1.8118600845336914, 7813.50244140625
500, -1285.2207051217556, False, 50.371015548706055, 797, 0, 100000, 1.6711270809173584, 7826.10107421875
501, -1462.4899854063988, False, 27.089677810668945, 441, 0, 100000, 1.7093514204025269, 7812.28515625
502, -1478.6634671092033, False, 27.22503113746643, 437, 0, 100000, 1.6627336740493774, 7809.23388671875
503, -1491.09947906062, False, 27.69480037689209, 450, 0, 100000, 1.694649577140808, 7828.61181640625
504, -1486.6325716376305, False, 27.42711567878723, 440, 0, 100000, 1.6930698156356812, 7820.07568359375
505, -1451.4278799332678, False, 27.138139486312866, 437, 0, 100000, 1.6556155681610107, 7800.47216796875
506, -1519.6243149489164, False, 28.21909260749817, 450, 0, 100000, 1.74245023727417, 7815.7646484375
507, -1411.899724110961, False, 27.3530216217041, 441, 0, 100000, 1.7704349756240845, 7831.50390625
508, -1490.3593500852585, False, 27.19220805168152, 435, 0, 100000, 1.6852377653121948, 7802.8486328125
509, -1490.7794782221317, False, 27.743630170822144, 443, 0, 100000, 1.6196494102478027, 7807.93359375
510, -1440.6880272775888, False, 27.974326848983765, 445, 0, 100000, 1.764032244682312, 7799.32177734375
511, -1500.7242936342955, False, 27.409483194351196, 439, 0, 100000, 1.6906280517578125, 7803.44384765625
512, -1445.2857026997954, False, 27.208328247070312, 434, 0, 100000, 1.811923623085022, 7804.9736328125
513, -1445.1293365098536, False, 26.833569049835205, 438, 0, 100000, 1.6601231098175049, 7794.84326171875
514, -1523.0417867004871, False, 27.113624095916748, 431, 0, 100000, 1.7326322793960571, 7803.453125
515, -1495.1968049705029, False, 27.727495193481445, 442, 0, 100000, 1.5829213857650757, 7791.1669921875
516, -1435.5105825662613, False, 26.660377979278564, 430, 0, 100000, 1.6469624042510986, 7813.4541015625
517, -1493.1893966645002, False, 27.832998752593994, 446, 0, 100000, 1.686795711517334, 7805.78076171875
518, -1487.0366709679365, False, 26.989607334136963, 431, 0, 100000, 1.635135293006897, 7833.8359375
519, -1535.246173158288, False, 27.437840223312378, 442, 0, 100000, 1.7227476835250854, 7811.484375
520, -1245.802676126361, False, 50.24191617965698, 797, 0, 100000, 1.6662945747375488, 7820.5810546875
521, -1394.7880784990266, False, 26.77740740776062, 435, 0, 100000, 1.6971319913864136, 7799.31884765625
522, -1531.3311799615622, False, 27.15518856048584, 437, 0, 100000, 1.682813286781311, 7803.7509765625
523, -1417.24467946589, False, 26.167484521865845, 415, 0, 100000, 1.6798368692398071, 7807.8720703125
524, -1564.586421340704, False, 28.743688583374023, 457, 0, 100000, 1.698030948638916, 7813.01220703125
525, -1460.708343242295, False, 26.654213428497314, 426, 0, 100000, 1.6394400596618652, 7831.8115234375
526, -1493.5482797175646, False, 26.890243768692017, 430, 0, 100000, 1.7823612689971924, 7816.46533203125
527, -1415.8423989601433, False, 27.139301538467407, 434, 0, 100000, 1.6861447095870972, 7800.3388671875
528, -1471.8685969412327, False, 27.04210352897644, 433, 0, 100000, 1.670802354812622, 7811.65869140625
529, -1432.200004324317, False, 26.989015579223633, 435, 0, 100000, 1.6507887840270996, 7817.27880859375
530, -1474.2716959789395, False, 27.961148500442505, 449, 0, 100000, 1.7560170888900757, 7822.09765625
531, -1404.5891550183296, False, 27.469677925109863, 442, 0, 100000, 1.7688026428222656, 7831.3291015625
532, -1541.7712683975697, False, 27.290058612823486, 436, 0, 100000, 1.6896389722824097, 7804.544921875
533, -1416.9634000360966, False, 26.54482674598694, 424, 0, 100000, 1.7323744297027588, 7813.3486328125
534, -1438.0543227454182, False, 27.103795051574707, 434, 0, 100000, 1.60403573513031, 7814.66552734375
535, -1493.5387431746349, False, 26.729891777038574, 430, 0, 100000, 1.779185175895691, 7810.1728515625
536, -1608.5300105065107, False, 30.04381537437439, 485, 0, 100000, 1.7442489862442017, 7817.15966796875
537, -1522.2578098475933, False, 27.18398880958557, 433, 0, 100000, 1.7209837436676025, 7830.720703125
538, -1385.2024334967136, False, 26.95620584487915, 427, 0, 100000, 1.8228092193603516, 7794.498046875
539, -1499.6936631798744, False, 26.46902346611023, 425, 0, 100000, 1.7116552591323853, 7828.1318359375
540, -1435.0716710835695, False, 26.65451455116272, 428, 0, 100000, 1.688839316368103, 7831.328125
541, -1496.0388010591269, False, 27.09329652786255, 434, 0, 100000, 1.6460601091384888, 7828.703125
542, -1506.5869242995977, False, 26.80383801460266, 430, 0, 100000, 1.6880428791046143, 7809.078125
543, -1443.327738493681, False, 27.528343200683594, 443, 0, 100000, 1.7128907442092896, 7798.12939453125
544, -1524.7996636778116, False, 27.85154700279236, 451, 0, 100000, 1.792480707168579, 7822.54931640625
545, -1398.9989029169083, False, 26.929625272750854, 436, 0, 100000, 1.8091825246810913, 7798.23095703125
546, -1557.9772343337536, False, 29.814515829086304, 478, 0, 100000, 1.6854819059371948, 7797.83349609375
547, -1423.7267112880945, False, 27.209122896194458, 436, 0, 100000, 1.6076440811157227, 7795.80126953125
548, -1457.1350385397673, False, 29.42118549346924, 470, 0, 100000, 1.5681818723678589, 7806.6513671875
549, -1510.614051014185, False, 26.54152274131775, 427, 0, 100000, 1.690923810005188, 7800.18017578125
550, -1470.9704847559333, False, 26.709121704101562, 429, 0, 100000, 1.6715104579925537, 7822.51220703125
551, -1454.2605085521936, False, 27.296610593795776, 441, 0, 100000, 1.7238091230392456, 7825.75341796875
552, -1448.0110210673884, False, 27.18733549118042, 439, 0, 100000, 1.673141360282898, 7795.095703125
553, -1199.088837794261, False, 63.676369190216064, 797, 0, 100000, 1.74764883518219, 7818.4736328125
554, -1374.6805916158482, False, 29.382141828536987, 357, 0, 100000, 1.5477681159973145, 7837.85302734375
555, -1367.37093188148, False, 30.55280113220215, 374, 0, 100000, 1.6117146015167236, 7808.61572265625
556, -1381.7597335465252, False, 27.888118028640747, 363, 0, 100000, 1.8009287118911743, 7782.59033203125
557, -1380.6669656019658, False, 27.515479564666748, 351, 0, 100000, 1.7874516248703003, 7806.734375
558, -1209.056786293164, False, 65.91045951843262, 797, 0, 100000, 1.6677993535995483, 7809.513671875
559, -1287.5044891156722, False, 29.046023845672607, 330, 0, 100000, 1.773652195930481, 7803.21728515625
560, -1371.5523645225912, False, 27.64172053337097, 352, 0, 100000, 1.566710352897644, 7796.5439453125
