episode, reward, success, duration, n_steps, memory length, avg_critic_loss, avg_actor_loss
2201, 2318.036325275898, 1, 3.14129376411438, 140, 138, 0.2560346722602844, 362.0617980957031
2202, -4907.090629935265, 2, 39.2356903553009, 300, 436, 12.763373374938965, 14040.751953125
2203, -3328.034583747387, 2, 40.15538311004639, 365, 799, 11.422186851501465, 30191.333984375
2204, -2870.518918275833, 4, 94.7484667301178, 998, 1795, 7.614181995391846, 28183.1484375
2205, 474.16523826122284, 1, 39.92356991767883, 555, 2348, 6.336159706115723, 26932.041015625
2206, -387.9680394232273, 1, 45.385496377944946, 863, 3209, 6.746262550354004, 27144.841796875
2207, -4591.599308371544, 4, 69.1480565071106, 998, 4205, 6.195016860961914, 25826.39453125
2208, -3161.4078174829483, 2, 14.490747213363647, 333, 4536, 5.039721965789795, 25191.75390625
2209, 1986.562076151371, 1, 10.875859260559082, 246, 4780, 6.651772499084473, 25070.990234375
2210, 302.6475464105606, 1, 29.013149976730347, 677, 5455, 6.922728061676025, 24644.349609375
2211, -4002.285190075636, 3, 36.30975151062012, 745, 6198, 6.4293742179870605, 24531.19921875
2212, 2212.6583905518055, 1, 8.610065221786499, 169, 6365, 6.21083927154541, 23714.244140625
2213, 1527.8189705014229, 1, 24.359458684921265, 473, 6836, 7.054035663604736, 23387.048828125
2214, -6198.130660533905, 4, 47.31807279586792, 998, 7832, 6.686643600463867, 23538.056640625
2215, -2538.7298568487167, 4, 61.69082236289978, 998, 8828, 6.932760715484619, 23597.1328125
2216, 1705.7129956185818, 1, 17.296857118606567, 391, 9217, 7.0461931228637695, 23614.494140625
2217, -17.67210230231285, 1, 35.585055112838745, 904, 10119, 6.721014022827148, 23796.84765625
2218, -3417.7130293250084, 2, 13.786993980407715, 285, 10402, 5.941993236541748, 23128.04296875
2219, 1553.7165695428848, 1, 18.83720111846924, 445, 10845, 6.321709156036377, 23403.1953125
2220, -2706.1138149499893, 4, 44.7340612411499, 998, 11841, 6.469578742980957, 23110.560546875
2221, -3431.4993047714233, 2, 15.637200355529785, 324, 12163, 6.2626261711120605, 23091.98828125
2222, 1862.4152262210846, 1, 15.979833841323853, 322, 12483, 7.270997524261475, 23156.72265625
2223, -3098.6983102560043, 4, 45.51233434677124, 998, 13479, 6.595930576324463, 23110.123046875
2224, 1987.1157287061214, 1, 25.28400230407715, 318, 13795, 6.481093883514404, 22910.826171875
2225, 662.8635283708572, 1, 34.63318347930908, 676, 14469, 5.949458599090576, 22673.4296875
2226, -669.1604128777981, 1, 40.338441610336304, 973, 15440, 6.587114334106445, 22657.669921875
2227, -1858.2553334236145, 1, 33.65369701385498, 867, 16305, 6.698396682739258, 22620.04296875
2228, -3761.0346705019474, 4, 44.08741497993469, 998, 17301, 6.461735248565674, 22678.962890625
2229, 1524.8065739572048, 1, 31.60377264022827, 547, 17846, 6.5251665115356445, 22664.677734375
2230, -3174.9881349802017, 4, 72.38839197158813, 998, 18842, 6.325500965118408, 22408.349609375
2231, -3655.967751145363, 2, 14.734876871109009, 356, 19196, 6.672186374664307, 22414.8984375
2232, 2061.673536658287, 1, 12.89349913597107, 276, 19470, 5.846243858337402, 22244.84375
2233, 297.2550760805607, 1, 29.4333655834198, 579, 20047, 6.37399959564209, 22330.37109375
2234, 1298.4509802609682, 1, 32.439972162246704, 714, 20759, 6.620394229888916, 22088.673828125
2235, -3820.627321869135, 4, 48.35230302810669, 998, 21755, 6.648258686065674, 22186.93359375
2236, 1236.1031520366669, 1, 33.112380504608154, 567, 22320, 6.614804267883301, 22158.91796875
2237, -2871.76394328475, 4, 96.52135467529297, 998, 23316, 6.49209451675415, 21936.60546875
2238, 676.9622592329979, 1, 31.119479656219482, 568, 23882, 6.802775859832764, 21825.9609375
2239, -4125.536044001579, 4, 64.38318061828613, 998, 24878, 6.983052730560303, 22090.974609375
2240, 518.740798920393, 1, 68.6475555896759, 665, 25541, 6.419567108154297, 22060.794921875
2241, -3478.264968216419, 4, 74.87503266334534, 998, 26537, 6.443512439727783, 22050.05859375
2242, -3366.2002724409103, 4, 55.7564492225647, 998, 27533, 6.231636047363281, 22187.806640625
2243, -426.817450940609, 1, 26.538215160369873, 664, 28195, 6.066241264343262, 22213.98828125
2244, 1863.1648704111576, 1, 13.539660930633545, 335, 28528, 6.154240608215332, 22117.16796875
2245, -3750.6560618281364, 3, 23.277767181396484, 575, 29101, 5.874178886413574, 22118.595703125
2246, 1239.9377815127373, 1, 23.608884572982788, 602, 29701, 6.819798469543457, 22164.994140625
2247, 1158.2575363218784, 1, 22.211193799972534, 484, 30183, 6.6277618408203125, 22066.330078125
2248, -3993.93280094862, 4, 52.848323345184326, 998, 31179, 6.556356430053711, 22081.2265625
2249, 2336.1171438097954, 1, 8.105666637420654, 137, 31314, 6.367231369018555, 21936.271484375
2250, -111.53335231542587, 1, 46.6101713180542, 666, 31978, 6.585720539093018, 22133.892578125
2251, 1930.4722487926483, 1, 27.648744106292725, 326, 32302, 6.625389575958252, 21984.474609375
2252, 2062.519865781069, 1, 15.826087951660156, 247, 32547, 6.61337947845459, 21991.45703125
2253, 1033.8444003164768, 1, 41.3620548248291, 673, 33218, 6.190928936004639, 21953.42578125
2254, -4184.6478334367275, 2, 47.43458795547485, 739, 33955, 6.824468612670898, 21882.44140625
2255, 2053.5867381691933, 1, 16.310145139694214, 232, 34185, 6.703242778778076, 21778.54296875
2256, -3059.5784507989883, 3, 14.097061157226562, 204, 34387, 6.559001445770264, 21607.875
2257, 225.70716285705566, 1, 52.64521408081055, 622, 35007, 7.21276330947876, 21843.013671875
2258, 956.7519966065884, 1, 80.46839666366577, 712, 35717, 7.263610363006592, 21825.943359375
2259, 1915.904626429081, 1, 35.4226598739624, 335, 36050, 7.089813709259033, 21536.90234375
2260, 1156.219509497285, 1, 57.977015018463135, 656, 36704, 6.2650346755981445, 21608.4609375
2261, 897.4094601273537, 1, 42.1104953289032, 419, 37121, 7.105678558349609, 21574.169921875
2262, -4092.8889768123627, 4, 112.53852105140686, 998, 38117, 6.827338218688965, 21564.12890625
2263, -4796.170839905739, 3, 60.588078022003174, 488, 38603, 6.368503093719482, 21647.486328125
2264, 2180.9434155523777, 1, 28.7297625541687, 273, 38874, 7.352967739105225, 21592.529296875
2265, -3425.3219938874245, 3, 62.02887034416199, 591, 39463, 6.7602057456970215, 21570.453125
2266, 1987.8934629559517, 1, 25.196573734283447, 373, 39834, 6.7954607009887695, 21539.134765625
2267, 1767.3052182793617, 1, 13.178884267807007, 346, 40178, 6.9847893714904785, 21340.443359375
2268, -4598.577497035265, 4, 39.08301377296448, 998, 41174, 6.882902145385742, 21506.57421875
2269, 2076.7432310581207, 1, 13.656700611114502, 342, 41514, 6.763129234313965, 21610.376953125
2270, -937.9970113039017, 1, 38.55144643783569, 976, 42488, 7.189046382904053, 21705.1328125
2271, -4893.587383747101, 2, 17.37435531616211, 451, 42937, 6.434319496154785, 21674.541015625
2272, -5063.616847038269, 4, 37.19363617897034, 998, 43933, 7.1740827560424805, 21848.3671875
2273, 1887.935396015644, 1, 13.53581714630127, 353, 44284, 7.269165992736816, 21887.01171875
2274, -3367.4515444636345, 4, 38.059592723846436, 998, 45280, 6.869692325592041, 21929.06640625
2275, 2025.2705244719982, 1, 11.588227272033691, 319, 45597, 6.782136917114258, 21922.60546875
2276, -4320.328478574753, 2, 18.848493099212646, 505, 46100, 7.202415466308594, 21884.36328125
2277, -4167.343370944262, 4, 38.44169735908508, 998, 47096, 6.941579341888428, 21913.357421875
2278, -4995.9887472987175, 4, 32.38372492790222, 998, 48092, 7.0356316566467285, 22012.998046875
2279, 1277.9180722236633, 1, 11.80950403213501, 496, 48586, 6.7497944831848145, 22038.7265625
2280, 786.122539639473, 1, 10.305524349212646, 427, 49011, 6.311951160430908, 21882.40234375
2281, 498.81149500608444, 1, 20.52523446083069, 840, 49849, 6.519247531890869, 21966.955078125
2282, -4382.852826356888, 2, 18.028275728225708, 725, 50572, 6.852736473083496, 21829.373046875
2283, 1165.5718948543072, 1, 18.817257165908813, 761, 51331, 6.687338829040527, 21919.443359375
2284, 27.57394164800644, 1, 14.838541269302368, 619, 51948, 7.37621545791626, 21735.9296875
2285, -4886.197041273117, 4, 23.996796131134033, 998, 52944, 6.419085502624512, 21798.4296875
2286, 2054.555499255657, 1, 9.885521173477173, 417, 53359, 7.33051061630249, 21843.234375
2287, -4355.385679662228, 4, 24.310188055038452, 998, 54355, 6.912965297698975, 21824.265625
2288, 2117.625482082367, 1, 9.405070066452026, 398, 54751, 7.088629722595215, 21734.458984375
2289, -5663.369937479496, 4, 24.68103337287903, 998, 55747, 6.642456531524658, 21854.5234375
2290, 1728.0452831089497, 1, 8.43140697479248, 355, 56100, 7.05197286605835, 21802.189453125
2291, -3693.8881142139435, 2, 9.948841571807861, 419, 56517, 6.595167636871338, 21786.9921875
2292, 1471.2942308187485, 1, 9.501324653625488, 387, 56902, 6.776857376098633, 21831.814453125
2293, -3137.6508662700653, 2, 10.077558994293213, 417, 57317, 6.811814785003662, 21812.224609375
2294, 1627.877840101719, 1, 15.012403011322021, 506, 57821, 6.647892475128174, 21767.38671875
2295, 1291.2522522807121, 1, 19.87621021270752, 448, 58267, 6.926011562347412, 21736.42578125
2296, -1143.695904970169, 1, 34.95553278923035, 657, 58922, 7.445350170135498, 21738.30078125
2297, 1165.965619802475, 1, 16.75729513168335, 333, 59253, 6.978693962097168, 21709.80859375
2298, -3112.40279763937, 2, 10.803576231002808, 276, 59527, 6.373131275177002, 21712.193359375
2299, -767.3754449486732, 1, 33.0081582069397, 742, 60267, 7.217004776000977, 21778.455078125
2300, 513.6298736929893, 1, 21.776323556900024, 551, 60816, 7.344683647155762, 21724.578125
2301, 1157.9032149910927, 1, 33.723352909088135, 735, 61549, 7.222529411315918, 21770.83984375
2302, 287.6808817088604, 1, 13.509902000427246, 368, 61915, 7.324949741363525, 21619.23046875
2303, 80.00704926252365, 1, 31.21757936477661, 795, 62708, 7.515441417694092, 21709.880859375
2304, 492.57258155941963, 1, 22.954153060913086, 606, 63312, 7.156731128692627, 21758.8203125
2305, -125.91002996265888, 1, 30.367393732070923, 785, 64095, 6.691749572753906, 21839.822265625
2306, -3692.713947594166, 2, 24.75625967979431, 660, 64753, 7.386655807495117, 21852.34765625
2307, 2056.800654500723, 1, 9.217468023300171, 238, 64989, 7.140855312347412, 21662.3359375
2308, 1789.2142752110958, 1, 12.419637441635132, 348, 65335, 8.063996315002441, 21683.419921875
2309, -4110.181232988834, 4, 37.67560958862305, 998, 66331, 7.052622318267822, 21794.953125
2310, 1993.047414392233, 1, 8.667465448379517, 242, 66571, 6.8280348777771, 21782.294921875
2311, 301.25468522310257, 1, 22.784570693969727, 593, 67162, 7.270939350128174, 21873.927734375
2312, -3269.4641139507294, 2, 2.21749210357666, 74, 67234, 6.735868453979492, 21308.30078125
2313, 2037.6940605044365, 1, 12.987505197525024, 341, 67573, 7.029623985290527, 21846.39453125
2314, 1814.07943546772, 1, 13.223123550415039, 338, 67909, 7.610363006591797, 21763.158203125
2315, 9.40653358399868, 1, 26.49625277519226, 679, 68586, 7.094268321990967, 21812.619140625
2316, -7041.095270752907, 2, 28.326972007751465, 725, 69309, 7.593043327331543, 21867.037109375
2317, 1639.2081182003021, 1, 11.39600157737732, 463, 69770, 7.317774295806885, 21847.248046875
2318, -4444.969652533531, 2, 16.5482919216156, 665, 70433, 7.666100025177002, 21887.984375
2319, 1944.0440523028374, 1, 8.477592468261719, 266, 70697, 7.073641300201416, 21782.70703125
2320, 1545.08817127347, 1, 37.39537286758423, 492, 71187, 7.885980606079102, 21760.912109375
2321, -385.60768492519855, 1, 21.013141870498657, 550, 71735, 7.474352836608887, 21952.380859375
2322, -134.9778831899166, 1, 21.521074533462524, 542, 72275, 7.61073637008667, 21955.810546875
2323, -3917.6431245803833, 2, 8.878223419189453, 228, 72501, 7.023626327514648, 21823.5703125
2324, -3656.8089511096478, 2, 19.418384075164795, 402, 72901, 7.412841320037842, 21831.587890625
2325, 804.1470573544502, 1, 27.752509832382202, 456, 73355, 8.069316864013672, 22034.447265625
2326, 806.0585981011391, 1, 19.933186054229736, 497, 73850, 7.4980597496032715, 22074.212890625
2327, -670.4176424741745, 1, 40.40757346153259, 894, 74742, 7.852110385894775, 22051.412109375
2328, -3129.5587686300278, 4, 52.0831413269043, 998, 75738, 7.997115135192871, 22111.396484375
2329, 1954.0680262446404, 1, 13.029447078704834, 332, 76068, 8.84648609161377, 22063.029296875
2330, 1486.723068535328, 1, 13.530536651611328, 365, 76431, 7.289022445678711, 22070.03515625
2331, -3694.8654142320156, 1, 30.14468240737915, 780, 77209, 7.542191028594971, 22067.3515625
2332, -3756.248151600361, 4, 37.967501401901245, 998, 78205, 7.349277973175049, 22243.5546875
2333, -457.78087171912193, 1, 31.425015449523926, 848, 79051, 7.72804594039917, 22246.11328125
2334, -3807.959394812584, 2, 9.975753784179688, 304, 79353, 6.928587913513184, 22138.296875
2335, -3805.668639779091, 4, 37.056331157684326, 998, 80349, 7.527533054351807, 22367.013671875
2336, -2546.7523599267006, 3, 9.775170087814331, 264, 80611, 7.946485996246338, 22264.71875
2337, 2045.9233216643333, 1, 12.705947399139404, 333, 80942, 7.3082733154296875, 22273.421875
2338, 182.59758219122887, 1, 21.39779758453369, 529, 81469, 8.30456256866455, 22316.244140625
2339, 662.455882370472, 1, 32.318944454193115, 817, 82284, 7.685100555419922, 22403.630859375
2340, 1062.2967072427273, 1, 14.75332260131836, 397, 82679, 8.13142204284668, 22377.501953125
2341, 1522.7311745882034, 1, 20.12297511100769, 530, 83207, 7.753482341766357, 22322.623046875
2342, -5110.16752576828, 2, 11.83823013305664, 340, 83545, 7.6341962814331055, 22348.66015625
2343, 1199.087724685669, 1, 19.433659315109253, 467, 84010, 7.346686363220215, 22377.849609375
2344, -2533.8502745628357, 3, 0.6433868408203125, 31, 84039, 8.861812591552734, 21145.072265625
2345, 2070.5111567527056, 1, 12.460933923721313, 348, 84385, 7.927848815917969, 22396.966796875
2346, -3914.079785168171, 2, 15.793303966522217, 397, 84780, 7.937710285186768, 22275.85546875
2347, -2810.8859317302704, 3, 11.402726650238037, 273, 85051, 7.800473690032959, 22219.212890625
2348, 1852.9148353338242, 1, 16.964310884475708, 412, 85461, 7.812703609466553, 22156.03125
2349, 620.8836685419083, 1, 32.119234561920166, 813, 86272, 7.6943793296813965, 22378.10546875
2350, -11387.93783378601, 2, 23.288759231567383, 606, 86876, 8.032448768615723, 22391.060546875
2351, 1995.3184248507023, 1, 13.016321659088135, 327, 87201, 8.5562744140625, 22510.60546875
2352, -3863.7213866710663, 3, 10.385442018508911, 272, 87471, 7.362099647521973, 22611.255859375
2353, 1704.7825483083725, 1, 15.365506172180176, 395, 87864, 9.137691497802734, 22591.79296875
2354, -4403.864253282547, 3, 19.793378829956055, 525, 88387, 8.393601417541504, 22584.080078125
2355, 1422.5062301754951, 1, 21.027294635772705, 535, 88920, 8.068563461303711, 22710.24609375
2356, 852.2420622557402, 1, 25.640853881835938, 656, 89574, 7.790028095245361, 22571.328125
2357, -4407.791524767876, 4, 38.34349465370178, 998, 90570, 8.271079063415527, 22679.458984375
2358, -3215.1221359968185, 2, 14.200981378555298, 369, 90937, 8.749417304992676, 22547.751953125
2359, 1635.1135731637478, 1, 12.181963205337524, 321, 91256, 7.927830219268799, 22523.97265625
2360, -4704.759221434593, 4, 37.85344171524048, 998, 92252, 8.088651657104492, 22728.396484375
2361, 2357.9359031915665, 1, 4.80570650100708, 127, 92377, 8.208861351013184, 22430.99609375
2362, 1123.2214071452618, 1, 22.09365463256836, 596, 92971, 8.227457046508789, 22864.482421875
2363, 1821.9362946301699, 1, 23.46053695678711, 556, 93525, 8.7872314453125, 22690.392578125
2364, -847.5192534327507, 1, 17.97747492790222, 699, 94222, 8.215254783630371, 22733.947265625
2365, -2641.2597420215607, 3, 3.1107497215270996, 130, 94350, 6.784865856170654, 22239.41015625
2366, 2369.197916775942, 1, 4.367154836654663, 179, 94527, 8.485522270202637, 22471.482421875
2367, -2815.1094574332237, 4, 25.39499568939209, 998, 95523, 8.427155494689941, 22700.046875
2368, 1135.986661195755, 1, 9.691499948501587, 390, 95911, 9.085047721862793, 22597.140625
2369, -214.5816586315632, 1, 20.960811138153076, 801, 96710, 8.27590560913086, 22684.669921875
2370, -2765.9937312602997, 4, 27.023179054260254, 998, 97706, 8.314493179321289, 22604.166015625
2371, 1916.4722189307213, 1, 11.317620277404785, 460, 98164, 8.903266906738281, 22625.666015625
2372, 938.2674014270306, 1, 15.620313882827759, 625, 98787, 8.584243774414062, 22538.77734375
2373, -3591.4703698158264, 3, 10.25070834159851, 397, 99182, 8.601544380187988, 22556.146484375
2374, -5283.133766233921, 4, 26.030532598495483, 998, 100000, 8.369955062866211, 22631.90625
2375, 1962.2533770501614, 1, 7.266140699386597, 283, 100000, 8.432171821594238, 22408.267578125
2376, 1742.4700223207474, 1, 11.109133005142212, 451, 100000, 8.316638946533203, 22475.85546875
2377, 355.7868677973747, 1, 21.87995934486389, 643, 100000, 8.554642677307129, 22543.84765625
2378, 328.08534574508667, 1, 25.75574827194214, 534, 100000, 8.371694564819336, 22503.857421875
2379, 1739.6722921580076, 1, 16.374138116836548, 361, 100000, 9.320316314697266, 22474.015625
2380, 1221.5693578124046, 1, 33.554720878601074, 514, 100000, 8.366275787353516, 22467.845703125
2381, 1274.6371770054102, 1, 27.533233642578125, 426, 100000, 7.860671520233154, 22502.162109375
2382, 1716.6735723912716, 1, 16.058170795440674, 290, 100000, 9.831453323364258, 22433.208984375
2383, 1514.0001575350761, 1, 49.12280607223511, 651, 100000, 7.996819972991943, 22460.1875
2384, -3683.751303076744, 4, 65.79453778266907, 998, 100000, 8.119375228881836, 22502.759765625
2385, 1933.0202240645885, 1, 18.949535846710205, 344, 100000, 8.54998779296875, 22319.71484375
2386, -3941.5525834560394, 2, 13.939426183700562, 262, 100000, 8.40672492980957, 22358.4140625
2387, 1914.5494585633278, 1, 16.92864727973938, 274, 100000, 9.110628128051758, 22367.431640625
2388, 746.0376263558865, 1, 29.06719970703125, 487, 100000, 8.693561553955078, 22521.607421875
2389, -11364.96249628067, 2, 27.14003324508667, 597, 100000, 8.631265640258789, 22592.609375
2390, 1250.338640898466, 1, 23.501068592071533, 538, 100000, 8.786914825439453, 22587.255859375
2391, -3434.9054964780807, 2, 10.503442287445068, 250, 100000, 8.453930854797363, 22509.755859375
2392, -10485.748664855957, 2, 31.02285361289978, 782, 100000, 8.390671730041504, 22651.080078125
2393, 1555.366430670023, 1, 20.129451274871826, 534, 100000, 8.628042221069336, 22849.341796875
2394, -12335.537425041199, 2, 24.755136013031006, 693, 100000, 8.3452730178833, 22730.201171875
2395, 1354.032672226429, 1, 16.059443712234497, 425, 100000, 9.238056182861328, 22883.669921875
2396, 16.206033647060394, 1, 21.983922719955444, 609, 100000, 8.509329795837402, 22919.005859375
2397, -4654.302901506424, 2, 13.679409265518188, 364, 100000, 9.03787899017334, 22930.39453125
2398, 618.5809164643288, 1, 17.539510250091553, 508, 100000, 8.339963912963867, 23045.4609375
2399, -560.9014205783606, 1, 31.929279327392578, 873, 100000, 8.980735778808594, 23057.677734375
2400, -5489.760821580887, 2, 7.223797559738159, 192, 100000, 8.547998428344727, 22918.177734375
2401, 1490.0654781460762, 1, 19.514190912246704, 517, 100000, 8.283159255981445, 23162.57421875
2402, -6771.188267946243, 2, 26.478778839111328, 706, 100000, 9.511985778808594, 23108.9296875
2403, -2693.7125297784805, 3, 9.443283081054688, 258, 100000, 9.260446548461914, 23188.5703125
2404, 850.181419312954, 1, 21.405012369155884, 547, 100000, 8.701231002807617, 23280.271484375
2405, -3792.9295278787613, 3, 17.426827430725098, 442, 100000, 8.444998741149902, 23315.869140625
2406, 1316.934089511633, 1, 21.1017324924469, 514, 100000, 8.301243782043457, 23316.44140625
2407, -9283.070467948914, 2, 9.889861345291138, 334, 100000, 8.856376647949219, 23305.13671875
2408, 2215.5395226180553, 1, 9.29489803314209, 380, 100000, 9.144899368286133, 23440.2578125
2409, -278.02421605587006, 1, 22.50682258605957, 876, 100000, 8.791267395019531, 23445.3359375
2410, -4230.064084470272, 4, 25.265320539474487, 998, 100000, 9.568537712097168, 23452.052734375
2411, 1897.235409617424, 1, 7.862033128738403, 326, 100000, 8.673418998718262, 23513.29296875
2412, -3712.0479223132133, 3, 11.030797243118286, 453, 100000, 9.256014823913574, 23542.056640625
2413, -7057.995875954628, 4, 24.765889883041382, 998, 100000, 8.899642944335938, 23566.98828125
2414, 1874.8224313855171, 1, 8.419959306716919, 332, 100000, 9.429919242858887, 23562.001953125
2415, -3151.707759976387, 3, 4.8047051429748535, 203, 100000, 8.406707763671875, 23704.357421875
2416, -7742.328525364399, 2, 16.164988040924072, 662, 100000, 9.264641761779785, 23661.701171875
2417, -8047.737359821796, 2, 11.685182571411133, 487, 100000, 9.162713050842285, 23848.712890625
2418, 1357.0139450579882, 1, 14.683850049972534, 581, 100000, 9.440348625183105, 23876.759765625
2419, 1645.2959076166153, 1, 13.901185750961304, 571, 100000, 9.262828826904297, 23983.53515625
2420, -3311.853257060051, 2, 4.014010667800903, 172, 100000, 8.525031089782715, 23628.322265625
2421, 2114.50977987051, 1, 6.474971771240234, 268, 100000, 8.965070724487305, 23997.46875
2422, 578.838841021061, 1, 20.9777410030365, 830, 100000, 8.972733497619629, 23961.390625
2423, -2180.215524047613, 4, 26.120766162872314, 998, 100000, 9.159672737121582, 23945.755859375
2424, -4232.543872594833, 2, 11.334310531616211, 475, 100000, 9.164475440979004, 23934.1640625
2425, 1454.8506077826023, 1, 14.610747575759888, 601, 100000, 9.622122764587402, 23939.693359375
2426, -4061.2158636450768, 4, 24.92437720298767, 998, 100000, 9.214289665222168, 24067.517578125
2427, -3656.0039702653885, 3, 12.883660554885864, 516, 100000, 8.955635070800781, 23982.904296875
2428, 1322.7133763432503, 1, 14.982449293136597, 619, 100000, 8.767579078674316, 23953.5859375
2429, 717.5207707732916, 1, 21.446439266204834, 868, 100000, 9.229762077331543, 24083.28125
2430, -10498.680770397186, 2, 22.7415030002594, 921, 100000, 9.769147872924805, 24057.921875
2431, 1881.7726339697838, 1, 10.889714241027832, 428, 100000, 9.583002090454102, 24024.150390625
2432, -4549.990537881851, 2, 18.108526945114136, 739, 100000, 8.955310821533203, 23994.427734375
2433, -4366.153045475483, 4, 24.510359287261963, 998, 100000, 9.261567115783691, 24261.666015625
2434, -3544.084943175316, 3, 12.94007658958435, 544, 100000, 9.544927597045898, 24291.626953125
2435, 1698.4033557772636, 1, 10.972973108291626, 461, 100000, 9.465486526489258, 24169.390625
2436, -1130.372360765934, 1, 19.363707065582275, 780, 100000, 9.370626449584961, 24343.517578125
2437, -3717.236370444298, 3, 12.452451944351196, 493, 100000, 8.91104793548584, 24248.669921875
2438, 1927.5370185375214, 1, 7.497319936752319, 317, 100000, 10.24755859375, 24140.16015625
2439, -104.86050340533257, 1, 18.441171884536743, 755, 100000, 9.860756874084473, 24422.787109375
2440, -10357.60932457447, 2, 16.203980922698975, 639, 100000, 9.618904113769531, 24419.447265625
2441, 1837.323080420494, 1, 8.736266851425171, 357, 100000, 9.505448341369629, 24529.453125
2442, 1805.612024858594, 1, 10.006103038787842, 418, 100000, 9.31651496887207, 24654.34765625
2443, 1849.712513744831, 1, 9.868027687072754, 398, 100000, 9.403790473937988, 24578.34765625
2444, -2847.97914737463, 4, 24.54811930656433, 998, 100000, 9.245895385742188, 24622.29296875
2445, 982.903555393219, 1, 10.711243867874146, 445, 100000, 9.171527862548828, 24674.419921875
2446, -1990.392411917448, 4, 24.997578382492065, 998, 100000, 8.90560531616211, 24655.6484375
2447, 2034.9959829449654, 1, 6.810118675231934, 276, 100000, 9.171298027038574, 24510.388671875
2448, -2797.2156722545624, 3, 4.844115734100342, 203, 100000, 9.328580856323242, 24278.591796875
2449, 1951.1776595711708, 1, 11.704434633255005, 486, 100000, 9.353602409362793, 24514.033203125
2450, -10359.785088181496, 2, 14.18136739730835, 585, 100000, 9.214211463928223, 24651.54296875
2451, -9870.205447852612, 2, 15.826429843902588, 650, 100000, 9.643112182617188, 24735.51171875
2452, 1549.8203715384007, 1, 13.522605895996094, 559, 100000, 9.190250396728516, 24993.775390625
2453, -1158.769820034504, 1, 21.43274974822998, 856, 100000, 8.87816333770752, 24952.48046875
2454, 225.67147374153137, 1, 19.58520269393921, 804, 100000, 9.231681823730469, 25017.16015625
2455, -2635.311021089554, 3, 2.1335270404815674, 96, 100000, 8.17486572265625, 24046.392578125
2456, 1255.6663599908352, 1, 16.505051136016846, 670, 100000, 9.838726997375488, 24833.966796875
2457, -7095.08186173439, 2, 11.363603115081787, 479, 100000, 8.829948425292969, 24737.3203125
2458, 1894.1315616369247, 1, 11.284941911697388, 449, 100000, 9.56033706665039, 24904.681640625
2459, -8570.933961510658, 2, 12.944777727127075, 514, 100000, 9.814302444458008, 25099.43359375
2460, 1832.7611064314842, 1, 7.86524510383606, 314, 100000, 9.39141845703125, 25003.443359375
2461, -3356.5699483454227, 4, 24.747337818145752, 998, 100000, 9.422951698303223, 25090.89453125
2462, 1870.9926290810108, 1, 8.007635116577148, 335, 100000, 9.169705390930176, 24903.224609375
2463, 863.9980034083128, 1, 20.038267612457275, 790, 100000, 9.65316104888916, 25079.185546875
2464, -7011.315627336502, 3, 15.190656900405884, 631, 100000, 9.458699226379395, 25019.28515625
2465, 2004.5567046701908, 1, 7.150079250335693, 299, 100000, 10.022619247436523, 25247.7265625
2466, 540.6977872401476, 1, 20.65488052368164, 811, 100000, 9.58574104309082, 25219.34375
2467, -3311.7654454112053, 4, 24.35800528526306, 998, 100000, 9.7732572555542, 25261.7265625
2468, 1133.0540413558483, 1, 14.572437286376953, 579, 100000, 9.380599975585938, 25032.5703125
2469, -6342.19345676899, 2, 9.739112615585327, 412, 100000, 9.626707077026367, 25322.3515625
2470, 570.7687683105469, 1, 14.876413106918335, 620, 100000, 10.151646614074707, 25308.455078125
2471, -9250.460977315903, 2, 14.162183046340942, 569, 100000, 9.5681791305542, 25323.71875
2472, 1642.4255366325378, 1, 11.637347936630249, 488, 100000, 9.948751449584961, 25382.38671875
2473, -3536.5603581666946, 2, 7.499118328094482, 310, 100000, 9.671607971191406, 25317.265625
2474, 1989.3475826978683, 1, 7.896336555480957, 327, 100000, 8.863532066345215, 25332.35546875
2475, -4779.491104602814, 4, 24.54500961303711, 998, 100000, 9.90593433380127, 25556.955078125
2476, 1829.480348289013, 1, 12.364030599594116, 510, 100000, 9.968345642089844, 25499.828125
2477, -11092.739172697067, 2, 19.230509042739868, 768, 100000, 9.761358261108398, 25576.703125
2478, -3351.799179136753, 3, 11.789022207260132, 490, 100000, 10.210988998413086, 25856.798828125
2479, 1764.4688940048218, 1, 7.780835866928101, 326, 100000, 10.084153175354004, 25806.947265625
2480, -2811.495707631111, 2, 4.6788623332977295, 193, 100000, 8.869577407836914, 25425.30078125
2481, 1765.9321302473545, 1, 10.904451370239258, 453, 100000, 10.648086547851562, 25850.048828125
2482, -3900.4856061935425, 4, 24.74832272529602, 998, 100000, 9.594258308410645, 25861.11328125
2483, 1357.3835726976395, 1, 13.298482894897461, 550, 100000, 9.077977180480957, 25722.23046875
2484, 1291.9029102623463, 1, 17.945207834243774, 726, 100000, 9.885048866271973, 25705.416015625
2485, -2151.7502510249615, 4, 24.92758584022522, 998, 100000, 9.49946403503418, 25846.556640625
2486, 242.91817820072174, 1, 17.790727376937866, 727, 100000, 9.46130657196045, 25732.462890625
2487, -3886.889358639717, 2, 15.143189191818237, 592, 100000, 9.281561851501465, 25679.806640625
2488, 497.9833062887192, 1, 10.510839700698853, 438, 100000, 9.26113224029541, 25619.98828125
2489, -4548.014781177044, 3, 17.738146543502808, 715, 100000, 9.441967964172363, 25633.125
2490, 2286.820809006691, 1, 4.199491739273071, 176, 100000, 8.745355606079102, 25671.1875
2491, -4363.6663872003555, 4, 24.92854404449463, 998, 100000, 9.785841941833496, 25790.310546875
2492, 2344.012322306633, 1, 4.299838542938232, 182, 100000, 9.006051063537598, 25667.060546875
2493, 1759.5281150639057, 1, 10.723772287368774, 439, 100000, 9.659174919128418, 25745.734375
2494, 1981.0252303183079, 1, 8.939302206039429, 369, 100000, 10.94837760925293, 25633.853515625
2495, 765.462383210659, 1, 21.72303056716919, 877, 100000, 9.782430648803711, 25736.818359375
2496, -4104.131769478321, 4, 25.404528617858887, 998, 100000, 9.513571739196777, 25933.087890625
2497, -3083.212602376938, 4, 24.729984045028687, 998, 100000, 9.398262023925781, 25826.0546875
2498, 1921.0367122292519, 1, 7.739265203475952, 325, 100000, 9.791580200195312, 25849.09765625
2499, 1113.8179305791855, 1, 17.885795831680298, 705, 100000, 10.163653373718262, 25977.466796875
2500, -2463.5022383332253, 4, 24.854081392288208, 998, 100000, 9.493226051330566, 25920.951171875
2501, 1953.9471592903137, 1, 10.245964288711548, 422, 100000, 9.22142219543457, 25663.359375
2502, -3592.202921152115, 4, 24.968631505966187, 998, 100000, 9.228827476501465, 25761.01171875
2503, -1525.301272302866, 1, 23.986183404922485, 954, 100000, 9.289819717407227, 25841.96875
2504, -3408.3938792943954, 3, 10.19283652305603, 407, 100000, 8.880683898925781, 25578.0390625
2505, 2361.72062112391, 1, 4.187463998794556, 171, 100000, 9.243064880371094, 25619.486328125
2506, -5221.915701210499, 2, 20.99626922607422, 855, 100000, 9.187448501586914, 25831.322265625
2507, 1332.3264703601599, 1, 16.614049196243286, 684, 100000, 9.276246070861816, 25984.171875
2508, -7107.712092280388, 2, 13.669234275817871, 570, 100000, 9.067715644836426, 25993.654296875
2509, 2025.0881564617157, 1, 10.547166109085083, 435, 100000, 8.382091522216797, 25964.912109375
2510, -5828.465117931366, 2, 10.058221578598022, 404, 100000, 9.08332347869873, 25928.62890625
2511, 2342.5787848830223, 1, 4.39049768447876, 176, 100000, 9.878907203674316, 25755.439453125
2512, -3635.1911153793335, 2, 3.4147753715515137, 150, 100000, 9.930261611938477, 25809.537109375
2513, -4986.485926568508, 2, 12.405631065368652, 506, 100000, 8.710359573364258, 26107.84375
2514, -4131.733125567436, 4, 24.81341862678528, 998, 100000, 9.50762939453125, 26191.837890625
2515, 2385.6294996738434, 1, 4.354166746139526, 172, 100000, 9.662845611572266, 25932.2421875
2516, -4711.72211766243, 4, 25.775639533996582, 998, 100000, 9.379463195800781, 26109.84375
2517, 1786.8921642303467, 1, 7.157727241516113, 305, 100000, 9.928055763244629, 26006.802734375
2518, 1682.6431375741959, 1, 11.122508525848389, 462, 100000, 10.012917518615723, 26069.642578125
2519, -548.1273647546768, 1, 24.2628390789032, 989, 100000, 9.458462715148926, 26145.41015625
2520, -785.1238957047462, 1, 22.64584231376648, 915, 100000, 9.474973678588867, 26196.40625
2521, -3630.744223356247, 3, 11.320909261703491, 473, 100000, 9.033797264099121, 26184.095703125
2522, -3533.213403582573, 3, 13.42784070968628, 561, 100000, 9.164727210998535, 25956.6875
2523, 2340.2078251838684, 1, 4.455600261688232, 178, 100000, 8.955523490905762, 25850.517578125
2524, -3015.075968205929, 4, 24.68984293937683, 998, 100000, 8.983738899230957, 26126.109375
2525, 2173.825744509697, 1, 9.553734540939331, 379, 100000, 9.2658109664917, 26076.123046875
2526, -1661.1786883920431, 4, 24.862662315368652, 998, 100000, 9.309892654418945, 26150.177734375
2527, -7371.304815590382, 2, 17.935803413391113, 734, 100000, 8.96899700164795, 25800.53125
2528, 1989.5674698352814, 1, 11.026453495025635, 459, 100000, 9.416799545288086, 25683.865234375
2529, -5878.810037493706, 3, 9.080151557922363, 384, 100000, 9.22603702545166, 25910.333984375
2530, -4833.048304915428, 2, 11.92966365814209, 495, 100000, 9.101017951965332, 25958.669921875
2531, 1645.9236633777618, 1, 12.328117609024048, 506, 100000, 9.754822731018066, 25901.3046875
2532, -2713.9597631692886, 4, 25.18429660797119, 998, 100000, 9.120057106018066, 25907.400390625
2533, -4851.883785009384, 2, 15.454095602035522, 637, 100000, 9.156099319458008, 25944.443359375
2534, -311.00827291607857, 1, 21.85260033607483, 877, 100000, 9.50823974609375, 26074.693359375
2535, 631.1056270003319, 1, 14.319879055023193, 591, 100000, 9.214941024780273, 25835.728515625
2536, 1534.31416785717, 1, 18.24015164375305, 736, 100000, 9.578507423400879, 25936.0625
2537, 854.3072110712528, 1, 14.250182390213013, 585, 100000, 8.870258331298828, 25903.38671875
2538, -3221.3449552059174, 2, 7.0419762134552, 280, 100000, 8.914144515991211, 25752.97265625
2539, 1995.6569084078074, 1, 11.079526901245117, 435, 100000, 9.13684368133545, 25878.3671875
2540, -4737.625143408775, 3, 14.348316192626953, 569, 100000, 9.126742362976074, 26004.638671875
2541, -6566.040744781494, 2, 14.147175073623657, 585, 100000, 9.213946342468262, 25986.345703125
2542, 1441.0361017286777, 1, 16.475131034851074, 673, 100000, 8.777276992797852, 26021.037109375
2543, -12390.680307745934, 2, 17.739695072174072, 703, 100000, 8.981595993041992, 26251.9375
2544, 2007.7043893039227, 1, 7.520976781845093, 314, 100000, 9.758444786071777, 26427.20703125
2545, 1507.5795110464096, 1, 11.334862470626831, 471, 100000, 8.752167701721191, 26250.791015625
2546, 973.2887610197067, 1, 11.824789762496948, 487, 100000, 8.92818832397461, 26265.9140625
2547, -2104.2237186431885, 3, 0.04593038558959961, 4, 100000, 3.3282439708709717, 12840.7763671875
2548, -2861.8675388097763, 4, 24.967930555343628, 998, 100000, 8.898157119750977, 26327.595703125
2549, 1970.1373108029366, 1, 6.5396647453308105, 273, 100000, 9.861061096191406, 26161.9609375
2550, -2455.826501876116, 4, 25.094794273376465, 998, 100000, 9.863614082336426, 26310.37109375
2551, 1874.849132195115, 1, 11.948776960372925, 494, 100000, 9.244597434997559, 26137.771484375
2552, 280.1903328001499, 1, 18.33739709854126, 729, 100000, 9.052062034606934, 26249.53125
2553, -894.8649691939354, 1, 19.091262817382812, 775, 100000, 9.136281967163086, 26265.79296875
2554, -1220.050645828247, 1, 21.803463459014893, 879, 100000, 9.139531135559082, 26395.12890625
2555, -2613.595244884491, 3, 0.6249992847442627, 30, 100000, 8.820881843566895, 24510.521484375
2556, 1771.4093568325043, 1, 11.934074878692627, 493, 100000, 9.393523216247559, 26479.412109375
2557, -3020.296686768532, 4, 25.02258276939392, 998, 100000, 9.482710838317871, 26639.408203125
2558, 984.4615644216537, 1, 17.007014751434326, 692, 100000, 10.144156455993652, 26545.353515625
2559, 51.60560354590416, 1, 19.64277482032776, 792, 100000, 9.229827880859375, 26462.0
2560, -5674.221108317375, 4, 25.026549577713013, 998, 100000, 9.476607322692871, 26548.349609375
2561, 1994.6384331285954, 1, 6.155738830566406, 259, 100000, 9.138726234436035, 26335.80859375
2562, -3634.62491106987, 4, 24.87958025932312, 998, 100000, 9.76318073272705, 26494.98046875
2563, 1454.4462051689625, 1, 14.257607221603394, 584, 100000, 9.457202911376953, 26112.7265625
2564, 1297.2918539643288, 1, 13.618756532669067, 555, 100000, 9.669677734375, 26038.1015625
2565, -2552.4089493751526, 3, 1.6426527500152588, 67, 100000, 9.983831405639648, 25578.533203125
2566, -155.3906264603138, 1, 21.53746008872986, 869, 100000, 9.935294151306152, 25736.865234375
2567, -3736.3068905472755, 4, 24.99878978729248, 998, 100000, 9.63708209991455, 25688.6640625
2568, 1543.6819243431091, 1, 16.200809717178345, 653, 100000, 9.831052780151367, 25660.91796875
2569, -8320.205323576927, 2, 16.159860849380493, 653, 100000, 9.96696949005127, 25927.435546875
2570, -3597.6807695627213, 3, 12.80051040649414, 523, 100000, 9.414314270019531, 25785.87890625
2571, -2692.8088153600693, 4, 25.100488901138306, 998, 100000, 9.860058784484863, 25538.83203125
2572, -2914.4325078725815, 3, 8.767455816268921, 362, 100000, 9.815640449523926, 25483.9609375
2573, -10241.785570561886, 2, 13.055436611175537, 532, 100000, 9.370861053466797, 25587.13671875
2574, 1499.7869443297386, 1, 16.439263105392456, 659, 100000, 10.015613555908203, 25793.990234375
2575, -2695.551387190819, 4, 25.122896194458008, 998, 100000, 9.811978340148926, 25669.7578125
2576, 669.4777688980103, 1, 15.22510290145874, 619, 100000, 9.842623710632324, 25633.228515625
2577, -4288.888429939747, 4, 25.525608777999878, 998, 100000, 9.904065132141113, 25615.60546875
2578, -5281.320696949959, 3, 14.350425720214844, 587, 100000, 9.73058032989502, 25752.859375
2579, 1604.0008754730225, 1, 12.0317964553833, 473, 100000, 9.940711975097656, 25747.732421875
2580, 721.100917994976, 1, 13.356664419174194, 545, 100000, 9.216197967529297, 25731.8203125
2581, -4249.404652059078, 4, 25.180044651031494, 998, 100000, 9.565167427062988, 25671.82421875
2582, -6890.054412305355, 2, 14.189656972885132, 583, 100000, 9.39852237701416, 25480.509765625
2583, 1763.4350648671389, 1, 12.835762023925781, 524, 100000, 9.181239128112793, 25279.005859375
2584, -2468.6914736032486, 4, 25.116847038269043, 998, 100000, 9.315258026123047, 25316.40234375
2585, 1502.5866150557995, 1, 13.487957000732422, 551, 100000, 9.108553886413574, 25253.6953125
2586, -3986.8141993284225, 3, 15.86676549911499, 618, 100000, 9.588238716125488, 25283.49609375
2587, 1297.2705705165863, 1, 15.439172267913818, 629, 100000, 9.457405090332031, 25139.302734375
2588, 1129.227964490652, 1, 20.206310272216797, 807, 100000, 9.27455997467041, 25393.482421875
2589, 1458.1178446412086, 1, 12.82344388961792, 524, 100000, 9.417282104492188, 25270.12890625
2590, 283.62225115299225, 1, 20.76410746574402, 810, 100000, 9.605896949768066, 25212.841796875
2591, -3806.283159971237, 3, 7.922653913497925, 334, 100000, 9.083375930786133, 25079.958984375
2592, 2136.4568803310394, 1, 4.6693274974823, 197, 100000, 9.089795112609863, 25170.4140625
2593, -3426.6621844768524, 3, 5.922295331954956, 244, 100000, 10.116398811340332, 25113.568359375
2594, 1250.1372887939215, 1, 13.578835725784302, 559, 100000, 9.63851547241211, 25257.51171875
2595, 1277.3768417835236, 1, 14.182518243789673, 550, 100000, 10.45547103881836, 25294.962890625
2596, -2444.851459622383, 2, 1.6930603981018066, 72, 100000, 8.872217178344727, 24287.173828125
2597, 2079.5906405448914, 1, 6.475892782211304, 272, 100000, 9.969173431396484, 25282.9375
2598, -2550.6415795981884, 4, 24.975178241729736, 998, 100000, 9.923616409301758, 25202.47265625
2599, -3576.773211032152, 3, 13.443680763244629, 553, 100000, 9.466300010681152, 25097.771484375
2600, 2012.8073317706585, 1, 7.32866644859314, 288, 100000, 9.590546607971191, 25002.01171875
2601, 1901.7566854059696, 1, 9.581610679626465, 392, 100000, 9.699742317199707, 24981.439453125
2602, -2279.8993025422096, 4, 26.108782291412354, 998, 100000, 9.512553215026855, 24893.787109375
2603, 2334.630778759718, 1, 4.2208411693573, 176, 100000, 10.058709144592285, 24683.98828125
2604, 1760.8130588531494, 1, 10.072819232940674, 414, 100000, 9.425936698913574, 24998.65234375
2605, 1637.453311741352, 1, 11.140868186950684, 459, 100000, 8.82780647277832, 24894.46484375
2606, -5625.442290961742, 4, 25.083444118499756, 998, 100000, 9.819089889526367, 24751.357421875
2607, 1980.4904193282127, 1, 7.658483505249023, 317, 100000, 9.322839736938477, 24786.501953125
2608, -2866.9308525919914, 2, 4.411577939987183, 184, 100000, 10.383674621582031, 24559.65234375
2609, 1944.2229110598564, 1, 7.756373167037964, 318, 100000, 9.705223083496094, 24937.26171875
2610, -2389.4433676600456, 4, 25.012266874313354, 998, 100000, 9.486345291137695, 24789.509765625
2611, 1155.4629428386688, 1, 16.142404079437256, 654, 100000, 9.981542587280273, 24465.53515625
2612, -12702.60717868805, 4, 24.977448225021362, 998, 100000, 9.777410507202148, 24857.177734375
2613, 1978.0618923008442, 1, 7.8116466999053955, 320, 100000, 9.396642684936523, 24866.515625
2614, -3911.739948928356, 3, 15.729694366455078, 637, 100000, 9.777303695678711, 25085.63671875
2615, -84.15614193677902, 1, 16.585084676742554, 643, 100000, 9.896490097045898, 25186.806640625
2616, 1458.3107229173183, 1, 13.886906147003174, 567, 100000, 9.834685325622559, 25233.25
2617, -540.0104103088379, 1, 22.82848858833313, 904, 100000, 9.822264671325684, 25222.87890625
2618, -4463.39023989439, 2, 7.429891586303711, 306, 100000, 9.273801803588867, 24929.865234375
2619, 110.68154895305634, 1, 17.894697666168213, 719, 100000, 9.721527099609375, 24973.552734375
2620, -2407.2919992506504, 4, 25.001649141311646, 998, 100000, 9.729741096496582, 24731.716796875
2621, 1567.4735092818737, 1, 12.088395357131958, 491, 100000, 9.645912170410156, 24582.5859375
2622, -6269.753008842468, 4, 25.2094407081604, 998, 100000, 9.946980476379395, 24802.380859375
2623, -1437.5907452106476, 1, 19.756298780441284, 764, 100000, 9.871997833251953, 24916.560546875
2624, -2984.435267865658, 2, 5.663240194320679, 237, 100000, 9.12671184539795, 24774.484375
2625, -3286.2239629626274, 2, 9.807410478591919, 400, 100000, 10.099363327026367, 24520.83984375
2626, -3695.4233670830727, 3, 13.70677900314331, 543, 100000, 10.050808906555176, 24731.599609375
2627, 2051.859412699938, 1, 10.546516180038452, 436, 100000, 9.312313079833984, 24568.90625
2628, -4493.868356347084, 2, 11.796692609786987, 471, 100000, 9.460330963134766, 24527.263671875
2629, -3582.2846971154213, 2, 14.340774774551392, 553, 100000, 9.839376449584961, 24482.89453125
2630, -6128.318372964859, 2, 18.966341018676758, 757, 100000, 9.782275199890137, 24685.083984375
2631, 2247.811010852456, 1, 9.110090970993042, 373, 100000, 9.417130470275879, 24659.287109375
2632, 538.6927561163902, 1, 19.185294151306152, 771, 100000, 9.563629150390625, 24624.529296875
2633, -5050.0217733979225, 3, 13.431894779205322, 553, 100000, 9.442328453063965, 24584.61328125
2634, -4646.6737949848175, 3, 13.393477201461792, 518, 100000, 9.403111457824707, 24546.248046875
2635, 1542.8150216937065, 1, 11.915321588516235, 492, 100000, 9.397293090820312, 24648.626953125
2636, 1838.3664275109768, 1, 11.410491228103638, 465, 100000, 8.963583946228027, 24610.390625
2637, 125.24997407197952, 1, 15.03812050819397, 604, 100000, 10.589064598083496, 24698.36328125
2638, -4154.028657793999, 2, 16.638516426086426, 644, 100000, 10.091418266296387, 24534.140625
2639, 1822.5086949765682, 1, 11.797581672668457, 482, 100000, 9.801958084106445, 24405.1953125
2640, -2.6544830799102783, 1, 20.279781818389893, 805, 100000, 10.280022621154785, 24341.15625
2641, -4854.969235956669, 4, 24.99972939491272, 998, 100000, 9.733168601989746, 24301.470703125
2642, 1455.047622680664, 1, 10.874663352966309, 453, 100000, 9.749444961547852, 24221.765625
2643, -1737.8621527552605, 1, 20.807096481323242, 823, 100000, 9.60610580444336, 24252.994140625
2644, -2743.28473842144, 4, 25.240832567214966, 998, 100000, 9.952971458435059, 24355.607421875
2645, 2310.6998051702976, 1, 4.853499174118042, 189, 100000, 9.44115924835205, 24288.349609375
2646, -4878.409641623497, 4, 25.56439208984375, 998, 100000, 9.945001602172852, 24341.4296875
2647, 2382.808739542961, 1, 4.409466981887817, 184, 100000, 9.316659927368164, 24001.798828125
2648, -3550.0181698799133, 2, 5.085183620452881, 212, 100000, 9.924295425415039, 24162.224609375
2649, 1795.835149049759, 1, 12.008177757263184, 476, 100000, 9.462200164794922, 24312.724609375
2650, -3791.061366558075, 4, 25.336524486541748, 998, 100000, 10.072137832641602, 24419.314453125
2651, -94.6301340162754, 1, 18.8724946975708, 758, 100000, 9.888856887817383, 24525.1484375
2652, -3118.607387304306, 3, 10.784672737121582, 420, 100000, 9.128993034362793, 24570.251953125
2653, 2341.9626676142216, 1, 4.449599742889404, 185, 100000, 10.620078086853027, 24547.16015625
2654, -1316.6918764710426, 1, 23.301734924316406, 928, 100000, 10.375353813171387, 24420.12890625
2655, -5006.29173207283, 2, 11.089039087295532, 462, 100000, 10.216317176818848, 24646.298828125
2656, -3285.0691292881966, 3, 9.92049765586853, 405, 100000, 9.618870735168457, 24560.923828125
2657, -4126.6449374854565, 3, 13.7982177734375, 558, 100000, 10.662139892578125, 24593.927734375
2658, -8172.2555230259895, 2, 16.339102268218994, 652, 100000, 10.224002838134766, 24672.458984375
2659, -4651.133142828941, 2, 11.736069440841675, 455, 100000, 10.038375854492188, 24779.51953125
2660, 944.8439555168152, 1, 19.25616955757141, 773, 100000, 9.826910018920898, 24760.955078125
2661, -3767.4267575740814, 2, 8.77518343925476, 362, 100000, 9.919224739074707, 24674.318359375
2662, 1920.9080566167831, 1, 9.786935329437256, 399, 100000, 10.00039005279541, 24766.859375
2663, 1424.533509194851, 1, 11.693933963775635, 475, 100000, 9.974740982055664, 24738.404296875
2664, -5485.526421546936, 4, 25.79186463356018, 998, 100000, 10.768110275268555, 24895.171875
2665, -4386.738573014736, 2, 8.000358581542969, 329, 100000, 11.046211242675781, 24897.427734375
2666, -3163.7126817703247, 2, 10.384341478347778, 415, 100000, 9.213885307312012, 25053.357421875
2667, 590.5950952172279, 1, 20.48516297340393, 760, 100000, 11.254377365112305, 24944.892578125
2668, -5136.064522922039, 4, 25.073291778564453, 998, 100000, 10.584539413452148, 25073.56640625
2669, 917.3294079005718, 1, 15.005630493164062, 609, 100000, 10.883838653564453, 25170.14453125
2670, 590.9571370184422, 1, 13.636811017990112, 551, 100000, 10.313888549804688, 25191.6640625
2671, -2732.2412152290344, 3, 1.6365058422088623, 71, 100000, 9.621496200561523, 24886.3125
2672, 2144.4953020513058, 1, 9.70832896232605, 393, 100000, 10.381553649902344, 25103.5625
2673, -4123.142883479595, 2, 8.985173225402832, 368, 100000, 10.193412780761719, 25028.94921875
2674, -4018.401470065117, 2, 11.449408292770386, 467, 100000, 10.832962989807129, 25314.94140625
2675, -4192.695085316896, 2, 11.480740308761597, 454, 100000, 10.332813262939453, 25032.0546875
2676, -2662.6796461343765, 3, 8.777257680892944, 358, 100000, 10.37437629699707, 25156.640625
2677, -3438.475655257702, 3, 12.792697429656982, 517, 100000, 10.776723861694336, 25155.35546875
2678, 1069.9713384211063, 1, 19.33634853363037, 756, 100000, 11.35241985321045, 25251.763671875
2679, -3317.4774693250656, 2, 8.352158546447754, 338, 100000, 10.969970703125, 25154.259765625
2680, -3289.641469836235, 3, 12.030390501022339, 478, 100000, 10.413917541503906, 25356.73046875
2681, -310.9712711274624, 1, 23.004088640213013, 906, 100000, 10.17053508758545, 25220.01953125
2682, -4841.553435146809, 2, 21.500330209732056, 859, 100000, 10.244348526000977, 25105.857421875
2683, 2175.8811846375465, 1, 9.726460456848145, 377, 100000, 11.249953269958496, 24865.49609375
2684, -5233.327494978905, 2, 23.120479583740234, 914, 100000, 10.528095245361328, 24912.302734375
2685, 1380.7754725515842, 1, 16.96089220046997, 656, 100000, 10.845973014831543, 24903.568359375
2686, -685.1736027598381, 1, 18.19124150276184, 705, 100000, 10.448083877563477, 24975.35546875
2687, -4372.612777233124, 2, 25.31637954711914, 975, 100000, 10.31977367401123, 24886.982421875
2688, 1820.3203842937946, 1, 11.15070366859436, 457, 100000, 10.825870513916016, 24866.96875
2689, -6520.266221284866, 2, 6.525845527648926, 268, 100000, 10.457651138305664, 24992.802734375
2690, 2187.9305570721626, 1, 9.714581966400146, 384, 100000, 10.707039833068848, 24872.998046875
2691, -3350.6410501003265, 4, 25.383106231689453, 998, 100000, 10.473548889160156, 25045.359375
2692, 695.7668851017952, 1, 17.37168025970459, 676, 100000, 10.392793655395508, 24943.189453125
2693, -6159.431235194206, 2, 16.47337794303894, 664, 100000, 10.647176742553711, 25128.712890625
2694, -2800.0282602906227, 3, 8.685441970825195, 356, 100000, 9.948665618896484, 25225.3125
2695, 201.44748410582542, 1, 24.627562999725342, 944, 100000, 10.324553489685059, 25269.0078125
2696, -7594.653667926788, 3, 22.568281650543213, 907, 100000, 10.496278762817383, 25366.39453125
2697, 1957.9284807443619, 1, 10.843310594558716, 445, 100000, 10.489187240600586, 25229.517578125
2698, -8081.028625965118, 4, 25.157631874084473, 998, 100000, 11.159440040588379, 25567.876953125
2699, -4370.698996722698, 2, 10.64574646949768, 433, 100000, 11.07912540435791, 25402.1875
2700, 2076.903368383646, 1, 10.710445165634155, 434, 100000, 10.76942253112793, 25698.748046875
2701, -4166.13122522831, 3, 9.219513893127441, 364, 100000, 11.480204582214355, 25366.3984375
2702, 1695.0819333791733, 1, 11.654817819595337, 471, 100000, 11.201881408691406, 25483.9609375
2703, -4701.890431165695, 2, 8.456587553024292, 344, 100000, 10.933576583862305, 25342.7421875
2704, -3115.795815527439, 3, 12.342994213104248, 484, 100000, 10.748147010803223, 25582.73046875
2705, 1295.483899563551, 1, 15.88610577583313, 633, 100000, 10.846064567565918, 25491.814453125
2706, -3788.9923626184464, 2, 8.542625904083252, 336, 100000, 10.371140480041504, 25418.158203125
2707, 1817.122386097908, 1, 7.8546836376190186, 320, 100000, 10.948064804077148, 25604.11328125
2708, -2748.709760069847, 4, 25.37959909439087, 998, 100000, 11.174510955810547, 25615.986328125
2709, -1404.1139254570007, 1, 22.74783992767334, 877, 100000, 10.795902252197266, 25707.94921875
2710, -3528.8356618881226, 2, 6.199690103530884, 256, 100000, 10.60607624053955, 25579.814453125
2711, 1820.7429144382477, 1, 7.66041374206543, 314, 100000, 10.8716402053833, 25968.470703125
2712, -4222.999524712563, 2, 7.356341600418091, 301, 100000, 10.173062324523926, 25605.728515625
2713, -4455.872322320938, 2, 11.432407140731812, 452, 100000, 10.353069305419922, 25530.509765625
2714, -2948.7084312438965, 3, 9.370369672775269, 379, 100000, 10.626646041870117, 25678.8046875
2715, -5913.24072021246, 2, 8.573629140853882, 349, 100000, 10.66669750213623, 25610.744140625
2716, -4313.896526932716, 2, 14.245274066925049, 554, 100000, 10.998668670654297, 25608.275390625
2717, 781.7077277898788, 1, 20.181050539016724, 797, 100000, 10.796931266784668, 25663.9140625
2718, 794.8590631186962, 1, 20.500093460083008, 809, 100000, 10.997343063354492, 25691.810546875
2719, -10429.343021035194, 2, 21.697418928146362, 840, 100000, 10.878381729125977, 25813.884765625
2720, -3672.4095522761345, 3, 13.225959539413452, 542, 100000, 11.40319538116455, 26200.560546875
2721, 863.8728403449059, 1, 20.363924741744995, 779, 100000, 11.21883773803711, 26191.09375
2722, -2056.1513922810555, 4, 25.450201749801636, 998, 100000, 11.26602554321289, 26216.60546875
2723, -7959.765643239021, 2, 22.218010902404785, 878, 100000, 10.985544204711914, 26206.044921875
2724, -2843.556903898716, 4, 25.165051698684692, 998, 100000, 11.32221794128418, 26446.36328125
2725, -8550.853565335274, 4, 25.859780073165894, 998, 100000, 10.540019035339355, 26534.55859375
2726, 1191.9607227742672, 1, 14.996755361557007, 598, 100000, 11.119853973388672, 26710.044921875
2727, -4666.392646312714, 2, 11.859904766082764, 483, 100000, 10.943302154541016, 26637.220703125
2728, -2690.7986965179443, 3, 9.128231048583984, 369, 100000, 10.481855392456055, 26740.384765625
2729, -3342.38547205925, 2, 6.461825370788574, 267, 100000, 10.949213027954102, 26621.33984375
2730, -136.7056218981743, 1, 24.83335781097412, 975, 100000, 10.784897804260254, 26673.375
2731, 150.88672265410423, 1, 20.090252161026, 771, 100000, 10.765667915344238, 26795.626953125
2732, -5131.652665376663, 3, 17.12038779258728, 665, 100000, 10.741976737976074, 26761.53125
2733, -3003.488884150982, 3, 9.214285135269165, 377, 100000, 11.049099922180176, 26804.443359375
2734, 1794.4236311912537, 1, 11.903604507446289, 478, 100000, 10.954480171203613, 26663.880859375
2735, -9015.162024140358, 4, 25.402124881744385, 998, 100000, 11.2494478225708, 27143.33203125
2736, 1894.2692378163338, 1, 6.938494920730591, 284, 100000, 11.02071475982666, 27166.6171875
2737, 990.0356865376234, 1, 15.376176595687866, 612, 100000, 11.98216438293457, 27057.01171875
2738, -2288.3747176229954, 4, 26.140164136886597, 998, 100000, 11.361531257629395, 27146.037109375
2739, -4970.336193919182, 2, 12.692715883255005, 495, 100000, 11.165274620056152, 26805.560546875
2740, 1865.6891864538193, 1, 8.264786958694458, 339, 100000, 10.738301277160645, 26771.521484375
2741, -3863.4500271081924, 2, 6.04502010345459, 248, 100000, 11.41340160369873, 26541.921875
2742, -1610.520713597536, 1, 22.629913330078125, 848, 100000, 10.860689163208008, 26830.037109375
2743, -3520.950673222542, 4, 25.394126176834106, 998, 100000, 11.520509719848633, 26888.75
2744, 2294.028954386711, 1, 4.4918224811553955, 176, 100000, 10.648338317871094, 26444.7265625
2745, 1657.4699670374393, 1, 11.140177249908447, 451, 100000, 11.13916015625, 26646.064453125
2746, 207.00669986009598, 1, 20.4776873588562, 802, 100000, 11.265604019165039, 26771.48828125
2747, -4495.113798856735, 2, 8.234744548797607, 324, 100000, 11.33544635772705, 26409.068359375
2748, 2057.4823092520237, 1, 11.00510835647583, 442, 100000, 10.421110153198242, 26552.0625
2749, -5048.628560066223, 3, 11.156996965408325, 452, 100000, 11.477924346923828, 26625.330078125
2750, 2136.44766458869, 1, 9.401584386825562, 369, 100000, 11.22571849822998, 26723.0546875
2751, -2505.2350675463676, 4, 25.331682205200195, 998, 100000, 11.446626663208008, 26721.830078125
2752, 953.5522648692131, 1, 18.811591148376465, 740, 100000, 10.563141822814941, 26755.82421875
2753, 337.4734428524971, 1, 24.71188998222351, 944, 100000, 10.934025764465332, 26603.94921875
2754, -2324.479028761387, 4, 25.38826012611389, 998, 100000, 10.638076782226562, 26523.46484375
2755, -3516.4977017641068, 3, 12.637354612350464, 493, 100000, 11.259404182434082, 26535.451171875
2756, -3394.427288174629, 4, 25.47295069694519, 998, 100000, 11.305594444274902, 26645.841796875
2757, 1970.360352575779, 1, 11.363356590270996, 437, 100000, 10.746731758117676, 26612.37890625
2758, -5424.517446100712, 2, 14.87924337387085, 596, 100000, 10.92969799041748, 26655.439453125
2759, 1378.057632893324, 1, 16.411329746246338, 649, 100000, 11.348910331726074, 26779.9375
2760, -4111.982096195221, 4, 25.481820344924927, 998, 100000, 11.423632621765137, 26735.9140625
2761, -3927.0925214886665, 3, 12.441844701766968, 498, 100000, 11.331019401550293, 26966.57421875
2762, 2029.1530479192734, 1, 7.961584091186523, 323, 100000, 11.288346290588379, 26801.708984375
2763, -4954.942616939545, 4, 25.694099187850952, 998, 100000, 11.302386283874512, 26903.283203125
2764, 1975.3046856448054, 1, 11.391232967376709, 453, 100000, 10.893453598022461, 26909.21875
2765, -2715.539888858795, 4, 26.120814085006714, 998, 100000, 11.268247604370117, 27017.1484375
2766, -5608.735767900944, 2, 10.623001098632812, 427, 100000, 10.878789901733398, 26936.533203125
2767, 1795.086339622736, 1, 8.749300479888916, 356, 100000, 10.238938331604004, 27113.01953125
2768, 1782.8448510468006, 1, 11.814462900161743, 459, 100000, 10.50909423828125, 27173.2578125
2769, -3826.6088831424713, 2, 5.406425476074219, 220, 100000, 9.839285850524902, 26824.708984375
2770, 1044.1976552307606, 1, 16.508853673934937, 653, 100000, 11.047658920288086, 27338.408203125
2771, -607.1634234786034, 1, 21.569467544555664, 839, 100000, 10.647698402404785, 27253.537109375
2772, -5548.553107023239, 2, 21.16292643547058, 830, 100000, 10.703888893127441, 27292.810546875
2773, 2383.3032010495663, 1, 4.387247085571289, 180, 100000, 10.527408599853516, 27277.421875
2774, 976.3446681201458, 1, 17.563134908676147, 685, 100000, 10.634981155395508, 27505.255859375
2775, -4037.842872798443, 4, 25.429587841033936, 998, 100000, 11.377702713012695, 27653.296875
2776, -2655.4094176888466, 2, 9.028514623641968, 367, 100000, 11.07251262664795, 27589.751953125
2777, 1171.196196258068, 1, 18.48605751991272, 704, 100000, 11.017335891723633, 27543.6640625
2778, 281.7432580292225, 1, 23.515770435333252, 920, 100000, 11.002084732055664, 27720.033203125
2779, 932.0613178014755, 1, 14.662757396697998, 585, 100000, 10.77030086517334, 27574.5859375
2780, 1995.098338574171, 1, 8.861504316329956, 355, 100000, 10.31447982788086, 27208.35546875
2781, -3940.307365298271, 2, 7.777466773986816, 310, 100000, 11.096456527709961, 27135.37109375
2782, 2364.378765940666, 1, 4.153180122375488, 171, 100000, 10.851022720336914, 26631.671875
2783, -1218.299237832427, 1, 17.40137481689453, 681, 100000, 11.097746849060059, 27229.9765625
2784, -7474.660871267319, 2, 18.45186138153076, 719, 100000, 10.592998504638672, 27134.171875
2785, 1850.7568404078484, 1, 8.736205577850342, 339, 100000, 10.930715560913086, 27189.08203125
2786, -3597.7161016464233, 2, 3.695535659790039, 155, 100000, 11.230392456054688, 26923.08203125
2787, -3372.914228141308, 2, 12.457733869552612, 507, 100000, 11.18338680267334, 27283.599609375
2788, -2703.110748529434, 4, 26.10095191001892, 998, 100000, 10.553729057312012, 27215.36328125
2789, 1985.5021108984947, 1, 7.854594469070435, 302, 100000, 11.035962104797363, 27273.23828125
2790, -3464.7166790366173, 4, 26.045830965042114, 998, 100000, 10.761999130249023, 27253.904296875
2791, -3890.5287302732468, 3, 13.969006538391113, 555, 100000, 10.502765655517578, 27185.71484375
2792, 2050.0402114391327, 1, 10.74638843536377, 430, 100000, 11.144853591918945, 27369.708984375
2793, 62.717535972595215, 1, 14.981420278549194, 599, 100000, 10.867330551147461, 27332.65625
2794, -2992.0099107027054, 2, 3.05635666847229, 127, 100000, 10.90551471710205, 26692.76171875
2795, -3284.4271936416626, 4, 25.86235237121582, 998, 100000, 11.261432647705078, 27241.740234375
2796, 775.2584785819054, 1, 16.704763412475586, 656, 100000, 11.087146759033203, 27296.1015625
2797, 37.005753606557846, 1, 23.03865623474121, 884, 100000, 10.521677017211914, 27475.072265625
2798, -740.3615562915802, 1, 16.463348150253296, 634, 100000, 10.805990219116211, 27365.748046875
2799, -3259.177909374237, 3, 4.141865015029907, 169, 100000, 9.857658386230469, 27165.609375
2800, 2387.5437647253275, 1, 4.192833423614502, 168, 100000, 10.717649459838867, 27159.552734375
2801, 2027.5469580888748, 1, 9.43204379081726, 374, 100000, 11.545625686645508, 26989.400390625
2802, -2788.3851447701454, 4, 26.441203594207764, 998, 100000, 11.133134841918945, 27254.56640625
2803, -2805.165570795536, 2, 9.435600757598877, 376, 100000, 10.778951644897461, 26845.53125
2804, -4495.939240813255, 3, 13.280977487564087, 537, 100000, 10.215265274047852, 27312.69140625
2805, 344.70511281490326, 1, 20.092060327529907, 764, 100000, 11.112208366394043, 27165.146484375
2806, 677.8650071173906, 1, 21.879188537597656, 835, 100000, 10.734045028686523, 27302.8671875
2807, -9487.136174321175, 2, 21.380403995513916, 848, 100000, 10.467002868652344, 27238.12890625
2808, 2047.7350968122482, 1, 10.35537075996399, 418, 100000, 11.054701805114746, 27196.361328125
2809, -375.0710504055023, 1, 17.643769025802612, 700, 100000, 11.068312644958496, 27382.736328125
2810, -3700.6652895212173, 4, 25.479623556137085, 998, 100000, 11.017300605773926, 27349.349609375
2811, 849.517635434866, 1, 12.176002740859985, 486, 100000, 11.223824501037598, 27165.400390625
2812, -5194.59638389945, 4, 25.659291982650757, 998, 100000, 10.958785057067871, 27293.787109375
2813, 2369.5786012113094, 1, 4.308133125305176, 179, 100000, 10.219159126281738, 27223.8125
2814, -576.4375748634338, 1, 20.13365340232849, 795, 100000, 11.501496315002441, 27388.68359375
2815, -5839.782903254032, 2, 10.98973560333252, 423, 100000, 10.851075172424316, 27422.138671875
2816, 2188.8214870244265, 1, 9.821546792984009, 381, 100000, 10.907928466796875, 27136.310546875
2817, -5099.5970240831375, 3, 13.22634243965149, 532, 100000, 11.66689395904541, 27417.404296875
2818, 1966.0429981052876, 1, 10.072911262512207, 387, 100000, 11.093788146972656, 27376.072265625
2819, 255.895125284791, 1, 18.3355770111084, 708, 100000, 10.715561866760254, 27493.65625
2820, 876.8282468318939, 1, 13.285443782806396, 540, 100000, 11.204279899597168, 27534.693359375
2821, 2024.8732330352068, 1, 9.248113870620728, 353, 100000, 11.668863296508789, 27304.498046875
2822, 1038.843406289816, 1, 12.165477275848389, 489, 100000, 11.497138977050781, 27337.611328125
2823, 25.509111285209656, 1, 14.9357271194458, 582, 100000, 11.267958641052246, 27577.875
2824, -6240.463573098183, 4, 26.070780754089355, 998, 100000, 11.037433624267578, 27464.10546875
2825, 2382.181001186371, 1, 4.357422351837158, 170, 100000, 10.724546432495117, 27216.919921875
2826, -5119.132287919521, 4, 25.30917978286743, 998, 100000, 10.988566398620605, 27428.234375
2827, 1139.4539948701859, 1, 18.16780948638916, 717, 100000, 10.592273712158203, 27548.138671875
2828, -3404.2211116552353, 4, 25.707661151885986, 998, 100000, 10.947296142578125, 27451.076171875
2829, 246.3213821053505, 1, 16.372652292251587, 648, 100000, 10.09520435333252, 27202.8125
2830, 421.57487493753433, 1, 20.41268253326416, 784, 100000, 10.6981201171875, 27450.818359375
2831, 1826.9395375698805, 1, 11.363800287246704, 461, 100000, 10.677508354187012, 27297.83984375
2832, -2313.845520734787, 4, 25.619162797927856, 998, 100000, 10.557306289672852, 27286.435546875
2833, -3369.4729467630386, 2, 9.63965892791748, 371, 100000, 10.101073265075684, 27063.337890625
2834, -2995.70466285944, 2, 9.294220685958862, 375, 100000, 10.642385482788086, 27261.0390625
2835, 1864.4762456417084, 1, 11.273984670639038, 446, 100000, 10.73416805267334, 26914.302734375
2836, -3153.648195683956, 4, 25.49299669265747, 998, 100000, 10.808765411376953, 27296.5390625
2837, -3767.1721398234367, 3, 13.240225553512573, 526, 100000, 10.77527141571045, 27006.919921875
2838, 2347.3385449945927, 1, 4.5140016078948975, 175, 100000, 9.802061080932617, 26960.740234375
2839, -3453.2428909540176, 4, 25.493476152420044, 998, 100000, 10.301530838012695, 27161.62109375
2840, 2071.280274748802, 1, 10.942991733551025, 418, 100000, 10.093676567077637, 26946.208984375
2841, -2070.0278223752975, 4, 25.53536105155945, 998, 100000, 9.805198669433594, 27060.44921875
2842, -3900.273118019104, 2, 10.835620403289795, 433, 100000, 9.781375885009766, 26996.0078125
2843, 351.3621686398983, 1, 14.306458711624146, 566, 100000, 10.254751205444336, 27098.65234375
2844, 688.1555193662643, 1, 22.5014910697937, 877, 100000, 10.428577423095703, 27156.302734375
2845, -3085.2226691544056, 2, 13.019475936889648, 495, 100000, 10.665125846862793, 26888.845703125
2846, -4303.153371095657, 2, 12.176149368286133, 465, 100000, 11.485759735107422, 26904.044921875
2847, 2321.928668320179, 1, 4.457395076751709, 181, 100000, 10.591176986694336, 27059.107421875
2848, 1953.3382343649864, 1, 9.403847217559814, 380, 100000, 10.516773223876953, 26921.361328125
2849, -2307.272130012512, 4, 26.57698941230774, 998, 100000, 10.357721328735352, 26973.6875
2850, 1991.6043778657913, 1, 6.748783826828003, 275, 100000, 9.986018180847168, 26786.8125
2851, 752.0856495201588, 1, 11.071651935577393, 445, 100000, 10.312679290771484, 26966.1953125
2852, -2640.0181836485863, 4, 25.81292724609375, 998, 100000, 10.721232414245605, 26929.0859375
2853, -5297.996285438538, 3, 12.17158055305481, 485, 100000, 10.608978271484375, 26774.9609375
2854, 969.7399517446756, 1, 14.944730520248413, 594, 100000, 10.551581382751465, 26895.005859375
2855, -3811.172280073166, 3, 14.512675046920776, 577, 100000, 10.68842887878418, 26809.3046875
2856, 200.2765839099884, 1, 19.620139122009277, 760, 100000, 10.24328899383545, 26853.513671875
2857, -8448.549068808556, 2, 25.373608112335205, 985, 100000, 10.55381965637207, 26913.96484375
2858, 1738.0281192660332, 1, 12.79109525680542, 513, 100000, 10.617082595825195, 26860.416015625
2859, 153.77084040641785, 1, 13.96451735496521, 556, 100000, 11.573753356933594, 26896.287109375
2860, -2675.0798962414265, 4, 25.969118118286133, 998, 100000, 11.246732711791992, 26864.5390625
2861, 2018.1705917418003, 1, 7.282367467880249, 291, 100000, 10.94201374053955, 26587.916015625
2862, -3446.631958246231, 2, 6.206496715545654, 257, 100000, 11.027090072631836, 26515.25
2863, 922.3101681768894, 1, 17.381977796554565, 673, 100000, 11.21345043182373, 26708.17578125
2864, -2055.2149028778076, 4, 25.79379653930664, 998, 100000, 10.822650909423828, 26633.46484375
2865, 1202.3250422030687, 1, 16.791340351104736, 636, 100000, 10.119211196899414, 26491.474609375
2866, -10704.921690940857, 2, 11.304784059524536, 464, 100000, 10.810272216796875, 26561.7734375
2867, 2130.996563985944, 1, 6.5605058670043945, 222, 100000, 10.548771858215332, 26632.15625
2868, 1376.7163017988205, 1, 13.445799589157104, 328, 100000, 10.05226993560791, 26596.9296875
