episode, reward, duration, n_steps, epsilon, success_count, memory length
1401, 648.8775103092194, 1.69850754737854, 50, 0.24741245773023876, 0, 100000
1402, -797.854374229908, 3.0392110347747803, 110, 0.24716504527250852, 0, 100000
1403, 2145.161035567522, 18.82341480255127, 685, 0.24691788022723601, 0, 100000
1404, 1459.694706901908, 10.645945310592651, 411, 0.24667096234700878, 0, 100000
1405, -662.7163016200066, 5.254734039306641, 204, 0.24642429138466176, 0, 100000
1406, -145.86477689864114, 10.36795949935913, 407, 0.2461778670932771, 0, 100000
1407, 2148.3514544442296, 21.756717920303345, 850, 0.24593168922618383, 0, 100000
1408, -980.6095820420887, 2.7157788276672363, 103, 0.24568575753695765, 0, 100000
1409, 1517.3494401276112, 11.588435649871826, 452, 0.2454400717794207, 0, 100000
1410, -216.79659131541848, 10.805509567260742, 419, 0.24519463170764128, 0, 100000
1411, -467.107211381197, 6.873542070388794, 263, 0.24494943707593364, 0, 100000
1412, -427.81686425209045, 6.59126353263855, 254, 0.24470448763885772, 0, 100000
1413, 1462.2884594798088, 10.809326171875, 418, 0.24445978315121886, 0, 100000
1414, -642.5132880806923, 5.126600027084351, 202, 0.24421532336806764, 0, 100000
1415, -467.7144643366337, 8.103991985321045, 313, 0.24397110804469957, 0, 100000
1416, -215.40767720714211, 9.472417116165161, 363, 0.24372713693665488, 0, 100000
1417, 1028.6345168352127, 5.28999400138855, 207, 0.24348340979971822, 0, 100000
1418, 513.4352474212646, 0.11231517791748047, 4, 0.2432399263899185, 0, 100000
1419, 1137.4341778159142, 6.405178785324097, 250, 0.2429966864635286, 0, 100000
1420, -570.214063309133, 6.008911371231079, 235, 0.24275368977706507, 0, 100000
1421, -195.99871527031064, 10.340670347213745, 407, 0.24251093608728802, 0, 100000
1422, -478.4355773329735, 6.32889723777771, 245, 0.24226842515120073, 0, 100000
1423, 1004.8302771896124, 5.285314321517944, 204, 0.24202615672604952, 0, 100000
1424, -175.50368605554104, 10.500123977661133, 396, 0.24178413056932346, 0, 100000
1425, -350.96333196759224, 8.03584098815918, 361, 0.24154234643875414, 0, 100000
1426, -450.6634549200535, 5.9985504150390625, 271, 0.24130080409231539, 0, 100000
1427, -239.39993784576654, 10.417137145996094, 474, 0.24105950328822306, 0, 100000
1428, -115.25514665059745, 9.934873580932617, 449, 0.24081844378493483, 0, 100000
1429, 1660.8510883450508, 10.96094274520874, 503, 0.2405776253411499, 0, 100000
1430, -435.2109126076102, 11.312129259109497, 527, 0.24033704771580874, 0, 100000
1431, -129.23212450183928, 11.416011333465576, 528, 0.24009671066809293, 0, 100000
1432, 1712.6512586147292, 11.438057899475098, 536, 0.23985661395742483, 0, 100000
1433, -601.9845134168863, 5.009521245956421, 227, 0.2396167573434674, 0, 100000
1434, 1741.4488821439445, 9.930932760238647, 456, 0.23937714058612394, 0, 100000
1435, 976.5396836437285, 18.14080834388733, 838, 0.23913776344553783, 0, 100000
1436, 1146.712366938591, 5.40332555770874, 247, 0.2388986256820923, 0, 100000
1437, 39.28905585408211, 11.782602548599243, 542, 0.2386597270564102, 0, 100000
1438, 1012.5831499099731, 4.17070198059082, 189, 0.23842106732935378, 0, 100000
1439, 2875.5027629435062, 21.38101577758789, 988, 0.23818264626202443, 0, 100000
1440, -887.5407101688907, 4.014388084411621, 183, 0.2379444636157624, 0, 100000
1441, -451.7802236378193, 6.658048391342163, 300, 0.23770651915214663, 0, 100000
1442, -452.1499741077423, 7.344741106033325, 315, 0.2374688126329945, 0, 100000
1443, -661.9592771604657, 4.118266582489014, 190, 0.23723134382036148, 0, 100000
1444, 457.6676162853837, 13.348244428634644, 613, 0.23699411247654112, 0, 100000
1445, 1043.8718020915985, 4.496777296066284, 202, 0.23675711836406457, 0, 100000
1446, 1839.2269729971886, 10.924975395202637, 501, 0.2365203612457005, 0, 100000
1447, -334.94954788684845, 7.4653613567352295, 337, 0.2362838408844548, 0, 100000
1448, -447.80461286753416, 6.999878406524658, 325, 0.23604755704357036, 0, 100000
1449, 1084.623038187623, 5.263807773590088, 238, 0.2358115094865268, 0, 100000
1450, 2555.2435675156303, 16.75123929977417, 770, 0.23557569797704025, 0, 100000
1451, -574.6196787208319, 4.836152791976929, 220, 0.2353401222790632, 0, 100000
1452, -361.4213055372238, 5.803882837295532, 267, 0.23510478215678413, 0, 100000
1453, -459.48623490333557, 7.696628093719482, 352, 0.23486967737462733, 0, 100000
1454, -272.1387238204479, 6.8090667724609375, 311, 0.2346348076972527, 0, 100000
1455, -205.4475206490606, 11.488887310028076, 529, 0.23440017288955545, 0, 100000
1456, 1709.2097197845578, 9.485185623168945, 438, 0.2341657727166659, 0, 100000
1457, 530.2592161595821, 12.83138656616211, 594, 0.2339316069439492, 0, 100000
1458, -662.1446073055267, 3.445922613143921, 159, 0.23369767533700525, 0, 100000
1459, -698.8359336853027, 3.4489383697509766, 156, 0.23346397766166824, 0, 100000
1460, -394.32656103372574, 6.361676931381226, 291, 0.23323051368400657, 0, 100000
1461, 1068.5888684988022, 4.719732284545898, 220, 0.23299728317032256, 0, 100000
1462, 409.36805629730225, 12.702775001525879, 580, 0.23276428588715223, 0, 100000
1463, 1713.9089713990688, 9.871665716171265, 456, 0.23253152160126508, 0, 100000
1464, -664.898298503831, 4.802542448043823, 219, 0.23229899007966381, 0, 100000
1465, -133.7771461661905, 8.889522314071655, 408, 0.23206669108958414, 0, 100000
1466, 1098.892830133438, 5.174565553665161, 238, 0.23183462439849456, 0, 100000
1467, 1733.9768879264593, 10.838553190231323, 499, 0.23160278977409607, 0, 100000
1468, -264.955511322245, 7.83823037147522, 363, 0.23137118698432196, 0, 100000
1469, -702.8783944249153, 3.4580328464508057, 155, 0.23113981579733764, 0, 100000
1470, 1096.9035708606243, 5.319949150085449, 237, 0.2309086759815403, 0, 100000
1471, -166.61687749624252, 10.149281740188599, 459, 0.23067776730555875, 0, 100000
1472, -490.15759339928627, 12.648436307907104, 579, 0.23044708953825319, 0, 100000
1473, -718.2126113176346, 2.788645029067993, 125, 0.23021664244871493, 0, 100000
1474, -421.01186496019363, 5.609940052032471, 255, 0.22998642580626621, 0, 100000
1475, 1591.6611691713333, 10.327304124832153, 480, 0.22975643938045995, 0, 100000
1476, -540.9200420379639, 4.979322195053101, 225, 0.2295266829410795, 0, 100000
1477, 1003.7750442028046, 3.938469648361206, 180, 0.22929715625813843, 0, 100000
1478, 166.69053192809224, 15.201324939727783, 696, 0.2290678591018803, 0, 100000
1479, -149.02062975498848, 8.475006818771362, 383, 0.22883879124277842, 0, 100000
1480, 2520.540891001001, 17.364363193511963, 791, 0.22860995245153565, 0, 100000
1481, 2353.7054577171803, 17.116798400878906, 781, 0.22838134249908412, 0, 100000
1482, 508.35965925455093, 0.11071133613586426, 4, 0.22815296115658504, 0, 100000
1483, -547.5723989009857, 4.920679330825806, 220, 0.22792480819542846, 0, 100000
1484, -499.01646810770035, 7.6693384647369385, 348, 0.22769688338723304, 0, 100000
1485, 1025.6578283309937, 4.20315408706665, 187, 0.22746918650384582, 0, 100000
1486, 514.464298248291, 0.06962752342224121, 4, 0.22724171731734197, 0, 100000
1487, -706.9667621850967, 4.036340951919556, 179, 0.22701447560002463, 0, 100000
1488, 2429.729606807232, 16.115858554840088, 728, 0.2267874611244246, 0, 100000
1489, 1151.2387902587652, 26.521113395690918, 1206, 0.22656067366330018, 0, 100000
1490, -140.17685513198376, 8.647940158843994, 389, 0.22633411298963688, 0, 100000
1491, -316.3364223241806, 6.188738584518433, 287, 0.22610777887664724, 0, 100000
1492, -482.5609029829502, 8.19185495376587, 367, 0.22588167109777058, 0, 100000
1493, 2289.010990897077, 15.085633754730225, 655, 0.2256557894266728, 0, 100000
1494, 1347.031198080629, 21.743510723114014, 998, 0.22543013363724612, 0, 100000
1495, -399.5920822918415, 6.618582010269165, 297, 0.22520470350360888, 0, 100000
1496, -683.4615821093321, 4.170966625213623, 185, 0.2249794988001053, 0, 100000
1497, -434.51099395751953, 7.967440366744995, 366, 0.2247545193013052, 0, 100000
1498, 714.2037909626961, 16.98971939086914, 769, 0.22452976478200387, 0, 100000
1499, -366.37794056534767, 5.781666994094849, 263, 0.22430523501722185, 0, 100000
1500, -713.8335033580661, 3.5396194458007812, 159, 0.22408092978220462, 0, 100000
1501, -228.45554083539173, 10.153319120407104, 466, 0.2238568488524224, 0, 100000
1502, 1625.8270303569734, 11.409110307693481, 521, 0.22363299200356998, 0, 100000
1503, 1391.1646062135696, 10.42353367805481, 462, 0.22340935901156642, 0, 100000
1504, 1277.5268566387822, 8.412984848022461, 381, 0.22318594965255484, 0, 100000
1505, 511.7945249080658, 0.14726758003234863, 4, 0.22296276370290227, 0, 100000
1506, -930.6245963126421, 1.4754207134246826, 63, 0.22273980093919937, 0, 100000
1507, 623.5191388726234, 16.17052960395813, 733, 0.22251706113826017, 0, 100000
1508, -351.85706958174706, 6.126770496368408, 274, 0.2222945440771219, 0, 100000
1509, 1044.7704802751541, 4.286670684814453, 190, 0.22207224953304477, 0, 100000
1510, 1670.5318262577057, 9.981770753860474, 454, 0.22185017728351172, 0, 100000
1511, -530.3020833730698, 5.218450546264648, 243, 0.2216283271062282, 0, 100000
1512, 1475.6701611280441, 9.557065486907959, 346, 0.22140669877912197, 0, 100000
1513, -836.275059491396, 3.729825735092163, 165, 0.22118529208034285, 0, 100000
1514, -375.0283474624157, 6.366290807723999, 288, 0.2209641067882625, 0, 100000
1515, -240.75633093947545, 8.33943247795105, 375, 0.22074314268147424, 0, 100000
1516, -96.39792948961258, 10.85877251625061, 495, 0.22052239953879277, 0, 100000
1517, 2435.8187770843506, 15.840571403503418, 726, 0.22030187713925398, 0, 100000
1518, 1619.06485958118, 10.344980478286743, 473, 0.22008157526211472, 0, 100000
1519, -496.4319179356098, 5.462144613265991, 249, 0.2198614936868526, 0, 100000
1520, -724.2411993741989, 3.7371795177459717, 136, 0.21964163219316574, 0, 100000
1521, -134.94213720411062, 11.288665294647217, 513, 0.21942199056097256, 0, 100000
1522, -156.0516319667222, 9.060866117477417, 407, 0.2192025685704116, 0, 100000
1523, 2399.8187671750784, 20.150309801101685, 905, 0.21898336600184118, 0, 100000
1524, -818.0077363492455, 4.910202264785767, 224, 0.21876438263583933, 0, 100000
1525, -369.5516041815281, 6.054486513137817, 270, 0.21854561825320348, 0, 100000
1526, 1720.3226033896208, 9.549623727798462, 435, 0.21832707263495027, 0, 100000
1527, 964.9627882540226, 5.709916353225708, 215, 0.21810874556231533, 0, 100000
1528, -17.477398484945297, 10.031065225601196, 456, 0.217890636816753, 0, 100000
1529, -661.7550483942032, 3.4143013954162598, 154, 0.21767274617993623, 0, 100000
1530, 2378.5427789092064, 19.2594792842865, 857, 0.2174550734337563, 0, 100000
1531, -1166.0691052502953, 5.905086278915405, 269, 0.21723761836032254, 0, 100000
1532, -333.0187163501978, 6.6984875202178955, 304, 0.21702038074196223, 0, 100000
1533, 544.789453804493, 16.23270034790039, 744, 0.21680336036122028, 0, 100000
1534, 1740.3241663351655, 9.715482473373413, 448, 0.21658655700085905, 0, 100000
1535, 3369.0354696521536, 24.865139961242676, 1141, 0.2163699704438582, 0, 100000
1536, -516.4142675995827, 5.023256540298462, 227, 0.21615360047341434, 0, 100000
1537, -712.9534449279308, 3.279805898666382, 147, 0.21593744687294092, 0, 100000
1538, 1036.824631690979, 4.293560028076172, 195, 0.21572150942606796, 0, 100000
1539, -709.148413002491, 3.6280477046966553, 164, 0.2155057879166419, 0, 100000
1540, 1137.6434133052826, 5.597898960113525, 251, 0.21529028212872525, 0, 100000
1541, -431.2743279635906, 5.917019367218018, 268, 0.21507499184659654, 0, 100000
1542, -712.0921730101109, 3.054506301879883, 138, 0.21485991685474995, 0, 100000
1543, 1027.0104129314423, 4.256513595581055, 190, 0.2146450569378952, 0, 100000
1544, 966.7601851820946, 18.23422360420227, 827, 0.21443041188095732, 0, 100000
1545, -718.6183354407549, 3.0307796001434326, 136, 0.21421598146907636, 0, 100000
1546, 1685.6628884966485, 10.007341623306274, 459, 0.21400176548760727, 0, 100000
1547, -961.7562860320322, 6.45921778678894, 296, 0.21378776372211966, 0, 100000
1548, -269.8336628228426, 7.904240131378174, 362, 0.21357397595839755, 0, 100000
1549, -303.4931371361017, 7.118211030960083, 323, 0.21336040198243916, 0, 100000
1550, 1715.8282331880182, 9.760091781616211, 450, 0.21314704158045672, 0, 100000
1551, -808.0871387720108, 3.1187798976898193, 141, 0.21293389453887626, 0, 100000
1552, 2391.130897462368, 15.970707416534424, 735, 0.21272096064433738, 0, 100000
1553, -118.08770699426532, 8.270790815353394, 376, 0.21250823968369303, 0, 100000
1554, 2426.98744648695, 15.903193473815918, 724, 0.21229573144400934, 0, 100000
1555, 2099.268842816353, 13.847707986831665, 633, 0.21208343571256533, 0, 100000
1556, -532.400775372982, 4.601815938949585, 207, 0.21187135227685275, 0, 100000
1557, 2434.460225969553, 17.276482582092285, 779, 0.2116594809245759, 0, 100000
1558, 739.0125918202102, 20.91503596305847, 955, 0.21144782144365132, 0, 100000
1559, -672.6600672453642, 3.467191457748413, 156, 0.21123637362220768, 0, 100000
1560, 1665.2733555734158, 9.592878580093384, 433, 0.21102513724858546, 0, 100000
1561, 803.0967836086347, 19.435538053512573, 897, 0.21081411211133688, 0, 100000
1562, 1121.2488243430853, 5.453109264373779, 244, 0.21060329799922556, 0, 100000
1563, -53.86825641989708, 9.594029664993286, 432, 0.21039269470122635, 0, 100000
1564, 1015.7017929553986, 4.18737268447876, 185, 0.21018230200652513, 0, 100000
1565, 513.5863656997681, 0.09485268592834473, 4, 0.2099721197045186, 0, 100000
1566, 256.3182752704015, 15.93567419052124, 726, 0.20976214758481407, 0, 100000
1567, 1121.537868000567, 5.466224908828735, 247, 0.20955238543722926, 0, 100000
1568, 512.7205772399902, 0.13347721099853516, 4, 0.20934283305179202, 0, 100000
1569, -117.16155934333801, 8.99843144416809, 405, 0.20913349021874023, 0, 100000
1570, -711.5494310595095, 4.608828067779541, 206, 0.2089243567285215, 0, 100000
1571, -357.9886848330498, 7.211116790771484, 329, 0.20871543237179296, 0, 100000
1572, -738.636515468359, 3.0561575889587402, 137, 0.20850671693942116, 0, 100000
1573, -347.92307364940643, 6.874114036560059, 309, 0.20829821022248174, 0, 100000
1574, 1113.064041516278, 5.275499105453491, 233, 0.20808991201225926, 0, 100000
1575, -493.5238439589739, 5.406545639038086, 238, 0.207881822100247, 0, 100000
1576, 1061.8644005656242, 4.335502624511719, 199, 0.20767394027814676, 0, 100000
1577, 514.9682402610779, 0.147416353225708, 4, 0.2074662663378686, 0, 100000
1578, 1701.3044771552086, 11.763083457946777, 532, 0.20725880007153075, 0, 100000
1579, -737.5772224664688, 3.139068126678467, 145, 0.20705154127145922, 0, 100000
1580, -278.09858149290085, 8.461081981658936, 363, 0.20684448973018776, 0, 100000
1581, -445.98561441898346, 6.333663702011108, 286, 0.20663764524045758, 0, 100000
1582, -696.1663131713867, 3.2689433097839355, 149, 0.20643100759521713, 0, 100000
1583, 336.18002135679126, 13.516114473342896, 609, 0.20622457658762192, 0, 100000
1584, -224.39380022883415, 7.70212984085083, 352, 0.2060183520110343, 0, 100000
1585, 1059.490520477295, 4.354215383529663, 197, 0.20581233365902327, 0, 100000
1586, 515.0679280757904, 0.07572388648986816, 4, 0.20560652132536425, 0, 100000
1587, -741.117273837328, 3.6951510906219482, 165, 0.20540091480403888, 0, 100000
1588, 1092.480217911303, 5.1386260986328125, 233, 0.20519551388923485, 0, 100000
1589, 1548.8167605400085, 11.187127351760864, 510, 0.20499031837534562, 0, 100000
1590, -896.8017468526959, 3.0330686569213867, 137, 0.20478532805697028, 0, 100000
1591, 1642.347820142284, 9.366655111312866, 426, 0.2045805427289133, 0, 100000
1592, -862.7873564697802, 3.428537130355835, 152, 0.20437596218618437, 0, 100000
1593, 2263.938217431307, 15.048321008682251, 676, 0.2041715862239982, 0, 100000
1594, 1492.6949889361858, 22.365660190582275, 1005, 0.2039674146377742, 0, 100000
1595, 1645.8032560758293, 9.493206977844238, 428, 0.20376344722313644, 0, 100000
1596, -864.5796721577644, 2.162855863571167, 97, 0.2035596837759133, 0, 100000
1597, -698.9036081135273, 3.447350263595581, 157, 0.20335612409213738, 0, 100000
1598, 512.5385356545448, 13.699475288391113, 621, 0.20315276796804524, 0, 100000
1599, -368.485269933939, 8.953068494796753, 391, 0.2029496152000772, 0, 100000
1600, 1147.8744794726372, 5.3880934715271, 242, 0.20274666558487714, 0, 100000
1601, 1527.9304251670837, 9.188275575637817, 411, 0.20254391891929227, 0, 100000
1602, 1330.4939560794737, 8.685566902160645, 390, 0.20234137500037297, 0, 100000
1603, -529.2452805824578, 5.915517807006836, 266, 0.20213903362537258, 0, 100000
1604, 344.5396498441696, 13.77343487739563, 624, 0.2019368945917472, 0, 100000
1605, 1743.3979400992393, 9.91071605682373, 448, 0.20173495769715546, 0, 100000
1606, -870.9749616086483, 2.7063145637512207, 112, 0.2015332227394583, 0, 100000
1607, -709.8355654478073, 3.2537975311279297, 138, 0.20133168951671884, 0, 100000
1608, 1118.6487253904343, 5.4754579067230225, 242, 0.20113035782720212, 0, 100000
1609, 1602.9991193711758, 12.150588512420654, 549, 0.20092922746937492, 0, 100000
1610, -842.2553921192884, 3.4621288776397705, 153, 0.20072829824190555, 0, 100000
1611, -691.4035571217537, 3.34222412109375, 149, 0.20052756994366364, 0, 100000
1612, -145.78138699603733, 9.282512426376343, 417, 0.20032704237371998, 0, 100000
1613, -137.22302269376814, 11.00838851928711, 493, 0.20012671533134627, 0, 100000
1614, -202.85820703115314, 10.16938591003418, 456, 0.19992658861601492, 0, 100000
1615, -290.78359282016754, 6.711275100708008, 301, 0.19972666202739892, 0, 100000
1616, 1143.2796231880784, 5.755300045013428, 259, 0.19952693536537153, 0, 100000
1617, 98.6475684940815, 10.431946516036987, 474, 0.19932740843000615, 0, 100000
1618, -340.371331602335, 7.45157527923584, 341, 0.19912808102157614, 0, 100000
1619, 2355.9192550182343, 15.754584789276123, 712, 0.19892895294055457, 0, 100000
1620, 1994.1278522610664, 12.954366207122803, 574, 0.19873002398761402, 0, 100000
1621, 512.3885850906372, 0.1265859603881836, 4, 0.1985312939636264, 0, 100000
1622, 760.9257874991745, 3.6857378482818604, 161, 0.19833276266966277, 0, 100000
1623, 511.01210474967957, 0.12632012367248535, 4, 0.1981344299069931, 0, 100000
1624, 511.00776743888855, 0.160125732421875, 4, 0.1979362954770861, 0, 100000
1625, -657.1928858458996, 4.045246839523315, 181, 0.197738359181609, 0, 100000
1626, -707.2077055573463, 3.3763794898986816, 151, 0.1975406208224274, 0, 100000
1627, 2339.6988505125046, 15.674846410751343, 677, 0.197343080201605, 0, 100000
1628, -312.01467740535736, 7.416010141372681, 330, 0.19714573712140337, 0, 100000
1629, 645.4803199768066, 16.901774168014526, 765, 0.19694859138428197, 0, 100000
1630, -116.52346026431769, 10.396292686462402, 471, 0.1967516427928977, 0, 100000
1631, 1135.5673727691174, 5.534456729888916, 249, 0.1965548911501048, 0, 100000
1632, 169.04640275985003, 11.214841365814209, 506, 0.19635833625895469, 0, 100000
1633, -114.33705846965313, 9.906984090805054, 444, 0.19616197792269574, 0, 100000
1634, 538.8173466026783, 15.23546028137207, 687, 0.19596581594477305, 0, 100000
1635, 693.697706580162, 15.540024757385254, 714, 0.19576985012882828, 0, 100000
1636, -101.51866075396538, 9.415907621383667, 424, 0.19557408027869944, 0, 100000
1637, 1102.3276476338506, 5.354276418685913, 239, 0.19537850619842073, 0, 100000
1638, 1028.3960841298103, 5.819278717041016, 259, 0.19518312769222232, 0, 100000
1639, 672.5085697527975, 15.813147068023682, 715, 0.19498794456453009, 0, 100000
1640, 1685.3187685497105, 9.999840021133423, 449, 0.19479295661996557, 0, 100000
1641, -200.2572304829955, 8.121666431427002, 357, 0.1945981636633456, 0, 100000
1642, -651.8810987174511, 3.7785444259643555, 172, 0.19440356549968224, 0, 100000
1643, -338.42821365594864, 6.943040132522583, 293, 0.19420916193418256, 0, 100000
1644, 705.4900375008583, 15.997412919998169, 721, 0.19401495277224837, 0, 100000
1645, -743.9033333957195, 3.6626620292663574, 140, 0.19382093781947612, 0, 100000
1646, -234.4172055721283, 9.210475444793701, 417, 0.19362711688165665, 0, 100000
1647, 1105.332157254219, 5.545528888702393, 248, 0.193433489764775, 0, 100000
1648, -53.44285452365875, 8.736570835113525, 393, 0.19324005627501023, 0, 100000
1649, -641.2158684134483, 4.169065952301025, 185, 0.1930468162187352, 0, 100000
1650, -138.47077494859695, 9.530583143234253, 430, 0.19285376940251647, 0, 100000
1651, -84.48067100346088, 10.602704286575317, 483, 0.19266091563311397, 0, 100000
1652, -244.38868495821953, 8.022815465927124, 361, 0.19246825471748086, 0, 100000
1653, 1052.92022305727, 4.40223503112793, 197, 0.1922757864627634, 0, 100000
1654, 1843.6770126000047, 11.725988626480103, 521, 0.1920835106763006, 0, 100000
1655, -743.7140227714553, 3.8220937252044678, 167, 0.19189142716562432, 0, 100000
1656, -688.3935851156712, 3.957242250442505, 161, 0.1916995357384587, 0, 100000
1657, -279.2963407635689, 6.851571559906006, 311, 0.19150783620272022, 0, 100000
1658, 1124.0454299487174, 5.370281219482422, 240, 0.1913163283665175, 0, 100000
1659, 177.96209254860878, 11.43363332748413, 512, 0.19112501203815097, 0, 100000
1660, -195.43829882424325, 10.216207027435303, 457, 0.1909338870261128, 0, 100000
1661, 1783.0782299488783, 10.580418825149536, 474, 0.19074295313908668, 0, 100000
1662, -101.24948606593534, 10.862919807434082, 486, 0.1905522101859476, 0, 100000
1663, -652.4398176372051, 3.99859619140625, 180, 0.19036165797576166, 0, 100000
1664, 1719.543009698391, 10.20785117149353, 457, 0.1901712963177859, 0, 100000
1665, -855.5858410596848, 3.469416856765747, 154, 0.1899811250214681, 0, 100000
1666, -629.3301326036453, 4.239234685897827, 191, 0.18979114389644663, 0, 100000
1667, 1720.1234568953514, 10.543207168579102, 475, 0.1896013527525502, 0, 100000
1668, 983.6664349809289, 5.0463547706604, 227, 0.18941175139979763, 0, 100000
1669, -177.02716983575374, 10.373111009597778, 469, 0.18922233964839782, 0, 100000
1670, 574.4676164248958, 14.748838663101196, 671, 0.18903311730874942, 0, 100000
1671, 1012.3383505344391, 4.147610425949097, 177, 0.18884408419144066, 0, 100000
1672, -761.1132002640516, 4.569035530090332, 176, 0.1886552401072492, 0, 100000
1673, 1541.1366059482098, 10.048452138900757, 383, 0.18846658486714196, 0, 100000
1674, -218.8407538831234, 10.56508493423462, 403, 0.1882781182822748, 0, 100000
1675, 961.1125941872597, 4.234110116958618, 164, 0.18808984016399252, 0, 100000
1676, -804.1355935931206, 3.739576578140259, 145, 0.18790175032382853, 0, 100000
1677, -381.41428422927856, 8.539571523666382, 327, 0.1877138485735047, 0, 100000
1678, -303.2857423722744, 7.40399694442749, 284, 0.1875261347249312, 0, 100000
1679, -289.3306185603142, 10.043717861175537, 383, 0.1873386085902063, 0, 100000
1680, -740.0186737589538, 3.8072991371154785, 142, 0.18715126998161608, 0, 100000
1681, -214.1524270400405, 9.741527318954468, 371, 0.18696411871163446, 0, 100000
1682, -711.3468488454819, 4.13191819190979, 155, 0.18677715459292282, 0, 100000
1683, -466.6920629441738, 8.40855622291565, 317, 0.1865903774383299, 0, 100000
1684, -738.9757919777185, 4.258378744125366, 163, 0.18640378706089158, 0, 100000
1685, 1544.4457054138184, 10.108955383300781, 385, 0.1862173832738307, 0, 100000
1686, -456.50304313749075, 8.447441339492798, 327, 0.18603116589055688, 0, 100000
1687, -339.7160479919985, 9.416967153549194, 363, 0.18584513472466632, 0, 100000
1688, 335.0782400369644, 14.392096757888794, 554, 0.18565928958994166, 0, 100000
1689, -704.5124051868916, 3.982569932937622, 154, 0.18547363030035172, 0, 100000
1690, -347.37476551532745, 7.322577238082886, 277, 0.18528815667005136, 0, 100000
1691, 2090.515117675066, 16.506129503250122, 633, 0.1851028685133813, 0, 100000
1692, -97.19534754753113, 10.464313507080078, 396, 0.18491776564486792, 0, 100000
1693, -216.97828203439713, 9.575031280517578, 432, 0.18473284787922306, 0, 100000
1694, -372.6446015536785, 8.574540853500366, 389, 0.18454811503134383, 0, 100000
1695, 1093.8185775913298, 5.368886947631836, 240, 0.18436356691631248, 0, 100000
1696, 1535.6186819970608, 10.987486362457275, 499, 0.18417920334939616, 0, 100000
1697, -1000.4361482327804, 3.546381711959839, 157, 0.18399502414604677, 0, 100000
1698, -97.42857059836388, 11.359863519668579, 526, 0.18381102912190073, 0, 100000
1699, 2373.3861641027033, 17.36626434326172, 784, 0.18362721809277882, 0, 100000
1700, 1971.1366521939635, 26.123401165008545, 1188, 0.18344359087468604, 0, 100000
1701, 1019.4620995521545, 4.024156808853149, 183, 0.18326014728381135, 0, 100000
1702, 630.5865795654245, 15.589293003082275, 712, 0.18307688713652753, 0, 100000
1703, 1743.337318056263, 9.982576131820679, 454, 0.182893810249391, 0, 100000
1704, -266.8310092277825, 8.053570985794067, 368, 0.1827109164391416, 0, 100000
1705, 1139.0780031010509, 5.5473411083221436, 254, 0.18252820552270246, 0, 100000
1706, -139.4380471110344, 9.191130876541138, 415, 0.18234567731717977, 0, 100000
1707, -224.6028916835785, 7.285616397857666, 327, 0.1821633316398626, 0, 100000
1708, 995.8391180038452, 3.8955178260803223, 173, 0.18198116830822272, 0, 100000
1709, 1993.15556037426, 15.568647861480713, 709, 0.1817991871399145, 0, 100000
1710, -662.4909112714231, 4.931625604629517, 217, 0.18161738795277457, 0, 100000
1711, 384.8635457754135, 13.210035800933838, 599, 0.1814357705648218, 0, 100000
1712, -177.57039058208466, 9.507551908493042, 437, 0.18125433479425698, 0, 100000
1713, -202.27122023701668, 10.347259998321533, 459, 0.18107308045946272, 0, 100000
1714, 1722.065743971616, 10.085688352584839, 455, 0.18089200737900324, 0, 100000
1715, 578.2660937458277, 17.314510583877563, 779, 0.18071111537162424, 0, 100000
1716, 1725.7780606150627, 10.017626285552979, 451, 0.1805304042562526, 0, 100000
1717, -712.5659559369087, 4.757087707519531, 206, 0.18034987385199636, 0, 100000
1718, 482.3240352421999, 15.79244351387024, 636, 0.18016952397814437, 0, 100000
1719, 709.866801828146, 16.89622974395752, 756, 0.17998935445416622, 0, 100000
1720, -78.21901757037267, 10.432973384857178, 472, 0.17980936509971204, 0, 100000
1721, -298.15229523181915, 8.307983875274658, 369, 0.17962955573461234, 0, 100000
1722, -233.15814995765686, 7.48970365524292, 338, 0.17944992617887773, 0, 100000
1723, -400.7982330620289, 11.283590078353882, 513, 0.17927047625269885, 0, 100000
1724, -78.84548042714596, 9.80255651473999, 451, 0.17909120577644616, 0, 100000
1725, 1153.1320890188217, 5.479700088500977, 250, 0.17891211457066972, 0, 100000
1726, 1357.0272920131683, 7.581686019897461, 342, 0.17873320245609906, 0, 100000
1727, 1112.5036999760196, 22.22249484062195, 1000, 0.17855446925364296, 0, 100000
1728, -666.4736276865005, 3.8162477016448975, 169, 0.17837591478438933, 0, 100000
1729, 1547.7938978672028, 9.874958515167236, 391, 0.17819753886960493, 0, 100000
1730, 934.3447524979711, 18.772456407546997, 856, 0.17801934133073533, 0, 100000
1731, 659.5215584635735, 15.789367437362671, 717, 0.17784132198940458, 0, 100000
1732, 1015.6820859909058, 4.009663820266724, 179, 0.1776634806674152, 0, 100000
1733, 523.938967494294, 17.221776485443115, 781, 0.17748581718674777, 0, 100000
1734, 681.61836206913, 15.676305294036865, 699, 0.17730833136956103, 0, 100000
1735, -227.95904943346977, 8.915601253509521, 395, 0.17713102303819148, 0, 100000
1736, -172.68708532862365, 10.585925340652466, 472, 0.1769538920151533, 0, 100000
1737, 2320.4142649769783, 17.668487310409546, 797, 0.17677693812313813, 0, 100000
1738, -339.8679062873125, 7.1476922035217285, 321, 0.17660016118501498, 0, 100000
1739, -118.61774539388716, 9.77785849571228, 447, 0.17642356102382997, 0, 100000
1740, 1109.7275993004441, 5.41645622253418, 247, 0.17624713746280615, 0, 100000
1741, -453.57958337664604, 5.152583837509155, 231, 0.17607089032534334, 0, 100000
1742, 1049.740554690361, 4.1854472160339355, 192, 0.175894819435018, 0, 100000
1743, 2985.939847409725, 24.358020782470703, 1116, 0.17571892461558297, 0, 100000
1744, -876.4670217633247, 2.655097484588623, 118, 0.1755432056909674, 0, 100000
1745, 1027.6554215550423, 4.164085865020752, 184, 0.17536766248527644, 0, 100000
1746, -872.5805428922176, 3.606651544570923, 162, 0.17519229482279117, 0, 100000
1747, -328.8412035405636, 7.1320719718933105, 320, 0.17501710252796837, 0, 100000
1748, 1040.107854127884, 4.134993314743042, 186, 0.1748420854254404, 0, 100000
1749, -705.923392534256, 3.9943370819091797, 179, 0.17466724334001496, 0, 100000
1750, -121.09905911469832, 9.942677974700928, 433, 0.17449257609667496, 0, 100000
1751, -718.649682149291, 3.892717123031616, 175, 0.1743180835205783, 0, 100000
1752, 1108.731213092804, 5.478147268295288, 247, 0.1741437654370577, 0, 100000
1753, -117.46812736988068, 11.397990703582764, 497, 0.17396962167162064, 0, 100000
1754, 1725.3776500225067, 10.243452072143555, 461, 0.173795652049949, 0, 100000
1755, -112.30210411641747, 10.662581205368042, 485, 0.17362185639789907, 0, 100000
1756, -659.4178820848465, 3.6331076622009277, 165, 0.17344823454150116, 0, 100000
1757, 1712.4937372803688, 10.091043949127197, 454, 0.17327478630695967, 0, 100000
1758, 993.6273056864738, 5.66537880897522, 254, 0.1731015115206527, 0, 100000
1759, -18.956138491630554, 10.331537961959839, 465, 0.17292841000913206, 0, 100000
1760, 1761.341506421566, 10.514193773269653, 476, 0.17275548159912293, 0, 100000
1761, 859.3782466948032, 17.336183786392212, 785, 0.17258272611752382, 0, 100000
1762, 1024.229375243187, 4.091827392578125, 183, 0.17241014339140628, 0, 100000
1763, 1168.4314555823803, 23.384037017822266, 1068, 0.1722377332480149, 0, 100000
1764, -681.5788170695305, 3.6930441856384277, 167, 0.17206549551476688, 0, 100000
1765, 736.0720046162605, 15.83936619758606, 723, 0.1718934300192521, 0, 100000
1766, 580.1412753462791, 14.343895196914673, 646, 0.17172153658923286, 0, 100000
1767, 1792.3655013293028, 10.363158941268921, 472, 0.17154981505264363, 0, 100000
1768, -369.2464702576399, 10.132476329803467, 451, 0.17137826523759098, 0, 100000
1769, 1016.0228746533394, 4.1206114292144775, 179, 0.1712068869723534, 0, 100000
1770, 2992.777007341385, 23.07850480079651, 1041, 0.17103568008538103, 0, 100000
1771, -934.7146285288036, 2.782853126525879, 125, 0.17086464440529564, 0, 100000
1772, 1111.1731486618519, 5.374393939971924, 241, 0.17069377976089034, 0, 100000
1773, 1063.5298855900764, 5.728790521621704, 216, 0.17052308598112945, 0, 100000
1774, -306.84574760496616, 9.541568040847778, 433, 0.17035256289514833, 0, 100000
1775, 1717.8126468360424, 10.106948137283325, 451, 0.17018221033225317, 0, 100000
1776, 1651.6554008051753, 13.255048751831055, 598, 0.17001202812192093, 0, 100000
1777, -238.97695488668978, 10.693695783615112, 478, 0.169842016093799, 0, 100000
1778, -683.3149438798428, 3.882909059524536, 173, 0.1696721740777052, 0, 100000
1779, -121.27200049161911, 9.692060232162476, 441, 0.1695025019036275, 0, 100000
1780, 1133.4410732984543, 5.365281820297241, 241, 0.1693329994017239, 0, 100000
1781, 194.19400177896023, 11.322924852371216, 516, 0.16916366640232217, 0, 100000
1782, 1733.1230133771896, 9.90243124961853, 446, 0.16899450273591984, 0, 100000
1783, -789.8108410164714, 4.463240623474121, 202, 0.16882550823318393, 0, 100000
1784, -354.94772070646286, 9.394848108291626, 416, 0.16865668272495074, 0, 100000
1785, -157.83456089533865, 10.13910436630249, 458, 0.1684880260422258, 0, 100000
1786, -301.95725879073143, 10.331889867782593, 468, 0.16831953801618357, 0, 100000
1787, 1029.1492528319359, 4.171087265014648, 187, 0.16815121847816739, 0, 100000
1788, -723.1800814904273, 4.517883062362671, 167, 0.16798306725968923, 0, 100000
1789, -147.17256748164073, 9.871152400970459, 444, 0.16781508419242955, 0, 100000
1790, 1110.6968938708305, 5.279646873474121, 232, 0.16764726910823713, 0, 100000
1791, 1705.1707022935152, 12.041975259780884, 538, 0.1674796218391289, 0, 100000
1792, -45.15984817361459, 11.991686820983887, 546, 0.16731214221728977, 0, 100000
1793, 1445.5392303466797, 33.30377197265625, 1498, 0.16714483007507247, 0, 100000
1794, 683.335959136486, 16.743142127990723, 757, 0.1669776852449974, 0, 100000
1795, 1118.6263241171837, 5.330813884735107, 241, 0.1668107075597524, 0, 100000
1796, 2921.6766945123672, 21.786831378936768, 989, 0.16664389685219266, 0, 100000
1797, 345.25446050055325, 17.331241369247437, 788, 0.16647725295534047, 0, 100000
1798, 2517.2349072396755, 17.671183109283447, 807, 0.16631077570238512, 0, 100000
1799, 513.9624049663544, 0.09955477714538574, 4, 0.16614446492668272, 0, 100000
1800, 1886.0905842408538, 12.150880336761475, 555, 0.16597832046175603, 0, 100000
1801, -588.8372372239828, 5.872176885604858, 260, 0.16581234214129428, 0, 100000
1802, -733.5087881106883, 4.379833698272705, 192, 0.16564652979915298, 0, 100000
1803, 625.8583305478096, 16.352246046066284, 742, 0.16548088326935384, 0, 100000
1804, -735.9537853896618, 3.8115649223327637, 168, 0.1653154023860845, 0, 100000
1805, -301.91414853930473, 9.663346529006958, 437, 0.1651500869836984, 0, 100000
1806, -136.95758579857647, 10.22392225265503, 463, 0.1649849368967147, 0, 100000
1807, 592.9422294795513, 15.413474321365356, 698, 0.164819951959818, 0, 100000
1808, -746.6006446769461, 3.8504843711853027, 166, 0.16465513200785817, 0, 100000
1809, 1094.066985346377, 5.369180917739868, 239, 0.1644904768758503, 0, 100000
1810, -12.463455438613892, 10.484648704528809, 466, 0.16432598639897444, 0, 100000
1811, 1115.2995011806488, 5.415701389312744, 239, 0.16416166041257546, 0, 100000
1812, -460.9437921317294, 5.423609018325806, 243, 0.16399749875216288, 0, 100000
1813, 2578.5251227766275, 18.976920127868652, 862, 0.16383350125341073, 0, 100000
1814, 29.671766854822636, 11.420138120651245, 517, 0.16366966775215733, 0, 100000
1815, -670.3192585408688, 3.4453608989715576, 153, 0.16350599808440516, 0, 100000
1816, 1696.0891767144203, 9.891573905944824, 439, 0.16334249208632076, 0, 100000
1817, -896.8786318637431, 3.202253580093384, 136, 0.16317914959423443, 0, 100000
1818, -160.0090590119362, 8.732462882995605, 393, 0.1630159704446402, 0, 100000
1819, 1019.0031288862228, 4.0568015575408936, 180, 0.16285295447419557, 0, 100000
1820, -775.3680318295956, 3.6828949451446533, 163, 0.16269010151972138, 0, 100000
1821, 1101.7119135260582, 5.171947479248047, 228, 0.16252741141820165, 0, 100000
1822, -394.6415210068226, 6.280598163604736, 283, 0.16236488400678345, 0, 100000
1823, -692.2486337721348, 4.576667785644531, 203, 0.16220251912277667, 0, 100000
1824, 1659.05097335577, 10.216317892074585, 435, 0.1620403166036539, 0, 100000
1825, -899.6388996159658, 3.6451988220214844, 162, 0.16187827628705023, 0, 100000
1826, 1719.784047394991, 10.103484869003296, 450, 0.16171639801076318, 0, 100000
1827, -833.2963233441114, 3.5500664710998535, 158, 0.1615546816127524, 0, 100000
1828, -668.4885520339012, 4.57477068901062, 208, 0.16139312693113966, 0, 100000
1829, -148.81226861476898, 8.64400601387024, 391, 0.16123173380420852, 0, 100000
1830, 1133.9846133589745, 5.429073333740234, 249, 0.16107050207040433, 0, 100000
1831, 309.4416227042675, 13.229709148406982, 601, 0.16090943156833393, 0, 100000
1832, 1720.3909507412463, 10.120002508163452, 460, 0.1607485221367656, 0, 100000
1833, -833.0576942712069, 3.7591774463653564, 172, 0.16058777361462884, 0, 100000
1834, -251.5377868115902, 9.037776708602905, 405, 0.1604271858410142, 0, 100000
1835, 506.6713607162237, 14.558314800262451, 649, 0.16026675865517317, 0, 100000
1836, -664.2286424636841, 4.23578667640686, 187, 0.160106491896518, 0, 100000
1837, 1731.2018854618073, 11.99817419052124, 538, 0.15994638540462147, 0, 100000
1838, 301.93104711174965, 17.170535802841187, 774, 0.15978643901921685, 0, 100000
1839, 478.68902307748795, 15.17910647392273, 691, 0.15962665258019765, 0, 100000
1840, -682.3175421357155, 3.2980105876922607, 136, 0.15946702592761744, 0, 100000
1841, 1717.4317320974078, 12.490936756134033, 565, 0.15930755890168982, 0, 100000
1842, -464.11857229471207, 5.935255289077759, 266, 0.15914825134278812, 0, 100000
1843, 1900.7527874410152, 12.48257303237915, 560, 0.15898910309144534, 0, 100000
1844, 66.74022160470486, 11.132832765579224, 505, 0.1588301139883539, 0, 100000
1845, 1615.3922137320042, 12.182439804077148, 546, 0.15867128387436555, 0, 100000
1846, -1013.6444298028946, 5.433668851852417, 244, 0.15851261259049118, 0, 100000
1847, 949.3873925209045, 4.135513782501221, 156, 0.1583540999779007, 0, 100000
1848, -786.836079031229, 4.31188178062439, 190, 0.1581957458779228, 0, 100000
1849, 422.5096354484558, 15.082927227020264, 677, 0.15803755013204487, 0, 100000
1850, -129.6176601741463, 10.716562986373901, 479, 0.15787951258191282, 0, 100000
1851, -299.92249371111393, 8.584120035171509, 384, 0.1577216330693309, 0, 100000
1852, 479.16211703419685, 14.973631620407104, 665, 0.15756391143626158, 0, 100000
1853, 1789.478130877018, 12.321333169937134, 545, 0.15740634752482532, 0, 100000
1854, -514.5573335289955, 6.730283975601196, 299, 0.1572489411773005, 0, 100000
1855, -144.28731516283005, 10.412377834320068, 462, 0.1570916922361232, 0, 100000
1856, -254.31695233285427, 9.622074127197266, 399, 0.15693460054388708, 0, 100000
1857, 1765.0204675495625, 10.4658842086792, 469, 0.1567776659433432, 0, 100000
1858, -369.10356395319104, 8.035993337631226, 355, 0.15662088827739984, 0, 100000
1859, 1012.3266191482544, 4.047168493270874, 179, 0.15646426738912245, 0, 100000
1860, -888.2501419833861, 8.165475606918335, 363, 0.1563078031217333, 0, 100000
1861, 1729.2502692043781, 10.531113862991333, 470, 0.15615149531861158, 0, 100000
1862, 1785.7037287019193, 11.723676919937134, 532, 0.15599534382329297, 0, 100000
1863, -960.0048590891529, 4.235457420349121, 189, 0.15583934847946967, 0, 100000
1864, -763.8621710389853, 3.6036972999572754, 160, 0.15568350913099022, 0, 100000
1865, -172.7176140807569, 10.548038959503174, 480, 0.15552782562185924, 0, 100000
1866, 2442.9102440476418, 18.28869318962097, 822, 0.15537229779623737, 0, 100000
1867, -276.01190953387413, 9.741874933242798, 440, 0.15521692549844113, 0, 100000
1868, -189.64492946490645, 10.186962366104126, 456, 0.15506170857294269, 0, 100000
1869, -238.13458197543514, 10.178609132766724, 465, 0.15490664686436975, 0, 100000
1870, 419.0452863574028, 13.737473249435425, 617, 0.15475174021750537, 0, 100000
1871, 1053.1764996051788, 4.229193210601807, 195, 0.15459698847728787, 0, 100000
1872, -673.5574351251125, 4.961725950241089, 223, 0.1544423914888106, 0, 100000
1873, -220.74202181771398, 10.003801107406616, 448, 0.15428794909732177, 0, 100000
1874, 2289.1677800267935, 15.987566471099854, 719, 0.15413366114822444, 0, 100000
1875, 2536.4771516025066, 19.536389589309692, 884, 0.15397952748707622, 0, 100000
1876, -959.6878716498613, 3.902639865875244, 176, 0.15382554795958914, 0, 100000
1877, -122.45424634218216, 10.31102705001831, 467, 0.15367172241162955, 0, 100000
1878, -274.03024587535765, 10.686700582504272, 476, 0.15351805068921792, 0, 100000
1879, -190.8240644892212, 10.051905632019043, 454, 0.1533645326385287, 0, 100000
1880, 2279.2813077643514, 16.847904443740845, 746, 0.15321116810589017, 0, 100000
1881, 1516.2788426838815, 26.73656177520752, 1191, 0.1530579569377843, 0, 100000
1882, 1623.2472876310349, 9.397421836853027, 424, 0.1529048989808465, 0, 100000
1883, -844.1566089987755, 4.059227466583252, 182, 0.15275199408186566, 0, 100000
1884, -672.303687363863, 3.5381808280944824, 157, 0.15259924208778378, 0, 100000
1885, 412.0782843232155, 13.658204078674316, 619, 0.15244664284569598, 0, 100000
1886, 2141.631849395111, 14.762638092041016, 669, 0.15229419620285028, 0, 100000
1887, 1526.3352555269375, 27.531047105789185, 1218, 0.15214190200664743, 0, 100000
1888, -294.67430037260056, 9.935618162155151, 412, 0.15198976010464077, 0, 100000
1889, 997.7845287322998, 3.97795033454895, 175, 0.15183777034453613, 0, 100000
1890, 1884.9030910134315, 12.608163356781006, 560, 0.1516859325741916, 0, 100000
1891, -621.1051933094859, 5.261214256286621, 231, 0.1515342466416174, 0, 100000
1892, 1113.5318288207054, 5.466353416442871, 244, 0.1513827123949758, 0, 100000
1893, -36.725183580070734, 9.680870771408081, 428, 0.15123132968258082, 0, 100000
1894, 1669.2391094714403, 9.806185722351074, 441, 0.15108009835289823, 0, 100000
1895, -757.5790960378945, 6.046853065490723, 266, 0.15092901825454533, 0, 100000
1896, -656.9241915941238, 3.679203748703003, 166, 0.15077808923629077, 0, 100000
1897, -339.2810868918896, 7.722326278686523, 346, 0.15062731114705447, 0, 100000
1898, -94.68498167395592, 9.884344816207886, 443, 0.1504766838359074, 0, 100000
1899, 1705.7789214365184, 14.28627324104309, 651, 0.15032620715207148, 0, 100000
1900, -888.5122892810032, 4.157922029495239, 187, 0.1501758809449194, 0, 100000
1901, 1915.7292525321245, 13.196884155273438, 580, 0.15002570506397447, 0, 100000
1902, 473.1623346565757, 16.250358819961548, 729, 0.1498756793589105, 0, 100000
1903, 1707.532809227705, 14.072955131530762, 641, 0.14972580367955157, 0, 100000
1904, -641.3985420279205, 5.712150573730469, 256, 0.14957607787587202, 0, 100000
1905, -708.7659037709236, 3.9863712787628174, 175, 0.14942650179799613, 0, 100000
1906, 1680.9299979656935, 10.005576848983765, 452, 0.14927707529619813, 0, 100000
1907, -421.56316363811493, 8.51679801940918, 380, 0.14912779822090194, 0, 100000
1908, -718.1114774942398, 4.156776189804077, 185, 0.14897867042268104, 0, 100000
1909, 2172.263303488493, 15.427717685699463, 689, 0.14882969175225835, 0, 100000
1910, 1874.472236096859, 11.874226808547974, 540, 0.1486808620605061, 0, 100000
1911, -263.8892025947571, 8.87120532989502, 397, 0.14853218119844558, 0, 100000
1912, -300.23691207170486, 7.787169933319092, 350, 0.14838364901724713, 0, 100000
1913, -154.38652780652046, 10.427253246307373, 472, 0.14823526536822987, 0, 100000
1914, -673.9632511436939, 3.760291814804077, 169, 0.14808703010286164, 0, 100000
1915, -671.1127626895905, 3.7231814861297607, 168, 0.1479389430727588, 0, 100000
1916, -141.10577727109194, 12.743128538131714, 576, 0.14779100412968604, 0, 100000
1917, -252.98849120317027, 14.241964340209961, 630, 0.14764321312555637, 0, 100000
1918, -552.5507728316588, 14.28175950050354, 556, 0.14749556991243082, 0, 100000
1919, -285.0703040957451, 8.39894986152649, 373, 0.1473480743425184, 0, 100000
1920, 1701.5241609811783, 10.066277980804443, 449, 0.14720072626817587, 0, 100000
1921, 453.77139445766807, 13.605063915252686, 610, 0.1470535255419077, 0, 100000
1922, -319.0722227655351, 10.747480392456055, 481, 0.1469064720163658, 0, 100000
1923, -402.0573677199427, 11.38003945350647, 488, 0.14675956554434944, 0, 100000
1924, 1640.672653561458, 13.821509599685669, 623, 0.14661280597880508, 0, 100000
1925, 835.9485700130463, 2.9269676208496094, 129, 0.14646619317282628, 0, 100000
1926, -749.3681167811155, 4.005259990692139, 174, 0.14631972697965345, 0, 100000
1927, 1650.6564336121082, 9.983772039413452, 447, 0.1461734072526738, 0, 100000
1928, -358.58035630732775, 7.319500684738159, 323, 0.14602723384542113, 0, 100000
1929, 1013.3538401126862, 4.102218151092529, 180, 0.14588120661157572, 0, 100000
1930, 511.73758363723755, 0.08134055137634277, 4, 0.14573532540496414, 0, 100000
1931, -802.607123978436, 3.276298999786377, 143, 0.14558959007955918, 0, 100000
1932, 2099.8210395276546, 14.662060737609863, 653, 0.1454440004894796, 0, 100000
1933, 856.8443782199174, 33.01840829849243, 1467, 0.14529855648899012, 0, 100000
1934, 447.97703129053116, 14.418400526046753, 645, 0.14515325793250114, 0, 100000
1935, 477.13321805000305, 13.847028255462646, 618, 0.14500810467456865, 0, 100000
1936, 424.85946398973465, 13.750850439071655, 613, 0.14486309656989407, 0, 100000
1937, -159.41399257443845, 10.809342384338379, 483, 0.1447182334733242, 0, 100000
1938, -705.3205375373363, 3.380343198776245, 148, 0.14457351523985087, 0, 100000
1939, -179.44955799804302, 12.206395626068115, 533, 0.14442894172461102, 0, 100000
1940, 2203.8466165065765, 14.367096900939941, 644, 0.1442845127828864, 0, 100000
1941, -130.8486471772194, 9.038294792175293, 405, 0.1441402282701035, 0, 100000
1942, 1774.0932316333055, 13.229788780212402, 591, 0.1439960880418334, 0, 100000
1943, 2903.8383015170693, 22.728095054626465, 1023, 0.14385209195379156, 0, 100000
1944, -446.16538375616074, 6.31581449508667, 285, 0.14370823986183776, 0, 100000
1945, -724.4354341030121, 3.502835750579834, 156, 0.1435645316219759, 0, 100000
1946, -648.7998825907707, 3.9649806022644043, 178, 0.14342096709035393, 0, 100000
1947, -269.1784528493881, 7.640246868133545, 343, 0.14327754612326357, 0, 100000
1948, -698.023087978363, 3.7798702716827393, 167, 0.14313426857714032, 0, 100000
1949, 1099.9029790461063, 5.172699928283691, 233, 0.14299113430856317, 0, 100000
1950, 1117.5624891519547, 5.892452716827393, 239, 0.1428481431742546, 0, 100000
1951, -1019.8602298358455, 3.3144142627716064, 147, 0.14270529503108034, 0, 100000
1952, 1668.7456016093493, 9.884201049804688, 444, 0.14256258973604927, 0, 100000
1953, -366.07256257534027, 7.290201902389526, 323, 0.14242002714631322, 0, 100000
1954, -316.9566632215865, 11.607276916503906, 519, 0.1422776071191669, 0, 100000
1955, -319.14069932699203, 7.356940507888794, 324, 0.14213532951204774, 0, 100000
1956, -721.3586837351322, 3.2403101921081543, 142, 0.1419931941825357, 0, 100000
1957, -326.8342082053423, 11.935285091400146, 531, 0.14185120098835316, 0, 100000
1958, 1696.3850910812616, 9.79964828491211, 435, 0.1417093497873648, 0, 100000
1959, -327.78392455354333, 9.154144287109375, 413, 0.14156764043757744, 0, 100000
1960, 476.0683861374855, 13.645514488220215, 609, 0.14142607279713987, 0, 100000
1961, -187.3082213997841, 10.75682806968689, 478, 0.14128464672434274, 0, 100000
1962, 1788.778919517994, 12.298089504241943, 550, 0.1411433620776184, 0, 100000
1963, 2515.1846438273787, 17.13366985321045, 767, 0.14100221871554078, 0, 100000
1964, -193.39249565033242, 10.352514028549194, 459, 0.14086121649682523, 0, 100000
1965, 2120.3998148441315, 15.281372547149658, 693, 0.14072035528032842, 0, 100000
1966, 964.6320326030254, 26.888171195983887, 1220, 0.1405796349250481, 0, 100000
1967, -265.9395797997713, 9.692463636398315, 426, 0.14043905529012304, 0, 100000
1968, -676.6557175517082, 3.7785656452178955, 167, 0.14029861623483292, 0, 100000
1969, 2260.5831414461136, 16.11539912223816, 727, 0.1401583176185981, 0, 100000
1970, 1442.8374015763402, 8.040689945220947, 365, 0.1400181593009795, 0, 100000
1971, 513.6354827880859, 0.061406850814819336, 4, 0.1398781411416785, 0, 100000
1972, 936.0608351230621, 3.4253714084625244, 151, 0.13973826300053682, 0, 100000
1973, 1914.6383442729712, 12.79393982887268, 578, 0.13959852473753628, 0, 100000
1974, 588.0106090158224, 16.433326959609985, 749, 0.13945892621279873, 0, 100000
1975, 1662.192815721035, 11.306066751480103, 510, 0.13931946728658592, 0, 100000
1976, 641.1895994003862, 16.906512022018433, 760, 0.13918014781929933, 0, 100000
1977, 367.4722567796707, 13.918571710586548, 622, 0.13904096767148003, 0, 100000
1978, 1017.9215349555016, 4.08569860458374, 183, 0.13890192670380855, 0, 100000
1979, 863.8343449011445, 19.38770580291748, 879, 0.13876302477710473, 0, 100000
1980, 1101.5348034501076, 5.257708787918091, 233, 0.13862426175232762, 0, 100000
1981, -280.69131487607956, 7.799798011779785, 355, 0.1384856374905753, 0, 100000
1982, 1043.460285961628, 4.385934114456177, 192, 0.13834715185308472, 0, 100000
1983, 2019.2015224844217, 13.472177267074585, 607, 0.13820880470123162, 0, 100000
1984, -342.6200253032148, 11.893109321594238, 537, 0.1380705958965304, 0, 100000
1985, -172.2664215862751, 9.822555780410767, 452, 0.13793252530063388, 0, 100000
1986, 350.28439272849937, 13.625005722045898, 615, 0.13779459277533324, 0, 100000
1987, 1722.136271532625, 12.880147218704224, 579, 0.1376567981825579, 0, 100000
1988, -538.9605641663074, 6.206033945083618, 281, 0.13751914138437535, 0, 100000
1989, 2255.9199474100024, 15.591859817504883, 698, 0.13738162224299097, 0, 100000
1990, 1944.850865598768, 12.236701488494873, 553, 0.13724424062074797, 0, 100000
1991, -305.1155552268028, 9.447406530380249, 418, 0.13710699638012722, 0, 100000
1992, 1807.4633604362607, 12.184176921844482, 549, 0.1369698893837471, 0, 100000
1993, 1596.5175907164812, 9.64529037475586, 430, 0.13683291949436335, 0, 100000
1994, -724.6982827186584, 4.653075218200684, 211, 0.13669608657486898, 0, 100000
1995, 1746.3894044160843, 11.944226264953613, 543, 0.1365593904882941, 0, 100000
1996, 2348.404265128076, 16.14157462120056, 735, 0.1364228310978058, 0, 100000
1997, 1165.8891600072384, 21.428606510162354, 948, 0.13628640826670801, 0, 100000
1998, -716.0683669447899, 3.471658945083618, 153, 0.1361501218584413, 0, 100000
1999, -364.2740258015692, 9.147998332977295, 415, 0.13601397173658286, 0, 100000
2000, 1722.1409545643255, 12.74029541015625, 569, 0.1358779577648463, 0, 100000
2001, -568.0243991091847, 5.884492874145508, 260, 0.13574207980708144, 0, 100000
2002, 1663.6871164217591, 9.658717393875122, 432, 0.13560633772727437, 0, 100000
2003, -358.6298926770687, 7.652238845825195, 342, 0.1354707313895471, 0, 100000
2004, 1115.0198172330856, 5.374223470687866, 237, 0.13533526065815754, 0, 100000
2005, -550.6706943716854, 5.724568128585815, 233, 0.1351999253974994, 0, 100000
2006, 1681.522852152586, 9.622293949127197, 433, 0.13506472547210188, 0, 100000
2007, -351.6329327225685, 8.974956274032593, 409, 0.1349296607466298, 0, 100000
2008, 1718.8955906182528, 12.220662355422974, 548, 0.13479473108588316, 0, 100000
2009, 2463.248697683215, 16.828368663787842, 759, 0.13465993635479728, 0, 100000
2010, 2876.3760418593884, 22.65838098526001, 1015, 0.13452527641844247, 0, 100000
2011, 1764.791113693267, 13.087325811386108, 585, 0.13439075114202403, 0, 100000
2012, 347.5198512598872, 13.604598760604858, 609, 0.134256360390882, 0, 100000
2013, 1684.371891617775, 9.635749101638794, 429, 0.13412210403049113, 0, 100000
2014, -835.8695263359696, 3.825669765472412, 170, 0.13398798192646064, 0, 100000
2015, 1133.2290412783623, 5.511331081390381, 243, 0.13385399394453418, 0, 100000
2016, -80.92074055969715, 10.830344676971436, 477, 0.13372013995058965, 0, 100000
2017, -318.04948630928993, 7.299942493438721, 324, 0.13358641981063907, 0, 100000
2018, -477.8155966270715, 12.719961404800415, 571, 0.13345283339082842, 0, 100000
2019, -383.37818467617035, 8.033151865005493, 355, 0.13331938055743758, 0, 100000
2020, 2208.7996123116463, 14.821245431900024, 654, 0.13318606117688014, 0, 100000
2021, 2287.8108678031713, 18.90099263191223, 841, 0.13305287511570327, 0, 100000
2022, 1455.1096591949463, 25.712032794952393, 1142, 0.13291982224058757, 0, 100000
2023, 2157.9848228134215, 15.147823333740234, 671, 0.13278690241834698, 0, 100000
2024, 1151.0559852719307, 19.780662536621094, 890, 0.13265411551592862, 0, 100000
2025, -739.0086924433708, 3.708148956298828, 150, 0.13252146140041268, 0, 100000
2026, 1020.0842685699463, 4.190428018569946, 188, 0.13238893993901227, 0, 100000
2027, 1954.644991287263, 13.859740495681763, 622, 0.13225655099907327, 0, 100000
2028, -735.8767868131399, 5.079391717910767, 225, 0.1321242944480742, 0, 100000
2029, -344.4797678887844, 7.784424304962158, 350, 0.13199217015362613, 0, 100000
2030, 1124.7041309177876, 5.5249621868133545, 245, 0.1318601779834725, 0, 100000
2031, -140.91925439238548, 12.518649578094482, 564, 0.13172831780548902, 0, 100000
2032, -238.21326205134392, 7.912757873535156, 353, 0.13159658948768352, 0, 100000
2033, -704.6731034219265, 3.764838933944702, 167, 0.13146499289819583, 0, 100000
2034, 1814.130307674408, 14.526247262954712, 640, 0.13133352790529762, 0, 100000
2035, -682.979275405407, 3.843883752822876, 169, 0.13120219437739233, 0, 100000
2036, -289.96418200433254, 8.539978981018066, 376, 0.13107099218301493, 0, 100000
2037, 1523.5437394361943, 11.788959503173828, 506, 0.13093992119083192, 0, 100000
2038, 1512.6449565514922, 23.66857147216797, 1049, 0.13080898126964108, 0, 100000
2039, -227.77061044762377, 9.621925115585327, 418, 0.13067817228837145, 0, 100000
2040, 1026.8825188875198, 4.155534982681274, 184, 0.13054749411608307, 0, 100000
2041, 1573.8877696990967, 10.039402484893799, 448, 0.13041694662196698, 0, 100000
2042, -348.47037982940674, 7.069693326950073, 321, 0.13028652967534501, 0, 100000
2043, 1067.248726606369, 4.600402593612671, 203, 0.13015624314566968, 0, 100000
2044, 1817.6339574176818, 11.20241928100586, 511, 0.130026086902524, 0, 100000
2045, 2392.267146885395, 15.609958171844482, 702, 0.1298960608156215, 0, 100000
2046, -472.9777717590332, 6.1139280796051025, 273, 0.12976616475480587, 0, 100000
2047, -137.37694342667237, 9.34375548362732, 418, 0.12963639859005108, 0, 100000
2048, -700.4720305502415, 4.060921669006348, 182, 0.12950676219146104, 0, 100000
2049, 1132.138514265418, 5.37385368347168, 240, 0.1293772554292696, 0, 100000
2050, -179.76654905825853, 9.089498281478882, 402, 0.1292478781738403, 0, 100000
2051, -275.7139956029714, 13.326396703720093, 598, 0.12911863029566648, 0, 100000
2052, 1619.8714978396893, 12.352208137512207, 550, 0.12898951166537082, 0, 100000
2053, 458.3334707021713, 14.799211263656616, 669, 0.12886052215370544, 0, 100000
2054, -264.2744171349332, 9.50507116317749, 424, 0.12873166163155172, 0, 100000
2055, -458.1668778657913, 7.233323097229004, 312, 0.12860292996992018, 0, 100000
2056, -375.4268239438534, 6.793014049530029, 299, 0.12847432703995026, 0, 100000
2057, -375.172110080719, 6.6513097286224365, 293, 0.12834585271291032, 0, 100000
2058, -303.09043751843274, 12.214338779449463, 545, 0.12821750686019742, 0, 100000
2059, -374.56909626722336, 6.918663740158081, 307, 0.12808928935333722, 0, 100000
2060, -347.0022413181141, 8.345106601715088, 372, 0.12796120006398387, 0, 100000
2061, -341.7947860513814, 11.667841672897339, 505, 0.1278332388639199, 0, 100000
2062, -355.87538690678775, 8.406940937042236, 373, 0.12770540562505597, 0, 100000
2063, 1762.8992657065392, 10.386107444763184, 461, 0.1275777002194309, 0, 100000
2064, -295.76777075603604, 8.217413187026978, 364, 0.12745012251921148, 0, 100000
2065, 1167.5813533961773, 6.285915851593018, 277, 0.12732267239669226, 0, 100000
2066, 514.4993996620178, 0.0805816650390625, 4, 0.12719534972429558, 0, 100000
2067, -103.0408960133791, 10.287132263183594, 454, 0.12706815437457128, 0, 100000
2068, 1139.5785056352615, 5.468096494674683, 242, 0.1269410862201967, 0, 100000
2069, -132.76208904385567, 11.4792001247406, 461, 0.1268141451339765, 0, 100000
2070, 1147.4217167198658, 5.501794815063477, 252, 0.12668733098884255, 0, 100000
2071, 1454.1037796884775, 8.725451231002808, 386, 0.12656064365785372, 0, 100000
2072, 514.1822285652161, 0.10557770729064941, 4, 0.12643408301419587, 0, 100000
2073, 1245.7397038638592, 6.932621240615845, 310, 0.12630764893118168, 0, 100000
2074, 98.5014535523951, 10.229063034057617, 462, 0.1261813412822505, 0, 100000
2075, 295.2246661186218, 12.85408616065979, 574, 0.12605515994096825, 0, 100000
2076, -725.174250359647, 4.275017261505127, 187, 0.12592910478102728, 0, 100000
2077, -716.4702141424641, 4.03419041633606, 177, 0.12580317567624627, 0, 100000
2078, 366.5789293348789, 12.869641542434692, 575, 0.12567737250057, 0, 100000
2079, 350.0278535783291, 12.551890134811401, 559, 0.12555169512806943, 0, 100000
2080, 1678.3749939184636, 9.525470972061157, 429, 0.12542614343294137, 0, 100000
2081, -1005.8262701760978, 6.712707042694092, 299, 0.12530071728950842, 0, 100000
2082, -123.45769989676774, 11.847938776016235, 525, 0.12517541657221892, 0, 100000
2083, 1107.3578580617905, 5.219081163406372, 228, 0.1250502411556467, 0, 100000
2084, -255.1143553853035, 7.462171316146851, 336, 0.12492519091449104, 0, 100000
2085, 1699.6414207220078, 9.508515357971191, 432, 0.12480026572357655, 0, 100000
2086, -828.5742802172899, 3.6544651985168457, 158, 0.12467546545785298, 0, 100000
2087, 1633.7075152769685, 13.516981363296509, 613, 0.12455078999239512, 0, 100000
2088, -738.4804760292172, 3.775891065597534, 170, 0.12442623920240273, 0, 100000
2089, -131.58129844162613, 12.044086456298828, 543, 0.12430181296320032, 0, 100000
2090, 1009.3645117282867, 4.021096229553223, 176, 0.12417751115023712, 0, 100000
2091, 1842.8234534412622, 11.552456617355347, 523, 0.12405333363908688, 0, 100000
2092, -367.2084914352745, 9.097179651260376, 405, 0.1239292803054478, 0, 100000
2093, 555.9843660593033, 14.791144371032715, 658, 0.12380535102514234, 0, 100000
2094, 455.42291739583015, 14.581682920455933, 654, 0.1236815456741172, 0, 100000
2095, -376.3116457872093, 12.90683364868164, 582, 0.12355786412844308, 0, 100000
2096, -733.775016669184, 4.22980809211731, 187, 0.12343430626431463, 0, 100000
2097, 1633.7156143635511, 13.529054164886475, 590, 0.12331087195805032, 0, 100000
2098, 856.1831463873386, 3.3004534244537354, 143, 0.12318756108609227, 0, 100000
2099, -723.9742962233722, 5.328785419464111, 230, 0.12306437352500618, 0, 100000
2100, 347.91931105963886, 13.674135208129883, 613, 0.12294130915148117, 0, 100000
2101, -695.1175494603813, 4.0777153968811035, 179, 0.12281836784232969, 0, 100000
2102, 1663.5860914736986, 9.7818021774292, 438, 0.12269554947448735, 0, 100000
2103, 933.6734527768567, 18.785634994506836, 828, 0.12257285392501287, 0, 100000
2104, 458.3981947004795, 14.165644645690918, 639, 0.12245028107108785, 0, 100000
2105, 1707.5017174482346, 10.063990831375122, 444, 0.12232783079001676, 0, 100000
2106, -792.0744883567095, 3.88816499710083, 169, 0.12220550295922675, 0, 100000
2107, 434.5202975720167, 13.951180458068848, 623, 0.12208329745626752, 0, 100000
2108, 1140.6629839241505, 5.618246078491211, 252, 0.12196121415881125, 0, 100000
2109, 513.8788611888885, 0.14400744438171387, 4, 0.12183925294465245, 0, 100000
2110, 44.349506966769695, 11.623700618743896, 526, 0.1217174136917078, 0, 100000
2111, 1008.3634043335915, 3.9665777683258057, 180, 0.12159569627801609, 0, 100000
2112, -711.1869430365041, 5.161274194717407, 229, 0.12147410058173808, 0, 100000
2113, -664.81283223629, 3.6718125343322754, 163, 0.12135262648115634, 0, 100000
2114, -710.6548428274691, 4.581399202346802, 203, 0.12123127385467519, 0, 100000
2115, 984.5087602138519, 3.938256025314331, 170, 0.12111004258082052, 0, 100000
2116, 2811.0162812918425, 22.713605165481567, 1015, 0.1209889325382397, 0, 100000
2117, -717.7942227423191, 4.0611841678619385, 176, 0.12086794360570145, 0, 100000
2118, -456.76448830775917, 8.57602310180664, 384, 0.12074707566209575, 0, 100000
2119, 1003.0708841085434, 4.029581546783447, 175, 0.12062632858643366, 0, 100000
2120, -762.5865619312972, 4.214742660522461, 186, 0.12050570225784722, 0, 100000
2121, 1651.1224647164345, 9.451511144638062, 418, 0.12038519655558938, 0, 100000
2122, -868.9382648468018, 3.2117841243743896, 138, 0.12026481135903379, 0, 100000
2123, -162.77088747918606, 10.341815948486328, 461, 0.12014454654767476, 0, 100000
2124, -217.75963728129864, 9.749495506286621, 438, 0.12002440200112709, 0, 100000
2125, 1695.5840491354465, 9.83127474784851, 443, 0.11990437759912596, 0, 100000
2126, 513.5947818756104, 0.10245585441589355, 4, 0.11978447322152684, 0, 100000
2127, -188.68690544366837, 8.22049617767334, 367, 0.11966468874830531, 0, 100000
2128, 1101.6152356266975, 5.3909687995910645, 236, 0.11954502405955701, 0, 100000
2129, 513.2203629016876, 0.0713346004486084, 4, 0.11942547903549745, 0, 100000
2130, -36.808698117733, 11.171349287033081, 496, 0.11930605355646196, 0, 100000
2131, 1733.5146433264017, 10.505974292755127, 474, 0.11918674750290549, 0, 100000
2132, 3411.2818701267242, 26.055630922317505, 1162, 0.11906756075540259, 0, 100000
2133, -766.088911929779, 4.907012462615967, 218, 0.11894849319464719, 0, 100000
2134, 1015.2381262779236, 4.060681104660034, 178, 0.11882954470145254, 0, 100000
2135, -800.1889923065901, 3.3958747386932373, 149, 0.11871071515675109, 0, 100000
2136, -36.30623718570132, 12.773704528808594, 573, 0.11859200444159435, 0, 100000
2137, 1006.8021099567413, 3.949160575866699, 178, 0.11847341243715274, 0, 100000
2138, 2005.8582526147366, 13.097686767578125, 588, 0.1183549390247156, 0, 100000
2139, 120.07518712431192, 13.059638261795044, 585, 0.11823658408569088, 0, 100000
2140, 516.6007871627808, 15.147366523742676, 674, 0.11811834750160519, 0, 100000
2141, -688.1007010042667, 3.9271697998046875, 168, 0.11800022915410358, 0, 100000
2142, -720.6552317738533, 4.7797017097473145, 204, 0.11788222892494947, 0, 100000
2143, -212.1779710277915, 12.571855545043945, 556, 0.11776434669602452, 0, 100000
2144, -159.45206652022898, 9.724116563796997, 435, 0.1176465823493285, 0, 100000
2145, -234.6282507008873, 14.188320636749268, 621, 0.11752893576697916, 0, 100000
2146, 1669.0937256664038, 9.881957054138184, 440, 0.11741140683121218, 0, 100000
2147, -879.3931951822015, 5.536462068557739, 250, 0.11729399542438097, 0, 100000
2148, -186.64317206293344, 11.630041122436523, 519, 0.11717670142895659, 0, 100000
2149, 1675.22512473166, 9.871104001998901, 438, 0.11705952472752763, 0, 100000
2150, -877.3911776840687, 4.51287317276001, 200, 0.1169424652028001, 0, 100000
2151, 1017.4062162041664, 4.285747051239014, 184, 0.1168255227375973, 0, 100000
2152, 1484.914287880063, 9.32679271697998, 421, 0.1167086972148597, 0, 100000
2153, -354.17597007751465, 7.540300130844116, 339, 0.11659198851764484, 0, 100000
2154, 435.2045287489891, 13.683300495147705, 623, 0.1164753965291272, 0, 100000
2155, 2337.9073360338807, 16.110254764556885, 723, 0.11635892113259806, 0, 100000
2156, -125.38559903204441, 9.10826063156128, 408, 0.11624256221146546, 0, 100000
2157, 1146.9067246317863, 5.731079339981079, 256, 0.116126319649254, 0, 100000
2158, 1494.6486274451017, 9.009196043014526, 406, 0.11601019332960474, 0, 100000
2159, 514.8831119537354, 0.10486340522766113, 4, 0.11589418313627514, 0, 100000
2160, -48.869461356895044, 11.337651252746582, 509, 0.11577828895313887, 0, 100000
2161, -268.4756363509223, 12.04221773147583, 445, 0.11566251066418573, 0, 100000
2162, -291.76995265483856, 15.044204711914062, 675, 0.11554684815352155, 0, 100000
2163, -111.48639384657145, 10.102447509765625, 447, 0.11543130130536802, 0, 100000
2164, 1752.0206871926785, 10.540335655212402, 476, 0.11531587000406265, 0, 100000
2165, -785.3094419799745, 4.578863620758057, 200, 0.1152005541340586, 0, 100000
2166, -270.0645052306354, 13.268136978149414, 524, 0.11508535357992454, 0, 100000
2167, 280.2031860947609, 15.340147256851196, 579, 0.11497026822634461, 0, 100000
2168, -247.196182442829, 12.402588605880737, 468, 0.11485529795811826, 0, 100000
2169, -722.9703929796815, 3.7257792949676514, 139, 0.11474044266016015, 0, 100000
2170, 1516.8573692291975, 14.689017057418823, 558, 0.11462570221749999, 0, 100000
2171, -687.4476321905386, 5.204450845718384, 198, 0.11451107651528249, 0, 100000
2172, -349.27503810077906, 9.7895188331604, 366, 0.11439656543876721, 0, 100000
2173, -313.9405318573117, 10.517731189727783, 396, 0.11428216887332844, 0, 100000
2174, 1023.9459057748318, 5.339472055435181, 203, 0.11416788670445512, 0, 100000
2175, 1320.3328885138035, 8.566864013671875, 325, 0.11405371881775066, 0, 100000
2176, 512.6020574569702, 0.13224267959594727, 4, 0.11393966509893291, 0, 100000
2177, 2045.0751674612984, 19.10739755630493, 726, 0.11382572543383399, 0, 100000
2178, -547.7524490952492, 6.01431941986084, 224, 0.11371189970840015, 0, 100000
2179, 1005.6460865736008, 5.290019512176514, 200, 0.11359818780869176, 0, 100000
2180, 514.1505479812622, 0.1030580997467041, 4, 0.11348458962088306, 0, 100000
2181, -41.43788722157478, 12.024576902389526, 456, 0.11337110503126219, 0, 100000
2182, 1489.558399759233, 11.525059700012207, 436, 0.11325773392623092, 0, 100000
2183, -603.7297108620405, 6.442457675933838, 242, 0.1131444761923047, 0, 100000
2184, -531.0919667501003, 15.033608675003052, 565, 0.11303133171611239, 0, 100000
2185, -776.8633547872305, 5.09939980506897, 187, 0.11291830038439628, 0, 100000
2186, -241.21983330044895, 12.455549716949463, 554, 0.11280538208401188, 0, 100000
2187, 537.5997173208743, 16.868781805038452, 743, 0.11269257670192787, 0, 100000
2188, 1019.1726522445679, 4.2052106857299805, 184, 0.11257988412522593, 0, 100000
2189, 371.088050047867, 17.325767517089844, 776, 0.1124673042411007, 0, 100000
2190, 1709.980985403061, 14.172041416168213, 641, 0.1123548369368596, 0, 100000
2191, -709.1878336369991, 4.529233932495117, 185, 0.11224248209992274, 0, 100000
2192, 1637.5127124488354, 11.895041465759277, 535, 0.11213023961782281, 0, 100000
2193, -153.392313554883, 10.130136251449585, 452, 0.11201810937820499, 0, 100000
2194, 1676.0612753927708, 9.953080177307129, 443, 0.11190609126882678, 0, 100000
2195, 552.0363782662898, 14.973183870315552, 661, 0.11179418517755796, 0, 100000
2196, 1010.8113625049591, 4.009445428848267, 179, 0.1116823909923804, 0, 100000
2197, 1906.3241794407368, 12.624750852584839, 565, 0.11157070860138803, 0, 100000
2198, -746.0683598071337, 4.375879764556885, 194, 0.11145913789278664, 0, 100000
2199, 1029.6025621891022, 4.094358444213867, 184, 0.11134767875489385, 0, 100000
2200, 2804.2605526298285, 22.335906982421875, 1000, 0.11123633107613895, 0, 100000
2201, 1920.8871007710695, 13.227460861206055, 595, 0.11112509474506281, 0, 100000
2202, 811.488241918385, 3.4912962913513184, 156, 0.11101396965031775, 0, 100000
2203, -18.70318491756916, 11.72569489479065, 523, 0.11090295568066744, 0, 100000
2204, 1035.6686689853668, 4.175994873046875, 186, 0.11079205272498677, 0, 100000
2205, 500.7704336345196, 16.454236268997192, 727, 0.11068126067226178, 0, 100000
2206, -136.989536203444, 13.68401312828064, 611, 0.11057057941158951, 0, 100000
2207, 1116.0828838348389, 5.200209856033325, 230, 0.11046000883217792, 0, 100000
2208, 2.6899041747674346, 12.07936716079712, 539, 0.11034954882334574, 0, 100000
2209, 1654.2820624643937, 11.94456171989441, 533, 0.1102391992745224, 0, 100000
2210, -509.940797239542, 6.31355619430542, 279, 0.11012896007524788, 0, 100000
2211, 1703.435833118856, 10.212357759475708, 454, 0.11001883111517263, 0, 100000
2212, -401.59167474973947, 8.855036973953247, 369, 0.10990881228405747, 0, 100000
2213, -138.3044840246439, 13.941276550292969, 626, 0.10979890347177342, 0, 100000
2214, -749.8036819174886, 5.0253729820251465, 220, 0.10968910456830164, 0, 100000
2215, 1065.5226317048073, 5.156170845031738, 220, 0.10957941546373333, 0, 100000
2216, 129.48922941088676, 13.03602647781372, 578, 0.1094698360482696, 0, 100000
2217, -89.64603278040886, 10.225000858306885, 458, 0.10936036621222132, 0, 100000
2218, -299.55308747291565, 8.460651397705078, 376, 0.10925100584600911, 0, 100000
2219, -289.3987215459347, 7.41412091255188, 330, 0.1091417548401631, 0, 100000
2220, -162.37171243032208, 9.108851909637451, 408, 0.10903261308532293, 0, 100000
2221, -688.9686558097601, 4.9318647384643555, 221, 0.1089235804722376, 0, 100000
2222, 2203.181863515172, 15.555300951004028, 681, 0.10881465689176537, 0, 100000
2223, 1021.0620024204254, 19.78833532333374, 875, 0.1087058422348736, 0, 100000
2224, -344.6802124977112, 7.292153835296631, 326, 0.10859713639263872, 0, 100000
2225, 2274.3390678949654, 16.28236413002014, 718, 0.10848853925624609, 0, 100000
2226, 1148.546626332216, 21.243290424346924, 942, 0.10838005071698985, 0, 100000
2227, 1681.7357740998268, 9.943031311035156, 448, 0.10827167066627286, 0, 100000
2228, -890.8260591775179, 5.7289793491363525, 255, 0.10816339899560658, 0, 100000
2229, -658.8478444218636, 5.138801097869873, 212, 0.10805523559661097, 0, 100000
2230, 1147.702321767807, 5.606753587722778, 249, 0.10794718036101436, 0, 100000
2231, 2533.2697457671165, 18.721776247024536, 842, 0.10783923318065335, 0, 100000
2232, -790.8835286796093, 3.805605411529541, 166, 0.10773139394747269, 0, 100000
2233, 2277.0910046021454, 16.30272674560547, 732, 0.10762366255352522, 0, 100000
2234, 527.3182397051714, 22.32686138153076, 990, 0.1075160388909717, 0, 100000
2235, 1599.5804909467697, 10.973225831985474, 487, 0.10740852285208072, 0, 100000
2236, 2311.0666553555056, 19.476603746414185, 860, 0.10730111432922863, 0, 100000
2237, -346.2031640410423, 8.143306016921997, 360, 0.1071938132148994, 0, 100000
2238, -338.6354321241379, 8.578597068786621, 384, 0.1070866194016845, 0, 100000
2239, 301.2691812030971, 14.464491367340088, 622, 0.10697953278228281, 0, 100000
2240, 2289.8773798793554, 17.550477027893066, 785, 0.10687255324950053, 0, 100000
2241, 689.9067106470466, 16.804696083068848, 752, 0.10676568069625103, 0, 100000
2242, 1104.7827951312065, 5.333516836166382, 236, 0.10665891501555477, 0, 100000
2243, 1452.5152998529375, 8.704287767410278, 379, 0.10655225610053921, 0, 100000
2244, 515.0636644363403, 0.06686067581176758, 4, 0.10644570384443867, 0, 100000
2245, -615.0513647873886, 6.078120946884155, 271, 0.10633925814059424, 0, 100000
2246, -406.85389862023294, 12.706972122192383, 562, 0.10623291888245365, 0, 100000
2247, -692.4265188276768, 4.748710870742798, 209, 0.1061266859635712, 0, 100000
2248, -149.2682469394058, 10.390702962875366, 464, 0.10602055927760762, 0, 100000
2249, 405.4305441081524, 15.151537895202637, 680, 0.10591453871833001, 0, 100000
2250, 1052.1312755942345, 4.458127498626709, 197, 0.10580862417961168, 0, 100000
2251, 1820.9787272093818, 11.406716346740723, 508, 0.10570281555543207, 0, 100000
2252, 3413.4874852262437, 27.25014638900757, 1231, 0.10559711273987664, 0, 100000
2253, -345.6732779066224, 9.270391941070557, 413, 0.10549151562713677, 0, 100000
2254, -702.4550299867988, 4.149247646331787, 185, 0.10538602411150963, 0, 100000
2255, -713.8634496629238, 4.379756927490234, 194, 0.10528063808739813, 0, 100000
2256, -90.14981585741043, 10.362817525863647, 469, 0.10517535744931072, 0, 100000
2257, 1102.1487594246864, 5.26938271522522, 230, 0.10507018209186142, 0, 100000
2258, -164.0593384243548, 11.979132413864136, 540, 0.10496511190976955, 0, 100000
2259, -726.2463397085667, 4.533209562301636, 200, 0.10486014679785978, 0, 100000
2260, -274.1808208823204, 8.486581325531006, 384, 0.10475528665106192, 0, 100000
2261, -209.06822224287316, 9.67249083518982, 433, 0.10465053136441085, 0, 100000
2262, 1671.6786951124668, 9.662896156311035, 435, 0.10454588083304645, 0, 100000
2263, -833.0514861028641, 3.8732054233551025, 169, 0.1044413349522134, 0, 100000
2264, 396.17708469182253, 15.703683137893677, 703, 0.10433689361726119, 0, 100000
2265, 340.0121427178383, 13.753773212432861, 612, 0.10423255672364393, 0, 100000
2266, 1613.6022801864892, 10.799146890640259, 478, 0.10412832416692028, 0, 100000
2267, -511.78616740368307, 8.606147050857544, 382, 0.10402419584275335, 0, 100000
2268, -279.520478785038, 8.21737265586853, 365, 0.1039201716469106, 0, 100000
2269, 1030.303737282753, 4.25000262260437, 185, 0.10381625147526369, 0, 100000
2270, 1675.7084863968194, 13.275500297546387, 587, 0.10371243522378842, 0, 100000
2271, 1796.8638899177313, 12.035040378570557, 540, 0.10360872278856463, 0, 100000
2272, 320.8949064016342, 15.463729858398438, 695, 0.10350511406577606, 0, 100000
2273, 1684.6158809959888, 11.643413543701172, 518, 0.10340160895171029, 0, 100000
2274, 1677.1393171660602, 27.972777605056763, 1246, 0.10329820734275857, 0, 100000
2275, -273.89458268880844, 8.14243459701538, 365, 0.10319490913541582, 0, 100000
2276, 1687.2296452075243, 9.650321006774902, 425, 0.1030917142262804, 0, 100000
2277, -321.1938132978976, 8.82944917678833, 389, 0.10298862251205412, 0, 100000
2278, 2250.8633236587048, 15.335517644882202, 687, 0.10288563388954207, 0, 100000
2279, -658.2286012233235, 11.942205905914307, 539, 0.10278274825565252, 0, 100000
2280, -307.007576584816, 8.709295988082886, 385, 0.10267996550739687, 0, 100000
2281, -678.9356330037117, 4.4990880489349365, 198, 0.10257728554188948, 0, 100000
2282, 453.0290614962578, 15.123830556869507, 676, 0.1024747082563476, 0, 100000
2283, 1716.3098546266556, 11.716211318969727, 526, 0.10237223354809125, 0, 100000
2284, -797.3925510048866, 5.223714351654053, 230, 0.10226986131454316, 0, 100000
2285, -130.7786057293415, 10.436104536056519, 465, 0.10216759145322861, 0, 100000
2286, 364.7397466301918, 13.892776489257812, 618, 0.10206542386177538, 0, 100000
2287, -647.5105657279491, 4.779818058013916, 213, 0.1019633584379136, 0, 100000
2288, 1045.436826825142, 4.462342023849487, 198, 0.10186139507947568, 0, 100000
2289, -760.0708362460136, 3.3576819896698, 150, 0.1017595336843962, 0, 100000
2290, 1690.6407751380466, 14.705383539199829, 663, 0.10165777415071181, 0, 100000
2291, 1952.8431033492088, 12.40515661239624, 551, 0.1015561163765611, 0, 100000
2292, 1914.6191640123725, 14.834052801132202, 661, 0.10145456026018454, 0, 100000
2293, 911.444086540956, 21.993439197540283, 994, 0.10135310569992435, 0, 100000
2294, 1708.6735090017319, 10.207550764083862, 453, 0.10125175259422443, 0, 100000
2295, -339.4673183709383, 8.141743421554565, 360, 0.10115050084163021, 0, 100000
2296, -172.53730407729745, 11.12850046157837, 496, 0.10104935034078859, 0, 100000
2297, 1738.7425874676555, 11.011722326278687, 492, 0.1009483009904478, 0, 100000
2298, 511.6951308250427, 0.11222553253173828, 4, 0.10084735268945735, 0, 100000
2299, -158.48624536395073, 10.009685516357422, 444, 0.10074650533676789, 0, 100000
2300, 1709.2558315247297, 9.868486404418945, 444, 0.10064575883143112, 0, 100000
2301, -817.9196911230683, 3.0265097618103027, 136, 0.1005451130725997, 0, 100000
2302, 2115.869519993663, 14.552452564239502, 653, 0.1004445679595271, 0, 100000
2303, -457.9523420082405, 8.784835815429688, 383, 0.10034412339156756, 0, 100000
2304, 1114.4621979296207, 5.502865314483643, 247, 0.100243779268176, 0, 100000
2305, 1464.01385140419, 8.525182008743286, 387, 0.10014353548890782, 0, 100000
2306, -663.7167046666145, 5.132895469665527, 221, 0.10004339195341891, 0, 100000
2307, 1008.997261941433, 4.450065612792969, 194, 0.09994334856146549, 0, 100000
2308, 795.5003179907799, 17.036614894866943, 761, 0.09984340521290402, 0, 100000
2309, 2194.585654824972, 16.07885980606079, 725, 0.09974356180769112, 0, 100000
2310, 553.6266927570105, 19.022990703582764, 856, 0.09964381824588342, 0, 100000
2311, 1659.5598308891058, 11.63784146308899, 524, 0.09954417442763754, 0, 100000
2312, -579.2465429008007, 8.484613418579102, 381, 0.0994446302532099, 0, 100000
2313, 1787.9009590291134, 11.442989349365234, 513, 0.09934518562295669, 0, 100000
2314, -627.8183079510927, 5.701836585998535, 256, 0.09924584043733373, 0, 100000
2315, 1672.1949508339167, 9.745964050292969, 433, 0.0991465945968964, 0, 100000
2316, 513.5242893695831, 0.07862401008605957, 4, 0.0990474480022995, 0, 100000
2317, 1810.4422931224108, 12.845529079437256, 577, 0.09894840055429721, 0, 100000
2318, 121.14473534282297, 15.815876245498657, 697, 0.09884945215374291, 0, 100000
2319, -694.1811772212386, 5.132561683654785, 228, 0.09875060270158917, 0, 100000
2320, 1648.8231638371944, 10.163921117782593, 440, 0.09865185209888758, 0, 100000
2321, -755.4392258673906, 4.323791742324829, 193, 0.0985532002467887, 0, 100000
2322, 309.1119813323021, 14.15401029586792, 630, 0.0984546470465419, 0, 100000
2323, 1673.634819239378, 9.81031084060669, 430, 0.09835619239949536, 0, 100000
2324, -1160.6077962010168, 6.857736349105835, 265, 0.09825783620709587, 0, 100000
2325, 1092.8586338162422, 5.366356611251831, 237, 0.09815957837088878, 0, 100000
2326, 1070.3160037696362, 5.452972888946533, 217, 0.09806141879251788, 0, 100000
2327, -69.45785858668387, 11.040818691253662, 440, 0.09796335737372537, 0, 100000
2328, 1647.4367690086365, 9.595353841781616, 430, 0.09786539401635165, 0, 100000
2329, 528.1459199406672, 18.252991437911987, 800, 0.0977675286223353, 0, 100000
2330, -191.26086521148682, 9.369423389434814, 417, 0.09766976109371296, 0, 100000
2331, -262.290018171072, 9.738680124282837, 430, 0.09757209133261925, 0, 100000
2332, 1656.206182539463, 9.510009765625, 433, 0.09747451924128663, 0, 100000
2333, -959.9583906382322, 2.10640811920166, 89, 0.09737704472204534, 0, 100000
2334, -329.90123708639294, 9.725057125091553, 436, 0.0972796676773233, 0, 100000
2335, -238.95318688079715, 9.775054693222046, 433, 0.09718238800964597, 0, 100000
2336, 2220.183960106224, 15.133172273635864, 684, 0.09708520562163633, 0, 100000
2337, 32.15268436074257, 13.354427814483643, 596, 0.09698812041601469, 0, 100000
2338, 1755.365459471941, 11.342321634292603, 508, 0.09689113229559868, 0, 100000
2339, 980.0252480604686, 18.98637843132019, 852, 0.09679424116330308, 0, 100000
2340, -160.50614911317825, 10.057262182235718, 447, 0.09669744692213977, 0, 100000
2341, 1750.8130420446396, 11.668271541595459, 523, 0.09660074947521763, 0, 100000
2342, 1638.1930312532932, 11.092886209487915, 492, 0.09650414872574241, 0, 100000
2343, -718.023072719574, 3.6711039543151855, 162, 0.09640764457701667, 0, 100000
2344, 2009.0287070047343, 14.949646234512329, 621, 0.09631123693243965, 0, 100000
2345, -960.9903201758862, 4.267060279846191, 139, 0.09621492569550721, 0, 100000
2346, 896.4493477940559, 4.907050848007202, 156, 0.09611871076981171, 0, 100000
2347, -114.48153426195495, 18.187469244003296, 728, 0.0960225920590419, 0, 100000
2348, 1165.3393206000328, 6.059777498245239, 267, 0.09592656946698286, 0, 100000
2349, 513.4258794784546, 0.08419299125671387, 4, 0.09583064289751587, 0, 100000
2350, -171.58028948307037, 7.424358129501343, 329, 0.09573481225461836, 0, 100000
2351, -354.55496385414153, 10.758986711502075, 471, 0.09563907744236373, 0, 100000
2352, 1020.880119740963, 4.519375562667847, 195, 0.09554343836492137, 0, 100000
2353, 265.0442344248295, 14.393315553665161, 644, 0.09544789492655645, 0, 100000
2354, 1084.9069301486015, 5.060119390487671, 223, 0.09535244703162989, 0, 100000
2355, 1630.2649624533951, 12.434345722198486, 555, 0.09525709458459826, 0, 100000
2356, 712.8317182818428, 20.07406497001648, 882, 0.09516183749001367, 0, 100000
2357, -266.55590045824647, 9.332380056381226, 415, 0.09506667565252365, 0, 100000
2358, -425.3963699936867, 7.234697341918945, 245, 0.09497160897687112, 0, 100000
2359, 1635.3081544702873, 13.14829969406128, 565, 0.09487663736789426, 0, 100000
2360, 1327.4484091699123, 8.336295127868652, 375, 0.09478176073052637, 0, 100000
2361, 1404.6049473220482, 9.24382495880127, 410, 0.09468697896979585, 0, 100000
2362, -625.1118942834437, 5.634847402572632, 248, 0.09459229199082606, 0, 100000
2363, 1633.707124993205, 13.101906061172485, 585, 0.09449769969883523, 0, 100000
2364, 871.9353595799766, 19.813056707382202, 876, 0.09440320199913639, 0, 100000
2365, -248.53660345077515, 8.856849908828735, 388, 0.09430879879713726, 0, 100000
2366, 1099.0648575127125, 5.154455661773682, 228, 0.09421448999834012, 0, 100000
2367, 1461.6399731822312, 9.264453887939453, 408, 0.09412027550834177, 0, 100000
2368, 226.51632521301508, 13.99813961982727, 626, 0.09402615523283343, 0, 100000
2369, 380.90069846622646, 13.126206636428833, 582, 0.0939321290776006, 0, 100000
2370, -304.8036863207817, 7.926020383834839, 350, 0.093838196948523, 0, 100000
2371, -315.06009361334145, 9.90079402923584, 437, 0.09374435875157447, 0, 100000
2372, -676.4592689275742, 4.672961711883545, 206, 0.09365061439282289, 0, 100000
2373, 1100.034085392952, 5.5631632804870605, 249, 0.09355696377843006, 0, 100000
2374, 1156.4966103807092, 6.061675548553467, 271, 0.09346340681465164, 0, 100000
2375, 1933.5026840176433, 13.80778980255127, 618, 0.09336994340783698, 0, 100000
2376, -328.42889005318284, 8.863744020462036, 394, 0.09327657346442915, 0, 100000
2377, 1720.6304215192795, 10.527239084243774, 460, 0.09318329689096472, 0, 100000
2378, 1760.4448191225529, 13.298555135726929, 595, 0.09309011359407375, 0, 100000
2379, -352.8194637298584, 8.460827589035034, 374, 0.09299702348047968, 0, 100000
2380, -149.58021488785744, 11.102309942245483, 494, 0.0929040264569992, 0, 100000
2381, -645.3430031836033, 4.210332632064819, 188, 0.09281112243054221, 0, 100000
2382, -181.68582520401105, 9.996236562728882, 448, 0.09271831130811167, 0, 100000
2383, 1041.5275773406029, 4.480073690414429, 195, 0.09262559299680356, 0, 100000
2384, 1488.4882618840784, 9.298791408538818, 410, 0.09253296740380676, 0, 100000
2385, 2719.6682283882983, 21.047361135482788, 937, 0.09244043443640296, 0, 100000
2386, -705.0684240683913, 5.020502090454102, 218, 0.09234799400196655, 0, 100000
2387, 1796.8415097482502, 15.082615852355957, 671, 0.09225564600796458, 0, 100000
2388, 514.1765642166138, 0.11693620681762695, 4, 0.09216339036195662, 0, 100000
2389, 887.5802585482597, 3.5438232421875, 157, 0.09207122697159466, 0, 100000
2390, -538.7560810847208, 7.806825876235962, 343, 0.09197915574462306, 0, 100000
2391, 1672.5612675133743, 13.89931869506836, 622, 0.09188717658887845, 0, 100000
2392, -829.974735993892, 4.4710612297058105, 196, 0.09179528941228957, 0, 100000
2393, 362.0152336657047, 14.514716386795044, 649, 0.09170349412287727, 0, 100000
2394, 2222.4385980069637, 15.581748008728027, 703, 0.0916117906287544, 0, 100000
2395, -92.41101416572928, 10.797640800476074, 486, 0.09152017883812565, 0, 100000
2396, 1566.6374507248402, 11.132394790649414, 482, 0.09142865865928752, 0, 100000
2397, -917.5227980948985, 5.187270402908325, 225, 0.09133723000062824, 0, 100000
2398, 1070.2157559394836, 4.547761917114258, 204, 0.09124589277062761, 0, 100000
2399, 513.6036930084229, 0.088623046875, 4, 0.09115464687785699, 0, 100000
2400, 1103.8574499022216, 20.04490041732788, 895, 0.09106349223097913, 0, 100000
2401, 2211.5327022075653, 15.496886730194092, 688, 0.09097242873874815, 0, 100000
2402, -143.64067502971739, 10.368080854415894, 459, 0.0908814563100094, 0, 100000
2403, 1003.1549851298332, 5.357062816619873, 200, 0.0907905748536994, 0, 100000
2404, 1176.2687870264053, 5.418724536895752, 239, 0.0906997842788457, 0, 100000
2405, -805.3763583898544, 2.8256444931030273, 121, 0.09060908449456685, 0, 100000
2406, -283.78668324428145, 11.71132230758667, 519, 0.09051847541007228, 0, 100000
2407, 1811.5705837383866, 13.963760614395142, 627, 0.09042795693466221, 0, 100000
2408, 514.3159589767456, 0.09728884696960449, 4, 0.09033752897772755, 0, 100000
2409, 870.8375144004822, 3.2769055366516113, 144, 0.09024719144874982, 0, 100000
2410, -617.6327631138265, 6.312634468078613, 278, 0.09015694425730107, 0, 100000
2411, 306.63845421746373, 13.627710103988647, 613, 0.09006678731304377, 0, 100000
2412, -296.78336492180824, 7.80055832862854, 351, 0.08997672052573072, 0, 100000
2413, 1098.7535493150353, 5.251810550689697, 233, 0.08988674380520499, 0, 100000
2414, -376.2990089468658, 7.7844648361206055, 348, 0.08979685706139978, 0, 100000
2415, 1713.9555188417435, 10.776299953460693, 478, 0.08970706020433838, 0, 100000
2416, -678.580078817904, 4.827753305435181, 213, 0.08961735314413405, 0, 100000
2417, 1745.6530526140705, 14.640764951705933, 652, 0.08952773579098991, 0, 100000
2418, 61.87481677532196, 10.887042760848999, 486, 0.08943820805519892, 0, 100000
2419, 2271.698441065848, 15.970857620239258, 718, 0.08934876984714372, 0, 100000
2420, 1916.0923727452755, 12.941723823547363, 582, 0.08925942107729658, 0, 100000
2421, -536.1685143709183, 6.008201360702515, 267, 0.08917016165621929, 0, 100000
2422, 1009.5254045724869, 4.333805561065674, 187, 0.08908099149456307, 0, 100000
2423, -783.7031632065773, 2.6979124546051025, 119, 0.08899191050306851, 0, 100000
2424, 1113.0044739218429, 5.3118181228637695, 239, 0.08890291859256544, 0, 100000
2425, -87.35165458905976, 12.159699440002441, 547, 0.08881401567397287, 0, 100000
2426, 988.4547451138496, 4.115894079208374, 178, 0.0887252016582989, 0, 100000
2427, 1580.221151471138, 13.42488408088684, 592, 0.0886364764566406, 0, 100000
2428, 35.336715549230576, 11.405716896057129, 499, 0.08854783998018396, 0, 100000
2429, 1580.83886256814, 11.95886778831482, 525, 0.08845929214020377, 0, 100000
2430, 1034.0221203994006, 19.698182821273804, 875, 0.08837083284806357, 0, 100000
2431, 1705.684667415917, 10.1142418384552, 448, 0.08828246201521552, 0, 100000
2432, -794.8371254599188, 4.057976245880127, 180, 0.0881941795532003, 0, 100000
2433, -170.05481176637113, 10.861793994903564, 486, 0.0881059853736471, 0, 100000
2434, 305.46651295758784, 13.440877914428711, 600, 0.08801787938827345, 0, 100000
2435, -106.74261972308159, 10.693950653076172, 484, 0.08792986150888517, 0, 100000
2436, 1588.330466374755, 12.158400058746338, 543, 0.08784193164737629, 0, 100000
2437, 596.1315427850932, 16.530393600463867, 746, 0.08775408971572891, 0, 100000
2438, 1658.0541599169374, 13.587947845458984, 606, 0.08766633562601318, 0, 100000
2439, -647.3223433569074, 5.208368301391602, 231, 0.08757866929038717, 0, 100000
2440, 1019.3048539161682, 4.109097957611084, 182, 0.08749109062109678, 0, 100000
2441, -786.7565629035234, 2.918148994445801, 128, 0.08740359953047568, 0, 100000
2442, 2156.666721488582, 15.111695766448975, 677, 0.0873161959309452, 0, 100000
2443, 1459.316870149225, 8.661567449569702, 382, 0.08722887973501425, 0, 100000
2444, -662.21178883221, 4.6761391162872314, 208, 0.08714165085527924, 0, 100000
2445, 1087.5500292787328, 5.373859167098999, 236, 0.08705450920442395, 0, 100000
2446, -269.47759499028325, 12.858642578125, 571, 0.08696745469521953, 0, 100000
2447, -680.8146680742502, 4.236023664474487, 189, 0.08688048724052432, 0, 100000
2448, 1641.520582407713, 11.229245901107788, 495, 0.08679360675328379, 0, 100000
2449, 2214.0132648982108, 17.075904369354248, 754, 0.0867068131465305, 0, 100000
2450, 1483.2419968545437, 8.655160665512085, 382, 0.08662010633338398, 0, 100000
2451, -637.7485300600529, 4.543032169342041, 200, 0.0865334862270506, 0, 100000
2452, -318.0942684970796, 11.055851936340332, 491, 0.08644695274082355, 0, 100000
2453, -551.9404973473575, 13.192569255828857, 592, 0.08636050578808273, 0, 100000
2454, 2182.5114404130727, 14.59519624710083, 651, 0.08627414528229464, 0, 100000
2455, -490.7956233250443, 6.749180555343628, 304, 0.08618787113701235, 0, 100000
2456, -329.2922979593277, 7.098831415176392, 316, 0.08610168326587533, 0, 100000
2457, -687.8826274871826, 4.599809408187866, 199, 0.08601558158260945, 0, 100000
2458, -212.83519237674773, 12.821428298950195, 576, 0.08592956600102684, 0, 100000
2459, 2148.690438091755, 14.607825517654419, 644, 0.08584363643502582, 0, 100000
2460, 514.7290863990784, 0.07719230651855469, 4, 0.08575779279859079, 0, 100000
2461, -536.7112410378177, 6.810587406158447, 299, 0.0856720350057922, 0, 100000
2462, -163.11179514974356, 10.050232648849487, 443, 0.0855863629707864, 0, 100000
2463, -681.8237625658512, 4.3731770515441895, 190, 0.0855007766078156, 0, 100000
2464, 2146.5653313696384, 14.413608312606812, 633, 0.08541527583120778, 0, 100000
2465, 1935.4110012352467, 12.780227899551392, 564, 0.08532986055537657, 0, 100000
2466, 152.0149791240692, 10.869792461395264, 480, 0.0852445306948212, 0, 100000
2467, 993.1832382678986, 3.8863604068756104, 171, 0.08515928616412638, 0, 100000
2468, -761.7851269394159, 3.8133320808410645, 157, 0.08507412687796226, 0, 100000
2469, 2224.333016404882, 14.990459442138672, 675, 0.0849890527510843, 0, 100000
2470, 2287.5194611996412, 19.234333992004395, 821, 0.08490406369833321, 0, 100000
2471, -870.4583535997372, 5.318023920059204, 233, 0.08481915963463488, 0, 100000
2472, 1689.2644527032971, 10.43710708618164, 469, 0.08473434047500024, 0, 100000
2473, 513.3239800930023, 0.11331009864807129, 4, 0.08464960613452524, 0, 100000
2474, 1804.3562061190605, 11.144890069961548, 500, 0.08456495652839072, 0, 100000
2475, 349.2927982620895, 14.567903280258179, 654, 0.08448039157186232, 0, 100000
2476, -154.22672246396542, 13.15960431098938, 585, 0.08439591118029047, 0, 100000
2477, 1702.6713192882016, 10.492375612258911, 465, 0.08431151526911018, 0, 100000
2478, 1698.6922101881355, 11.999583721160889, 536, 0.08422720375384107, 0, 100000
2479, 543.0491653708741, 20.889845848083496, 931, 0.08414297655008723, 0, 100000
2480, 989.068345785141, 4.059546947479248, 171, 0.08405883357353715, 0, 100000
2481, 1799.2607450271025, 12.919729471206665, 579, 0.0839747747399636, 0, 100000
2482, -421.81346364319324, 12.28437328338623, 545, 0.08389079996522364, 0, 100000
2483, 1733.6005352437496, 10.523284196853638, 472, 0.08380690916525842, 0, 100000
2484, 1718.735492669046, 11.83652925491333, 522, 0.08372310225609315, 0, 100000
2485, -872.2810444384813, 3.375793218612671, 148, 0.08363937915383707, 0, 100000
2486, -79.5158097827807, 12.638669729232788, 558, 0.08355573977468322, 0, 100000
2487, -372.9795279861428, 11.670765161514282, 490, 0.08347218403490854, 0, 100000
2488, -129.24887107184622, 13.280486583709717, 587, 0.08338871185087363, 0, 100000
2489, 333.08039179909974, 15.200910806655884, 672, 0.08330532313902275, 0, 100000
2490, 1690.664026496932, 9.873157501220703, 437, 0.08322201781588373, 0, 100000
2491, -448.4606695137918, 8.45958685874939, 356, 0.08313879579806785, 0, 100000
2492, -351.8577327718958, 11.149877071380615, 494, 0.08305565700226979, 0, 100000
2493, 513.2422852944583, 15.31542181968689, 686, 0.08297260134526752, 0, 100000
2494, 2248.7440235838294, 15.255563020706177, 680, 0.08288962874392225, 0, 100000
2495, -118.10808051377535, 12.67818307876587, 566, 0.08280673911517833, 0, 100000
2496, 394.0483520226553, 15.373998165130615, 677, 0.08272393237606315, 0, 100000
2497, -247.6928846128285, 9.752621412277222, 428, 0.0826412084436871, 0, 100000
2498, 339.71542996168137, 14.046958208084106, 626, 0.08255856723524341, 0, 100000
2499, -218.622042324394, 10.060032606124878, 442, 0.08247600866800817, 0, 100000
2500, 1729.6953838169575, 11.125472784042358, 492, 0.08239353265934016, 0, 100000
2501, -829.0084299445152, 3.7138662338256836, 163, 0.08231113912668082, 0, 100000
2502, 1631.2509873956442, 11.596363306045532, 509, 0.08222882798755414, 0, 100000
2503, 512.0507943630219, 0.0960993766784668, 4, 0.08214659915956658, 0, 100000
2504, -144.98247534036636, 8.928701877593994, 395, 0.08206445256040702, 0, 100000
2505, -536.0783839039505, 13.680211782455444, 604, 0.08198238810784661, 0, 100000
2506, -382.03025937080383, 8.208074808120728, 366, 0.08190040571973876, 0, 100000
2507, 1069.5599855780602, 5.181105136871338, 229, 0.08181850531401902, 0, 100000
2508, -502.82920057699084, 5.755195617675781, 256, 0.081736686808705, 0, 100000
2509, 1759.3792279362679, 11.33799695968628, 503, 0.08165495012189629, 0, 100000
2510, 1785.494434632361, 13.550644397735596, 585, 0.08157329517177439, 0, 100000
2511, 510.5740489959717, 0.16125035285949707, 4, 0.08149172187660261, 0, 100000
2512, 300.4140950674191, 15.14925742149353, 666, 0.08141023015472601, 0, 100000
2513, -300.942633241415, 12.150636672973633, 530, 0.08132881992457128, 0, 100000
2514, 2190.8268445022404, 14.526757955551147, 641, 0.0812474911046467, 0, 100000
2515, 1957.074725575745, 21.126212120056152, 945, 0.08116624361354205, 0, 100000
2516, 514.6679542064667, 0.1423015594482422, 4, 0.08108507736992851, 0, 100000
2517, -617.0317767951638, 5.746965408325195, 255, 0.08100399229255859, 0, 100000
2518, 385.19695538282394, 15.152185440063477, 680, 0.08092298830026602, 0, 100000
2519, 1019.2574356198311, 4.233563423156738, 182, 0.08084206531196575, 0, 100000
2520, -752.4577994346619, 3.9217498302459717, 172, 0.08076122324665379, 0, 100000
2521, 1008.4808762669563, 4.116835832595825, 179, 0.08068046202340713, 0, 100000
2522, 1453.7392146289349, 8.512546300888062, 373, 0.08059978156138373, 0, 100000
2523, -259.8907877802849, 8.082116603851318, 318, 0.08051918177982234, 0, 100000
2524, -348.41837268602103, 10.296491384506226, 424, 0.08043866259804251, 0, 100000
2525, -307.76377256959677, 10.077221155166626, 447, 0.08035822393544446, 0, 100000
2526, -568.0528644770384, 12.161695718765259, 542, 0.08027786571150902, 0, 100000
2527, 994.5142954587936, 3.9554989337921143, 175, 0.08019758784579752, 0, 100000
2528, 1928.3634055405855, 12.670861959457397, 561, 0.08011739025795171, 0, 100000
2529, -658.4032037556171, 4.563215732574463, 200, 0.08003727286769376, 0, 100000
2530, -712.2550774514675, 3.822324275970459, 161, 0.07995723559482606, 0, 100000
2531, 1091.8257968723774, 5.498386859893799, 241, 0.07987727835923124, 0, 100000
2532, 2178.8984154611826, 21.76123833656311, 965, 0.07979740108087201, 0, 100000
2533, 115.84978524595499, 15.631994247436523, 691, 0.07971760367979114, 0, 100000
2534, -694.9115190580487, 4.240443229675293, 187, 0.07963788607611134, 0, 100000
2535, 998.5903917551041, 4.034414529800415, 178, 0.07955824819003524, 0, 100000
2536, 1847.9009200632572, 11.976216554641724, 532, 0.0794786899418452, 0, 100000
2537, -516.2255878997967, 7.357220411300659, 331, 0.07939921125190336, 0, 100000
2538, -327.7818225324154, 7.715128660202026, 339, 0.07931981204065146, 0, 100000
2539, -370.0508410455659, 9.755720376968384, 439, 0.0792404922286108, 0, 100000
2540, -236.6560204923153, 7.829016447067261, 354, 0.0791612517363822, 0, 100000
2541, 2124.9871309027076, 19.83798909187317, 884, 0.07908209048464582, 0, 100000
2542, 871.463284868747, 22.250035047531128, 977, 0.07900300839416118, 0, 100000
2543, -651.533793091774, 4.140167236328125, 180, 0.07892400538576702, 0, 100000
2544, 1004.2129940986633, 4.099075078964233, 175, 0.07884508138038125, 0, 100000
2545, 2344.3097207918763, 19.04752206802368, 841, 0.07876623629900087, 0, 100000
2546, -752.2693428769708, 4.782490491867065, 211, 0.07868747006270187, 0, 100000
2547, -327.8489166498184, 8.26217770576477, 364, 0.07860878259263916, 0, 100000
2548, 1472.4950279842597, 14.644367456436157, 651, 0.07853017381004652, 0, 100000
2549, 828.7525388197973, 20.006206274032593, 895, 0.07845164363623648, 0, 100000
2550, 2105.3197135031223, 17.8212468624115, 790, 0.07837319199260025, 0, 100000
2551, -1001.2472874138039, 4.3432910442352295, 190, 0.07829481880060765, 0, 100000
2552, -173.77145066205412, 15.74287724494934, 695, 0.07821652398180705, 0, 100000
2553, 1107.267522007227, 5.216347932815552, 230, 0.07813830745782524, 0, 100000
2554, 2439.5747784171253, 22.154399633407593, 990, 0.07806016915036741, 0, 100000
2555, 1179.664692102233, 23.71107006072998, 1054, 0.07798210898121705, 0, 100000
2556, -249.4044237411581, 9.096892595291138, 399, 0.07790412687223583, 0, 100000
2557, 1983.4662325890968, 19.25107717514038, 741, 0.07782622274536359, 0, 100000
2558, -303.89041603542864, 12.319515466690063, 458, 0.07774839652261822, 0, 100000
2559, 1478.342421412468, 10.61771845817566, 391, 0.0776706481260956, 0, 100000
2560, 2681.8048669267446, 30.084929704666138, 1121, 0.0775929774779695, 0, 100000
2561, 321.92422817647457, 16.74190902709961, 614, 0.07751538450049153, 0, 100000
2562, 1437.5768105918542, 14.651353359222412, 552, 0.07743786911599104, 0, 100000
2563, 473.336845963262, 21.722784996032715, 808, 0.07736043124687506, 0, 100000
2564, -393.46613946557045, 9.06596064567566, 337, 0.07728307081562819, 0, 100000
2565, 1000.6286687552929, 5.321748495101929, 196, 0.07720578774481256, 0, 100000
2566, 2240.50164732337, 19.22258472442627, 721, 0.07712858195706775, 0, 100000
2567, 1443.112211316824, 12.705628871917725, 475, 0.07705145337511068, 0, 100000
2568, 1581.0351155828685, 13.245071172714233, 491, 0.07697440192173557, 0, 100000
2569, 496.25170762091875, 20.73766565322876, 774, 0.07689742751981384, 0, 100000
2570, -329.21757430862635, 14.481854438781738, 529, 0.07682053009229402, 0, 100000
2571, -489.1974789669039, 9.467349529266357, 353, 0.07674370956220172, 0, 100000
2572, -443.3660307377577, 9.213006973266602, 332, 0.07666696585263952, 0, 100000
2573, 988.5726295560598, 5.2999958992004395, 193, 0.07659029888678688, 0, 100000
2574, 2087.2031891942024, 21.474391222000122, 789, 0.07651370858790009, 0, 100000
2575, -233.12897454202175, 10.705354690551758, 397, 0.07643719487931219, 0, 100000
2576, -748.5247845947742, 4.248498439788818, 158, 0.07636075768443289, 0, 100000
2577, 2088.0378087610006, 18.68147563934326, 696, 0.07628439692674846, 0, 100000
2578, 514.6831557750702, 0.12490558624267578, 4, 0.07620811252982171, 0, 100000
2579, 12.83963809441775, 27.4882333278656, 799, 0.07613190441729188, 0, 100000
2580, -330.9911438859999, 16.44582223892212, 559, 0.07605577251287458, 0, 100000
2581, 1316.1008438980207, 14.583420753479004, 504, 0.0759797167403617, 0, 100000
2582, -778.6882835105062, 5.553446054458618, 199, 0.07590373702362134, 0, 100000
2583, 1955.1932628452778, 16.702340841293335, 610, 0.07582783328659772, 0, 100000
2584, -308.21068704873323, 12.542710781097412, 466, 0.07575200545331112, 0, 100000
2585, 1895.6174226119183, 19.23647975921631, 715, 0.0756762534478578, 0, 100000
2586, -754.1763868499547, 10.82110857963562, 395, 0.07560057719440995, 0, 100000
2587, 1578.4767533391714, 13.096149206161499, 462, 0.07552497661721554, 0, 100000
2588, -123.56963714119047, 18.12511968612671, 537, 0.07544945164059833, 0, 100000
2589, -469.60078132897615, 9.263232231140137, 287, 0.07537400218895772, 0, 100000
2590, -341.51590196043253, 11.672148942947388, 411, 0.07529862818676876, 0, 100000
2591, 1556.5647131763399, 11.521408081054688, 427, 0.07522332955858199, 0, 100000
2592, -911.2428237684071, 4.286212921142578, 143, 0.0751481062290234, 0, 100000
2593, 1013.2486166357994, 5.480090856552124, 199, 0.07507295812279438, 0, 100000
2594, 1134.0320090055466, 6.442487478256226, 236, 0.07499788516467158, 0, 100000
2595, -899.6034531164914, 3.8403942584991455, 109, 0.07492288727950691, 0, 100000
2596, 940.3060505837202, 5.0210349559783936, 175, 0.0748479643922274, 0, 100000
2597, 513.9086382389069, 0.08570218086242676, 4, 0.07477311642783518, 0, 100000
2598, 1461.221453934908, 13.078126430511475, 491, 0.07469834331140734, 0, 100000
2599, -856.8322988450527, 3.54052996635437, 129, 0.07462364496809594, 0, 100000
2600, -703.4723910689354, 4.164510726928711, 154, 0.07454902132312784, 0, 100000
2601, 2082.4368934798986, 18.698944568634033, 683, 0.0744744723018047, 0, 100000
2602, -919.8502901624888, 3.0396618843078613, 111, 0.0743999978295029, 0, 100000
2603, -804.2580081820488, 3.726041078567505, 123, 0.0743255978316734, 0, 100000
2604, 911.2960913181305, 4.140732526779175, 144, 0.07425127223384173, 0, 100000
2605, 1435.8595741987228, 11.481139659881592, 414, 0.07417702096160789, 0, 100000
2606, 289.0810518246144, 18.347758054733276, 638, 0.07410284394064628, 0, 100000
2607, 1776.1779731363058, 18.562013626098633, 622, 0.07402874109670564, 0, 100000
2608, -371.5329116134817, 14.173316955566406, 505, 0.07395471235560894, 0, 100000
2609, -325.42987314611673, 16.24290132522583, 577, 0.07388075764325333, 0, 100000
2610, 1308.4904534548987, 16.520864248275757, 478, 0.07380687688561008, 0, 100000
2611, -803.7676765918732, 4.929927349090576, 130, 0.07373307000872446, 0, 100000
2612, 1592.6715707434341, 19.862568140029907, 498, 0.07365933693871574, 0, 100000
2613, -915.0045714061707, 3.9531962871551514, 104, 0.07358567760177702, 0, 100000
2614, 1721.4220134206116, 18.859235286712646, 603, 0.07351209192417524, 0, 100000
2615, -780.4241327419877, 5.972862958908081, 174, 0.07343857983225106, 0, 100000
2616, -550.2281053960323, 9.487200021743774, 295, 0.07336514125241882, 0, 100000
2617, 911.3480024933815, 4.196463346481323, 148, 0.0732917761111664, 0, 100000
2618, 1366.9577780063264, 10.292688608169556, 367, 0.07321848433505523, 0, 100000
