episode, reward, duration, n_steps, epsilon, success_count, memory length
4101, 424.2091251015663, 1.7845244407653809, 65, 0.04996170339735633, 0, 100000
4102, -3097.6988307237625, 37.96264719963074, 1498, 0.04996170339735633, 0, 100000
4103, -1327.7798663377762, 34.727781534194946, 1360, 0.04996170339735633, 0, 100000
4104, -4792.674329996109, 31.06730318069458, 1224, 0.04996170339735633, 0, 100000
4105, -3394.9572044610977, 38.086103677749634, 1498, 0.04996170339735633, 0, 100000
4106, 228.4395411014557, 5.7328526973724365, 226, 0.04996170339735633, 0, 100000
4107, 31.14221304655075, 10.781248092651367, 418, 0.04996170339735633, 0, 100000
4108, -3749.308214187622, 25.9354407787323, 1069, 0.04996170339735633, 0, 100000
4109, -1480.448151409626, 26.85660195350647, 1235, 0.04996170339735633, 0, 100000
4110, -863.2764138579369, 21.937304496765137, 1025, 0.04996170339735633, 0, 100000
4111, -3150.796321630478, 32.51011872291565, 1498, 0.04996170339735633, 0, 100000
4112, -4182.433930516243, 32.389238595962524, 1498, 0.04996170339735633, 0, 100000
4113, 249.65535897016525, 4.924183130264282, 222, 0.04996170339735633, 0, 100000
4114, -3162.7606531977654, 32.77549600601196, 1498, 0.04996170339735633, 0, 100000
4115, -751.3945191502571, 25.076969146728516, 1146, 0.04996170339735633, 0, 100000
4116, 21.58314847946167, 7.417910575866699, 336, 0.04996170339735633, 0, 100000
4117, -3237.12560236454, 32.498549699783325, 1498, 0.04996170339735633, 0, 100000
4118, -3645.377285003662, 33.55749845504761, 1498, 0.04996170339735633, 0, 100000
4119, -3459.423779308796, 32.60851693153381, 1498, 0.04996170339735633, 0, 100000
4120, -3148.5202820301056, 32.35852789878845, 1498, 0.04996170339735633, 0, 100000
4121, -1274.6547632217407, 22.91035509109497, 1053, 0.04996170339735633, 0, 100000
4122, -178.32115173339844, 10.656026840209961, 486, 0.04996170339735633, 0, 100000
4123, -4600.216972053051, 29.709068059921265, 1363, 0.04996170339735633, 0, 100000
4124, -3192.895032644272, 32.60829043388367, 1498, 0.04996170339735633, 0, 100000
4125, -365.0505417585373, 16.84151816368103, 770, 0.04996170339735633, 0, 100000
4126, 494.10752618312836, 0.09782648086547852, 4, 0.04996170339735633, 0, 100000
4127, -3536.75133228302, 32.61841917037964, 1498, 0.04996170339735633, 0, 100000
4128, -3174.9340304732323, 32.439560651779175, 1498, 0.04996170339735633, 0, 100000
4129, -3370.350205898285, 32.05194687843323, 1498, 0.04996170339735633, 0, 100000
4130, -2278.826417863369, 12.16787838935852, 559, 0.04996170339735633, 0, 100000
4131, -3148.9412748217583, 32.23329424858093, 1498, 0.04996170339735633, 0, 100000
4132, -3357.928110897541, 32.61136484146118, 1498, 0.04996170339735633, 0, 100000
4133, -3127.676901459694, 32.631906270980835, 1498, 0.04996170339735633, 0, 100000
4134, -3091.541334748268, 32.72550368309021, 1498, 0.04996170339735633, 0, 100000
4135, 264.04883402585983, 4.393931865692139, 190, 0.04996170339735633, 0, 100000
4136, -4925.3722531199455, 19.413422107696533, 899, 0.04996170339735633, 0, 100000
4137, -3144.4313229322433, 32.15318965911865, 1498, 0.04996170339735633, 0, 100000
4138, -3164.439262032509, 32.49524664878845, 1498, 0.04996170339735633, 0, 100000
4139, -3610.2814649939537, 22.49885058403015, 1024, 0.04996170339735633, 0, 100000
4140, -4731.360587656498, 32.80162453651428, 1498, 0.04996170339735633, 0, 100000
4141, 235.11762285232544, 5.5787129402160645, 202, 0.04996170339735633, 0, 100000
4142, -1053.008227109909, 28.694080591201782, 1316, 0.04996170339735633, 0, 100000
4143, -3123.6961240768433, 32.56383728981018, 1498, 0.04996170339735633, 0, 100000
4144, -3652.4696937799454, 28.068199396133423, 1282, 0.04996170339735633, 0, 100000
4145, 270.1001772284508, 4.864269495010376, 214, 0.04996170339735633, 0, 100000
4146, -3207.326810181141, 32.72240424156189, 1498, 0.04996170339735633, 0, 100000
4147, -4258.527218580246, 24.042398929595947, 1108, 0.04996170339735633, 0, 100000
4148, 187.18967068195343, 5.552929162979126, 244, 0.04996170339735633, 0, 100000
4149, -4214.669063389301, 26.048184156417847, 1188, 0.04996170339735633, 0, 100000
4150, -3412.1494243741035, 32.66630029678345, 1498, 0.04996170339735633, 0, 100000
4151, -3176.0509011149406, 32.66196894645691, 1498, 0.04996170339735633, 0, 100000
4152, 189.7716099023819, 4.454248905181885, 206, 0.04996170339735633, 0, 100000
4153, -5192.076713681221, 20.809793949127197, 969, 0.04996170339735633, 0, 100000
4154, -3095.3357761502266, 32.416149616241455, 1498, 0.04996170339735633, 0, 100000
4155, -3137.2504029273987, 32.680310010910034, 1498, 0.04996170339735633, 0, 100000
4156, -3112.8315871953964, 32.42036151885986, 1498, 0.04996170339735633, 0, 100000
4157, -151.9797506928444, 12.042753458023071, 555, 0.04996170339735633, 0, 100000
4158, -3876.7414163947105, 27.485180139541626, 1265, 0.04996170339735633, 0, 100000
4159, 194.58691161870956, 5.41700553894043, 244, 0.04996170339735633, 0, 100000
4160, -364.0730682015419, 13.943908214569092, 641, 0.04996170339735633, 0, 100000
4161, -3179.881835758686, 32.88349485397339, 1498, 0.04996170339735633, 0, 100000
4162, 260.2855306863785, 4.61725640296936, 211, 0.04996170339735633, 0, 100000
4163, -456.2482799291611, 16.647061347961426, 764, 0.04996170339735633, 0, 100000
4164, -3404.406791508198, 32.51001858711243, 1498, 0.04996170339735633, 0, 100000
4165, -4047.428041934967, 32.41734051704407, 1498, 0.04996170339735633, 0, 100000
4166, -3745.2015151381493, 23.28983974456787, 1072, 0.04996170339735633, 0, 100000
4167, -3214.0533325076103, 32.67886924743652, 1498, 0.04996170339735633, 0, 100000
4168, -3182.5528483986855, 32.76819038391113, 1498, 0.04996170339735633, 0, 100000
4169, -3414.3255551457405, 27.40557026863098, 1265, 0.04996170339735633, 0, 100000
4170, -2900.3513793945312, 19.067175149917603, 876, 0.04996170339735633, 0, 100000
4171, -3585.4587101340294, 26.787681341171265, 1229, 0.04996170339735633, 0, 100000
4172, -2634.41813570261, 14.36093020439148, 661, 0.04996170339735633, 0, 100000
4173, 184.9222183227539, 5.360631942749023, 245, 0.04996170339735633, 0, 100000
4174, -3282.6928738355637, 32.49024057388306, 1498, 0.04996170339735633, 0, 100000
4175, -4203.296301484108, 26.70819878578186, 1230, 0.04996170339735633, 0, 100000
4176, -3086.5921639204025, 32.773107290267944, 1498, 0.04996170339735633, 0, 100000
4177, -5139.34613597393, 31.816487312316895, 1469, 0.04996170339735633, 0, 100000
4178, -4571.442114293575, 32.809211015701294, 1498, 0.04996170339735633, 0, 100000
4179, -3172.4431044459343, 26.125353574752808, 1196, 0.04996170339735633, 0, 100000
4180, 177.79019677639008, 5.45677375793457, 248, 0.04996170339735633, 0, 100000
4181, -4524.935759425163, 24.299151182174683, 1099, 0.04996170339735633, 0, 100000
4182, -2804.98981153965, 22.991788148880005, 1046, 0.04996170339735633, 0, 100000
4183, 187.25432270765305, 5.545546531677246, 249, 0.04996170339735633, 0, 100000
4184, -2338.2576819062233, 13.853102922439575, 598, 0.04996170339735633, 0, 100000
4185, -3123.6371470093727, 22.058842420578003, 1012, 0.04996170339735633, 0, 100000
4186, -3113.418107688427, 32.40595841407776, 1498, 0.04996170339735633, 0, 100000
4187, -65.45563453435898, 12.357552766799927, 507, 0.04996170339735633, 0, 100000
4188, -2416.3153703808784, 12.953390836715698, 598, 0.04996170339735633, 0, 100000
4189, -3092.874522149563, 17.98120927810669, 828, 0.04996170339735633, 0, 100000
4190, -137.79344302415848, 12.901786088943481, 553, 0.04996170339735633, 0, 100000
4191, -2840.865378201008, 13.43031620979309, 620, 0.04996170339735633, 0, 100000
4192, 300.8433563709259, 4.362847566604614, 183, 0.04996170339735633, 0, 100000
4193, -2749.3998875021935, 11.178361415863037, 507, 0.04996170339735633, 0, 100000
4194, -5529.891190290451, 30.782426834106445, 1404, 0.04996170339735633, 0, 100000
4195, -167.11604177951813, 13.349933862686157, 617, 0.04996170339735633, 0, 100000
4196, -3393.543672442436, 16.971086978912354, 788, 0.04996170339735633, 0, 100000
4197, -2768.8224387168884, 20.388128519058228, 949, 0.04996170339735633, 0, 100000
4198, -3143.7069140076637, 32.486355781555176, 1498, 0.04996170339735633, 0, 100000
4199, 193.16091299057007, 5.405142307281494, 243, 0.04996170339735633, 0, 100000
4200, -4721.227698087692, 32.82322669029236, 1498, 0.04996170339735633, 0, 100000
4201, -3201.975905895233, 32.49631381034851, 1498, 0.04996170339735633, 0, 100000
4202, -2577.3408005833626, 13.433406352996826, 614, 0.04996170339735633, 0, 100000
4203, -3109.9182780981064, 33.161993741989136, 1498, 0.04996170339735633, 0, 100000
4204, 296.03717398643494, 4.494858026504517, 201, 0.04996170339735633, 0, 100000
4205, 495.10464918613434, 0.10378599166870117, 4, 0.04996170339735633, 0, 100000
4206, -3146.291824877262, 32.57167339324951, 1498, 0.04996170339735633, 0, 100000
4207, -5077.465090811253, 29.62325119972229, 1351, 0.04996170339735633, 0, 100000
4208, -2847.5184873342514, 16.652417421340942, 763, 0.04996170339735633, 0, 100000
4209, -869.6764184236526, 24.848379135131836, 1139, 0.04996170339735633, 0, 100000
4210, -1791.4085988998413, 1.4962661266326904, 67, 0.04996170339735633, 0, 100000
4211, -3241.7987283468246, 32.5580358505249, 1498, 0.04996170339735633, 0, 100000
4212, -3365.0635231137276, 33.00079655647278, 1498, 0.04996170339735633, 0, 100000
4213, 163.42850422859192, 5.590592622756958, 249, 0.04996170339735633, 0, 100000
4214, 495.1549038887024, 0.12684917449951172, 4, 0.04996170339735633, 0, 100000
4215, -3422.9403168559074, 32.916844606399536, 1488, 0.04996170339735633, 0, 100000
4216, -92.21315282583237, 11.617154121398926, 527, 0.04996170339735633, 0, 100000
4217, -2986.1844331622124, 23.346923351287842, 1061, 0.04996170339735633, 0, 100000
4218, 290.13423895835876, 4.288483142852783, 196, 0.04996170339735633, 0, 100000
4219, -3031.040042579174, 24.983466386795044, 1136, 0.04996170339735633, 0, 100000
4220, -3677.6272913217545, 28.604706287384033, 1309, 0.04996170339735633, 0, 100000
4221, -2438.510339975357, 16.663026332855225, 762, 0.04996170339735633, 0, 100000
4222, -2248.594275057316, 12.073156118392944, 545, 0.04996170339735633, 0, 100000
4223, 295.3710333108902, 4.1557440757751465, 184, 0.04996170339735633, 0, 100000
4224, -297.9647135734558, 13.225456714630127, 602, 0.04996170339735633, 0, 100000
4225, -2175.750129342079, 5.4978673458099365, 246, 0.04996170339735633, 0, 100000
4226, -3136.189370751381, 32.6816680431366, 1498, 0.04996170339735633, 0, 100000
4227, -80.37909543514252, 11.020171165466309, 495, 0.04996170339735633, 0, 100000
4228, -3238.9942402243614, 32.88999938964844, 1498, 0.04996170339735633, 0, 100000
4229, -4358.250283181667, 23.729171991348267, 1090, 0.04996170339735633, 0, 100000
4230, -2477.4688491225243, 12.268404722213745, 558, 0.04996170339735633, 0, 100000
4231, -3185.7699613571167, 32.68914270401001, 1498, 0.04996170339735633, 0, 100000
4232, -3957.579938709736, 29.391749143600464, 1347, 0.04996170339735633, 0, 100000
4233, -3313.786337673664, 21.027841567993164, 959, 0.04996170339735633, 0, 100000
4234, -3125.9631266593933, 32.6774799823761, 1498, 0.04996170339735633, 0, 100000
4235, -3836.341986000538, 24.725504875183105, 1125, 0.04996170339735633, 0, 100000
4236, 155.37444150447845, 5.543769121170044, 251, 0.04996170339735633, 0, 100000
4237, -76.38971197605133, 11.615864038467407, 529, 0.04996170339735633, 0, 100000
4238, -3838.7614482045174, 33.23832607269287, 1498, 0.04996170339735633, 0, 100000
4239, -2708.502124249935, 20.790207386016846, 949, 0.04996170339735633, 0, 100000
4240, -5184.1342495679855, 32.718631744384766, 1498, 0.04996170339735633, 0, 100000
4241, -3507.2058824300766, 20.990694284439087, 952, 0.04996170339735633, 0, 100000
4242, -55.289372861385345, 11.82475757598877, 512, 0.04996170339735633, 0, 100000
4243, -3441.649835050106, 28.098575115203857, 1284, 0.04996170339735633, 0, 100000
4244, 310.3801192045212, 4.199009656906128, 184, 0.04996170339735633, 0, 100000
4245, -3269.302789270878, 31.509626150131226, 1446, 0.04996170339735633, 0, 100000
4246, -48.30995589494705, 10.72634220123291, 492, 0.04996170339735633, 0, 100000
4247, -341.6876263022423, 13.637444257736206, 618, 0.04996170339735633, 0, 100000
4248, -3964.988706946373, 28.04092574119568, 1275, 0.04996170339735633, 0, 100000
4249, -2591.5052556991577, 13.512933731079102, 611, 0.04996170339735633, 0, 100000
4250, -4103.059180557728, 23.529102563858032, 1079, 0.04996170339735633, 0, 100000
4251, -3960.3191325068474, 31.085067987442017, 1421, 0.04996170339735633, 0, 100000
4252, 301.82142102718353, 4.166642665863037, 187, 0.04996170339735633, 0, 100000
4253, -429.56704622507095, 17.709232568740845, 805, 0.04996170339735633, 0, 100000
4254, -4019.3553720116615, 32.73526692390442, 1498, 0.04996170339735633, 0, 100000
4255, 288.89905124902725, 4.280726671218872, 190, 0.04996170339735633, 0, 100000
4256, 492.3688209056854, 0.10332512855529785, 4, 0.04996170339735633, 0, 100000
4257, -2677.0054676532745, 8.726397037506104, 395, 0.04996170339735633, 0, 100000
4258, -3645.572932600975, 26.058444499969482, 1184, 0.04996170339735633, 0, 100000
4259, -3216.257375895977, 32.59800577163696, 1498, 0.04996170339735633, 0, 100000
4260, -2419.1268154382706, 9.170320987701416, 421, 0.04996170339735633, 0, 100000
4261, -2327.0088301301003, 14.017247200012207, 633, 0.04996170339735633, 0, 100000
4262, -49.08139532804489, 11.090004682540894, 498, 0.04996170339735633, 0, 100000
4263, -2241.165723860264, 6.756191968917847, 308, 0.04996170339735633, 0, 100000
4264, -4290.147044360638, 32.55980610847473, 1498, 0.04996170339735633, 0, 100000
4265, -1319.4194958209991, 29.89586067199707, 1375, 0.04996170339735633, 0, 100000
4266, -3202.081400334835, 13.631083965301514, 621, 0.04996170339735633, 0, 100000
4267, -2317.6943472623825, 11.952919006347656, 543, 0.04996170339735633, 0, 100000
4268, -2634.475249350071, 17.626402854919434, 805, 0.04996170339735633, 0, 100000
4269, -5462.4799137711525, 28.612481355667114, 1312, 0.04996170339735633, 0, 100000
4270, -2408.3465254306793, 14.163517475128174, 641, 0.04996170339735633, 0, 100000
4271, -72.45207530260086, 10.599442481994629, 490, 0.04996170339735633, 0, 100000
4272, -3419.5619258880615, 32.61759281158447, 1498, 0.04996170339735633, 0, 100000
4273, -2892.897305190563, 15.548195362091064, 707, 0.04996170339735633, 0, 100000
4274, -2611.8158646821976, 20.377919673919678, 934, 0.04996170339735633, 0, 100000
4275, 43.06177222728729, 6.610193967819214, 294, 0.04996170339735633, 0, 100000
4276, 495.00597566366196, 0.08457684516906738, 4, 0.04996170339735633, 0, 100000
4277, 494.98224568367004, 0.08470487594604492, 4, 0.04996170339735633, 0, 100000
4278, -3269.9917642474174, 25.933249473571777, 1194, 0.04996170339735633, 0, 100000
4279, -2446.9110424518585, 13.572574138641357, 619, 0.04996170339735633, 0, 100000
4280, -2857.618629515171, 17.357390880584717, 794, 0.04996170339735633, 0, 100000
4281, 233.53469789028168, 4.771262168884277, 213, 0.04996170339735633, 0, 100000
4282, -3307.3178733587265, 27.346179723739624, 1248, 0.04996170339735633, 0, 100000
4283, -2771.0022117495537, 21.323941707611084, 978, 0.04996170339735633, 0, 100000
4284, -2549.9941561818123, 18.414357662200928, 803, 0.04996170339735633, 0, 100000
4285, -4364.075552284718, 25.77114200592041, 1178, 0.04996170339735633, 0, 100000
4286, -4335.279691398144, 25.09477162361145, 1148, 0.04996170339735633, 0, 100000
4287, -2442.9751829504967, 15.093693733215332, 692, 0.04996170339735633, 0, 100000
4288, -4326.810335159302, 32.53481149673462, 1498, 0.04996170339735633, 0, 100000
4289, -2280.1127392053604, 13.832724571228027, 626, 0.04996170339735633, 0, 100000
4290, -2364.1193949580193, 13.325459003448486, 607, 0.04996170339735633, 0, 100000
4291, -4350.696961343288, 29.383225202560425, 1339, 0.04996170339735633, 0, 100000
4292, -2491.2913159132004, 15.589965581893921, 700, 0.04996170339735633, 0, 100000
4293, -2972.1879378557205, 19.308723211288452, 875, 0.04996170339735633, 0, 100000
4294, -4220.143866956234, 31.40464687347412, 1453, 0.04996170339735633, 0, 100000
4295, -2634.6311462521553, 17.050180196762085, 778, 0.04996170339735633, 0, 100000
4296, -4288.8340230584145, 32.59792423248291, 1498, 0.04996170339735633, 0, 100000
4297, -4079.519048690796, 22.569241285324097, 1030, 0.04996170339735633, 0, 100000
4298, -3205.4368249177933, 32.92941355705261, 1498, 0.04996170339735633, 0, 100000
4299, -3809.6094121932983, 32.46477198600769, 1498, 0.04996170339735633, 0, 100000
4300, -827.2662084698677, 24.640795469284058, 1127, 0.04996170339735633, 0, 100000
4301, -1011.4074233174324, 29.75768804550171, 1368, 0.04996170339735633, 0, 100000
4302, -3248.2234168052673, 32.67527365684509, 1498, 0.04996170339735633, 0, 100000
4303, 170.5828965306282, 5.472211837768555, 250, 0.04996170339735633, 0, 100000
4304, -3485.721305847168, 32.805461168289185, 1498, 0.04996170339735633, 0, 100000
4305, -75.24965518712997, 11.179095268249512, 509, 0.04996170339735633, 0, 100000
4306, -3909.334175169468, 22.485976457595825, 1021, 0.04996170339735633, 0, 100000
4307, -3231.2691301107407, 33.085206031799316, 1498, 0.04996170339735633, 0, 100000
4308, -2624.6235394477844, 20.753222465515137, 939, 0.04996170339735633, 0, 100000
4309, -4192.932089567184, 33.17606043815613, 1498, 0.04996170339735633, 0, 100000
4310, -4555.685325503349, 32.90140151977539, 1498, 0.04996170339735633, 0, 100000
4311, -173.232095181942, 12.621379852294922, 578, 0.04996170339735633, 0, 100000
4312, 493.76552867889404, 0.09409594535827637, 4, 0.04996170339735633, 0, 100000
4313, -1938.0225502252579, 4.16137170791626, 187, 0.04996170339735633, 0, 100000
4314, -3064.3249406814575, 33.72501540184021, 1498, 0.04996170339735633, 0, 100000
4315, -3735.2527291178703, 32.70477318763733, 1498, 0.04996170339735633, 0, 100000
4316, -2609.472141981125, 17.286389350891113, 793, 0.04996170339735633, 0, 100000
4317, 8.715661883354187, 6.640758752822876, 307, 0.04996170339735633, 0, 100000
4318, -275.15052711963654, 14.632013320922852, 660, 0.04996170339735633, 0, 100000
4319, 314.7413621544838, 3.676840305328369, 163, 0.04996170339735633, 0, 100000
4320, -3657.298066318035, 16.768824338912964, 764, 0.04996170339735633, 0, 100000
4321, -2316.4128009676933, 12.446585893630981, 570, 0.04996170339735633, 0, 100000
4322, -3134.134498655796, 33.02485466003418, 1498, 0.04996170339735633, 0, 100000
4323, -4401.97453981638, 29.890077114105225, 1378, 0.04996170339735633, 0, 100000
4324, -814.8399633765221, 24.580482959747314, 1126, 0.04996170339735633, 0, 100000
4325, -3252.5459141135216, 32.45453763008118, 1498, 0.04996170339735633, 0, 100000
4326, -2409.638230204582, 13.66222357749939, 624, 0.04996170339735633, 0, 100000
4327, 229.37841802835464, 5.512934446334839, 208, 0.04996170339735633, 0, 100000
4328, -3156.3758006691933, 32.76250076293945, 1498, 0.04996170339735633, 0, 100000
4329, -3539.1269147396088, 32.84321451187134, 1498, 0.04996170339735633, 0, 100000
4330, 301.9286559224129, 4.207291603088379, 190, 0.04996170339735633, 0, 100000
4331, -4270.713311553001, 32.88958191871643, 1498, 0.04996170339735633, 0, 100000
4332, 172.9428722858429, 5.4061737060546875, 243, 0.04996170339735633, 0, 100000
4333, -3283.1676545143127, 20.660756587982178, 937, 0.04996170339735633, 0, 100000
4334, -4337.820761442184, 26.442745685577393, 1160, 0.04996170339735633, 0, 100000
4335, -3196.135845720768, 32.49384140968323, 1498, 0.04996170339735633, 0, 100000
4336, -3998.225235402584, 32.982301473617554, 1498, 0.04996170339735633, 0, 100000
4337, -3119.8921099305153, 33.0692982673645, 1498, 0.04996170339735633, 0, 100000
4338, 6.62954169511795, 9.666154384613037, 434, 0.04996170339735633, 0, 100000
4339, -4953.832886815071, 32.88282084465027, 1498, 0.04996170339735633, 0, 100000
4340, -3229.1588377952576, 21.53553581237793, 872, 0.04996170339735633, 0, 100000
4341, 113.46607559919357, 5.986035585403442, 269, 0.04996170339735633, 0, 100000
4342, -38.53257232904434, 10.811156272888184, 491, 0.04996170339735633, 0, 100000
4343, 492.82362151145935, 0.11219024658203125, 4, 0.04996170339735633, 0, 100000
4344, -4843.460849881172, 34.08591079711914, 1498, 0.04996170339735633, 0, 100000
4345, -3104.8404665589333, 32.54725694656372, 1498, 0.04996170339735633, 0, 100000
4346, -4221.621372282505, 32.540459871292114, 1498, 0.04996170339735633, 0, 100000
4347, -20.923628270626068, 10.248499870300293, 467, 0.04996170339735633, 0, 100000
4348, -3791.0808218717575, 19.98941946029663, 923, 0.04996170339735633, 0, 100000
4349, -4233.473104298115, 37.207210540771484, 1498, 0.04996170339735633, 0, 100000
4350, 155.14173299074173, 5.790721416473389, 257, 0.04996170339735633, 0, 100000
4351, -3804.554768681526, 32.82594394683838, 1498, 0.04996170339735633, 0, 100000
4352, -4394.529022634029, 24.505542755126953, 1103, 0.04996170339735633, 0, 100000
4353, -3460.1743592619896, 20.739760637283325, 942, 0.04996170339735633, 0, 100000
4354, -2956.4893438220024, 16.742521286010742, 770, 0.04996170339735633, 0, 100000
4355, 285.8675107359886, 4.217566728591919, 195, 0.04996170339735633, 0, 100000
4356, -4575.490870893002, 26.761882066726685, 1231, 0.04996170339735633, 0, 100000
4357, 145.45049583911896, 5.688422203063965, 258, 0.04996170339735633, 0, 100000
4358, -651.6795706748962, 20.25896978378296, 925, 0.04996170339735633, 0, 100000
4359, -473.62987035512924, 16.53624701499939, 749, 0.04996170339735633, 0, 100000
4360, -2266.4137831926346, 11.416016578674316, 519, 0.04996170339735633, 0, 100000
4361, 306.67990404367447, 4.13725209236145, 185, 0.04996170339735633, 0, 100000
4362, -4315.694879770279, 31.030325651168823, 1398, 0.04996170339735633, 0, 100000
4363, 198.3350459933281, 5.281124591827393, 234, 0.04996170339735633, 0, 100000
4364, -4331.99382519722, 32.73888564109802, 1498, 0.04996170339735633, 0, 100000
4365, 297.0820971727371, 4.38695502281189, 199, 0.04996170339735633, 0, 100000
4366, -364.683866918087, 15.545081853866577, 706, 0.04996170339735633, 0, 100000
4367, -3226.392431497574, 25.18328309059143, 1136, 0.04996170339735633, 0, 100000
4368, -2415.8693863749504, 12.150588989257812, 544, 0.04996170339735633, 0, 100000
4369, 314.5490709543228, 4.066129446029663, 182, 0.04996170339735633, 0, 100000
4370, -3251.985057234764, 33.063703298568726, 1498, 0.04996170339735633, 0, 100000
4371, -3739.5539952516556, 19.37996554374695, 876, 0.04996170339735633, 0, 100000
4372, -4162.049913704395, 22.633612155914307, 1032, 0.04996170339735633, 0, 100000
4373, -4081.326302230358, 23.978515148162842, 1098, 0.04996170339735633, 0, 100000
4374, -4717.048676371574, 30.41307806968689, 1387, 0.04996170339735633, 0, 100000
4375, -3282.0824452638626, 32.7855441570282, 1498, 0.04996170339735633, 0, 100000
4376, -4728.891991555691, 26.97574019432068, 1224, 0.04996170339735633, 0, 100000
4377, -2529.472602725029, 13.37101697921753, 603, 0.04996170339735633, 0, 100000
4378, 283.78869211673737, 4.596766233444214, 210, 0.04996170339735633, 0, 100000
4379, -2724.3558997511864, 11.430647134780884, 513, 0.04996170339735633, 0, 100000
4380, -4180.700576782227, 26.40470838546753, 1203, 0.04996170339735633, 0, 100000
4381, 216.0534115433693, 5.330594539642334, 238, 0.04996170339735633, 0, 100000
4382, -3071.419285058975, 32.66211652755737, 1498, 0.04996170339735633, 0, 100000
4383, -3398.3626856803894, 15.362762212753296, 688, 0.04996170339735633, 0, 100000
4384, -4060.6093760728836, 33.3743200302124, 1498, 0.04996170339735633, 0, 100000
4385, -4327.463275313377, 29.89670991897583, 1352, 0.04996170339735633, 0, 100000
4386, 301.4599099755287, 4.236351490020752, 190, 0.04996170339735633, 0, 100000
4387, -3126.934382855892, 32.930806159973145, 1498, 0.04996170339735633, 0, 100000
4388, 166.73320519924164, 5.68684196472168, 261, 0.04996170339735633, 0, 100000
4389, -2943.551314294338, 18.432790517807007, 835, 0.04996170339735633, 0, 100000
4390, -1945.9808406233788, 32.00242590904236, 1462, 0.04996170339735633, 0, 100000
4391, 493.4287050962448, 0.09633278846740723, 4, 0.04996170339735633, 0, 100000
4392, -3121.969253897667, 13.324061393737793, 612, 0.04996170339735633, 0, 100000
4393, -4072.8128982782364, 35.7055127620697, 1498, 0.04996170339735633, 0, 100000
4394, -3205.3324776887894, 33.289225339889526, 1498, 0.04996170339735633, 0, 100000
4395, -3227.009676218033, 23.198068618774414, 913, 0.04996170339735633, 0, 100000
4396, -2592.181106865406, 15.631306171417236, 710, 0.04996170339735633, 0, 100000
4397, 209.18808370828629, 5.330111980438232, 240, 0.04996170339735633, 0, 100000
4398, -1094.3774164915085, 26.944892168045044, 1227, 0.04996170339735633, 0, 100000
4399, 17.310436606407166, 8.402857780456543, 382, 0.04996170339735633, 0, 100000
4400, -3152.9535537958145, 33.10691475868225, 1498, 0.04996170339735633, 0, 100000
4401, -4366.217848837376, 26.316938877105713, 1192, 0.04996170339735633, 0, 100000
4402, 190.59458231925964, 5.491960525512695, 242, 0.04996170339735633, 0, 100000
4403, -1382.2145130038261, 26.503182411193848, 1209, 0.04996170339735633, 0, 100000
4404, -5390.446689248085, 23.93759036064148, 1086, 0.04996170339735633, 0, 100000
4405, 204.50624948740005, 5.365211725234985, 241, 0.04996170339735633, 0, 100000
4406, -5361.841656982899, 32.53265166282654, 1498, 0.04996170339735633, 0, 100000
4407, 311.1608262658119, 4.093790531158447, 179, 0.04996170339735633, 0, 100000
4408, 493.02157986164093, 0.10352373123168945, 4, 0.04996170339735633, 0, 100000
4409, -3342.6726202964783, 19.85532569885254, 916, 0.04996170339735633, 0, 100000
4410, -2918.155234336853, 16.405760526657104, 750, 0.04996170339735633, 0, 100000
4411, 198.82109373807907, 5.372976779937744, 245, 0.04996170339735633, 0, 100000
4412, -4845.071440041065, 32.407031536102295, 1476, 0.04996170339735633, 0, 100000
4413, -3285.930994808674, 32.94599103927612, 1498, 0.04996170339735633, 0, 100000
4414, -3809.960533320904, 32.54861283302307, 1498, 0.04996170339735633, 0, 100000
4415, 193.44693338871002, 5.450284481048584, 247, 0.04996170339735633, 0, 100000
4416, -73.98915982246399, 8.053457021713257, 365, 0.04996170339735633, 0, 100000
4417, -4364.153360128403, 32.704620122909546, 1498, 0.04996170339735633, 0, 100000
4418, -5098.7618389725685, 33.138991594314575, 1498, 0.04996170339735633, 0, 100000
4419, -5201.243991911411, 28.99034285545349, 1324, 0.04996170339735633, 0, 100000
4420, -321.18078154325485, 14.813114881515503, 669, 0.04996170339735633, 0, 100000
4421, -3635.607108950615, 19.180511713027954, 878, 0.04996170339735633, 0, 100000
4422, -3101.5426014065742, 32.61080074310303, 1498, 0.04996170339735633, 0, 100000
4423, -2826.390087723732, 17.184943199157715, 782, 0.04996170339735633, 0, 100000
4424, -3100.748263299465, 16.404921293258667, 739, 0.04996170339735633, 0, 100000
4425, -3091.7795994877815, 32.60939121246338, 1498, 0.04996170339735633, 0, 100000
4426, -4389.935292482376, 32.78560423851013, 1498, 0.04996170339735633, 0, 100000
4427, -3028.8708637952805, 34.23662757873535, 1498, 0.04996170339735633, 0, 100000
4428, -2304.374061048031, 9.194695234298706, 416, 0.04996170339735633, 0, 100000
4429, -2278.0504047870636, 10.466020584106445, 476, 0.04996170339735633, 0, 100000
4430, -4201.9325014948845, 23.01065683364868, 1031, 0.04996170339735633, 0, 100000
4431, -3090.9557442069054, 33.193506479263306, 1498, 0.04996170339735633, 0, 100000
4432, 190.11697483062744, 5.414201736450195, 241, 0.04996170339735633, 0, 100000
4433, -3215.5780851244926, 33.23356509208679, 1498, 0.04996170339735633, 0, 100000
4434, -4214.541827142239, 32.800386905670166, 1498, 0.04996170339735633, 0, 100000
4435, -3182.2713512182236, 32.82864546775818, 1498, 0.04996170339735633, 0, 100000
4436, -33.592684864997864, 10.51071810722351, 474, 0.04996170339735633, 0, 100000
4437, 491.9419379234314, 0.11382794380187988, 4, 0.04996170339735633, 0, 100000
4438, -3671.599088072777, 21.5308198928833, 969, 0.04996170339735633, 0, 100000
4439, 189.81543844938278, 5.6396644115448, 254, 0.04996170339735633, 0, 100000
4440, -3143.365075170994, 33.153544425964355, 1498, 0.04996170339735633, 0, 100000
4441, -4296.674600183964, 23.200175285339355, 1054, 0.04996170339735633, 0, 100000
4442, -93.97874903678894, 11.541598558425903, 522, 0.04996170339735633, 0, 100000
4443, -3226.483635723591, 32.88657236099243, 1498, 0.04996170339735633, 0, 100000
4444, -5015.826011300087, 33.21742796897888, 1498, 0.04996170339735633, 0, 100000
4445, -4750.078396320343, 32.21923303604126, 1474, 0.04996170339735633, 0, 100000
4446, -4785.624496459961, 30.084287405014038, 1377, 0.04996170339735633, 0, 100000
4447, 226.68331962823868, 5.204732179641724, 233, 0.04996170339735633, 0, 100000
4448, 494.4558302164078, 0.08465743064880371, 4, 0.04996170339735633, 0, 100000
4449, -377.5296171307564, 14.760587215423584, 664, 0.04996170339735633, 0, 100000
4450, -3745.9508371949196, 33.00758123397827, 1498, 0.04996170339735633, 0, 100000
4451, -3059.882188796997, 32.8082115650177, 1498, 0.04996170339735633, 0, 100000
4452, -3190.8467912077904, 32.84260606765747, 1498, 0.04996170339735633, 0, 100000
4453, -1008.8226515054703, 27.45664072036743, 1249, 0.04996170339735633, 0, 100000
4454, 491.9875637292862, 0.07439184188842773, 4, 0.04996170339735633, 0, 100000
4455, -3161.6437299847603, 32.78402233123779, 1498, 0.04996170339735633, 0, 100000
4456, -58.9054958820343, 11.213970422744751, 507, 0.04996170339735633, 0, 100000
4457, -3145.8363376259804, 33.11941456794739, 1498, 0.04996170339735633, 0, 100000
4458, -147.1040165424347, 13.243281364440918, 594, 0.04996170339735633, 0, 100000
4459, -3407.1098303198814, 32.982564210891724, 1498, 0.04996170339735633, 0, 100000
4460, -822.0657175183296, 25.056058645248413, 1146, 0.04996170339735633, 0, 100000
4461, 492.9419732093811, 0.11527371406555176, 4, 0.04996170339735633, 0, 100000
4462, -2813.414393246174, 18.58840775489807, 843, 0.04996170339735633, 0, 100000
4463, 225.35474079847336, 5.516995906829834, 212, 0.04996170339735633, 0, 100000
4464, -275.1423337459564, 8.131825685501099, 367, 0.04996170339735633, 0, 100000
4465, -3093.890934765339, 33.08353543281555, 1498, 0.04996170339735633, 0, 100000
4466, 274.22477930784225, 4.280345439910889, 197, 0.04996170339735633, 0, 100000
4467, -1206.6540588140488, 22.691139936447144, 1024, 0.04996170339735633, 0, 100000
4468, -53.2841500043869, 8.907953977584839, 401, 0.04996170339735633, 0, 100000
4469, -6344.720072507858, 32.7845025062561, 1498, 0.04996170339735633, 0, 100000
4470, -3162.85606443882, 33.00358533859253, 1498, 0.04996170339735633, 0, 100000
4471, -4546.879589557648, 28.217345714569092, 1290, 0.04996170339735633, 0, 100000
4472, 284.88152039051056, 4.279321193695068, 193, 0.04996170339735633, 0, 100000
4473, -3394.018517971039, 19.658707857131958, 894, 0.04996170339735633, 0, 100000
4474, -3548.31091350317, 23.461424350738525, 1060, 0.04996170339735633, 0, 100000
4475, -4314.775245964527, 33.02677631378174, 1498, 0.04996170339735633, 0, 100000
4476, -3062.4625734090805, 33.039674043655396, 1498, 0.04996170339735633, 0, 100000
4477, -794.3374471068382, 24.29722785949707, 1121, 0.04996170339735633, 0, 100000
4478, -3723.03516381979, 17.827805995941162, 816, 0.04996170339735633, 0, 100000
4479, 277.547527551651, 4.309978723526001, 195, 0.04996170339735633, 0, 100000
4480, -3232.4938867092133, 32.995153188705444, 1498, 0.04996170339735633, 0, 100000
4481, -3412.4517638087273, 33.19610524177551, 1498, 0.04996170339735633, 0, 100000
4482, -147.65617263317108, 12.150728464126587, 545, 0.04996170339735633, 0, 100000
4483, -3467.2382547855377, 33.23571991920471, 1498, 0.04996170339735633, 0, 100000
4484, -4879.271365463734, 31.005726099014282, 1389, 0.04996170339735633, 0, 100000
4485, -4045.2667269706726, 33.15647625923157, 1498, 0.04996170339735633, 0, 100000
4486, -1043.7243809700012, 29.563114643096924, 1336, 0.04996170339735633, 0, 100000
4487, 495.43628400564194, 0.0735175609588623, 4, 0.04996170339735633, 0, 100000
4488, -2778.847830235958, 19.48496961593628, 888, 0.04996170339735633, 0, 100000
4489, -3100.293229699135, 32.740095376968384, 1498, 0.04996170339735633, 0, 100000
4490, -3138.0498886704445, 32.49254083633423, 1498, 0.04996170339735633, 0, 100000
4491, -33.89589577913284, 10.978368759155273, 494, 0.04996170339735633, 0, 100000
4492, 493.2727029323578, 0.15210843086242676, 4, 0.04996170339735633, 0, 100000
4493, -2991.194821894169, 25.9177885055542, 1188, 0.04996170339735633, 0, 100000
4494, -3132.4201362133026, 32.92817258834839, 1498, 0.04996170339735633, 0, 100000
4495, -55.95073300600052, 11.106971979141235, 502, 0.04996170339735633, 0, 100000
4496, -3176.4907841086388, 32.73201131820679, 1498, 0.04996170339735633, 0, 100000
4497, -2882.9599701166153, 25.138641119003296, 1143, 0.04996170339735633, 0, 100000
4498, -2952.481380581856, 27.482685565948486, 1254, 0.04996170339735633, 0, 100000
4499, 18.5931116938591, 9.807307720184326, 439, 0.04996170339735633, 0, 100000
4500, -4449.159482836723, 26.28150987625122, 1189, 0.04996170339735633, 0, 100000
4501, 349.0739730000496, 4.096285104751587, 139, 0.04996170339735633, 0, 100000
4502, 494.75192189216614, 0.14584589004516602, 4, 0.04996170339735633, 0, 100000
4503, -4448.364015638828, 33.01163411140442, 1498, 0.04996170339735633, 0, 100000
4504, 200.12376427650452, 5.2229225635528564, 238, 0.04996170339735633, 0, 100000
4505, -3099.731402158737, 32.61007213592529, 1498, 0.04996170339735633, 0, 100000
4506, -751.603774189949, 16.119112491607666, 708, 0.04996170339735633, 0, 100000
4507, -2278.671418070793, 11.76813006401062, 532, 0.04996170339735633, 0, 100000
4508, -441.09998893737793, 15.071017503738403, 691, 0.04996170339735633, 0, 100000
4509, -2408.5686540603638, 13.381106615066528, 613, 0.04996170339735633, 0, 100000
4510, 20.785589337348938, 9.472801446914673, 432, 0.04996170339735633, 0, 100000
4511, -3512.5122697353363, 32.948970794677734, 1498, 0.04996170339735633, 0, 100000
4512, -3144.2150859832764, 32.89088296890259, 1498, 0.04996170339735633, 0, 100000
4513, -3047.040362775326, 32.94703388214111, 1498, 0.04996170339735633, 0, 100000
4514, -3037.9944785237312, 32.58046531677246, 1498, 0.04996170339735633, 0, 100000
4515, -5035.97345751524, 32.53304147720337, 1498, 0.04996170339735633, 0, 100000
4516, -5357.13582187891, 32.09638476371765, 1458, 0.04996170339735633, 0, 100000
4517, -4105.382900595665, 32.95902132987976, 1498, 0.04996170339735633, 0, 100000
4518, -296.18106973171234, 13.687879800796509, 622, 0.04996170339735633, 0, 100000
4519, -3632.118022799492, 33.09863471984863, 1498, 0.04996170339735633, 0, 100000
4520, -2686.47156393528, 21.49189519882202, 975, 0.04996170339735633, 0, 100000
4521, -991.783101439476, 9.39832329750061, 429, 0.04996170339735633, 0, 100000
4522, -4101.325925409794, 32.86717414855957, 1498, 0.04996170339735633, 0, 100000
4523, 159.87716668844223, 5.549412488937378, 252, 0.04996170339735633, 0, 100000
4524, -1859.9721219539642, 4.707786321640015, 214, 0.04996170339735633, 0, 100000
4525, -1084.5676272511482, 29.93018913269043, 1362, 0.04996170339735633, 0, 100000
4526, 492.96401929855347, 0.12264251708984375, 4, 0.04996170339735633, 0, 100000
4527, -3869.737072467804, 32.774184226989746, 1498, 0.04996170339735633, 0, 100000
4528, -59.26566272974014, 11.382043838500977, 515, 0.04996170339735633, 0, 100000
4529, -3178.379616856575, 32.778971672058105, 1498, 0.04996170339735633, 0, 100000
4530, -3914.961025953293, 33.26912808418274, 1498, 0.04996170339735633, 0, 100000
4531, -2830.8547496795654, 24.260860443115234, 1109, 0.04996170339735633, 0, 100000
4532, -1007.0864940285683, 28.902791738510132, 1319, 0.04996170339735633, 0, 100000
4533, -3711.8039550185204, 18.113277673721313, 821, 0.04996170339735633, 0, 100000
4534, 283.7268461585045, 4.3085103034973145, 192, 0.04996170339735633, 0, 100000
4535, -4262.05207657814, 32.89832043647766, 1498, 0.04996170339735633, 0, 100000
4536, -4383.128297507763, 14.102400302886963, 647, 0.04996170339735633, 0, 100000
4537, -802.6567141413689, 24.56209659576416, 1118, 0.04996170339735633, 0, 100000
4538, -3237.120571434498, 32.999868392944336, 1498, 0.04996170339735633, 0, 100000
4539, -615.0543771982193, 8.086411476135254, 363, 0.04996170339735633, 0, 100000
4540, -6227.2609912753105, 33.12473654747009, 1498, 0.04996170339735633, 0, 100000
4541, -781.3088675141335, 24.620474338531494, 1108, 0.04996170339735633, 0, 100000
4542, -3156.6705555915833, 33.07233786582947, 1498, 0.04996170339735633, 0, 100000
4543, -2530.6916766762733, 17.937865495681763, 809, 0.04996170339735633, 0, 100000
4544, 293.12703508138657, 4.366037368774414, 194, 0.04996170339735633, 0, 100000
4545, 51.615323424339294, 8.491754293441772, 386, 0.04996170339735633, 0, 100000
4546, 238.5932002067566, 4.7964582443237305, 211, 0.04996170339735633, 0, 100000
4547, -3113.4446563124657, 33.00182342529297, 1498, 0.04996170339735633, 0, 100000
4548, -940.0954433083534, 28.1125590801239, 1208, 0.04996170339735633, 0, 100000
4549, 491.5726183652878, 0.06542515754699707, 4, 0.04996170339735633, 0, 100000
4550, 491.46891355514526, 0.06591939926147461, 4, 0.04996170339735633, 0, 100000
4551, -3260.594714462757, 32.84026265144348, 1498, 0.04996170339735633, 0, 100000
4552, -3127.4108803868294, 32.587361335754395, 1498, 0.04996170339735633, 0, 100000
4553, -1510.8171488046646, 29.42838430404663, 1293, 0.04996170339735633, 0, 100000
4554, -5615.618795633316, 32.74782085418701, 1498, 0.04996170339735633, 0, 100000
4555, -889.8164021968842, 26.698809385299683, 1219, 0.04996170339735633, 0, 100000
4556, -2375.852262675762, 12.033511638641357, 539, 0.04996170339735633, 0, 100000
4557, -4131.532913029194, 33.30584096908569, 1498, 0.04996170339735633, 0, 100000
4558, -4945.98030436039, 28.863892793655396, 1298, 0.04996170339735633, 0, 100000
4559, 309.8025475740433, 4.063360929489136, 176, 0.04996170339735633, 0, 100000
4560, -41.61910408735275, 8.956122398376465, 402, 0.04996170339735633, 0, 100000
4561, -926.7569229602814, 27.929148197174072, 1278, 0.04996170339735633, 0, 100000
4562, 495.66763895750046, 0.10823822021484375, 4, 0.04996170339735633, 0, 100000
4563, -3602.6661910414696, 32.99558711051941, 1498, 0.04996170339735633, 0, 100000
4564, -872.0134910345078, 18.546597242355347, 837, 0.04996170339735633, 0, 100000
4565, -3498.538465499878, 33.46310472488403, 1498, 0.04996170339735633, 0, 100000
4566, -3182.9274136424065, 33.134480476379395, 1498, 0.04996170339735633, 0, 100000
4567, -3283.5152322649956, 32.749861001968384, 1498, 0.04996170339735633, 0, 100000
4568, -3866.755440413952, 32.98078417778015, 1498, 0.04996170339735633, 0, 100000
4569, -3275.9990203380585, 33.05398488044739, 1498, 0.04996170339735633, 0, 100000
4570, -4629.26562923193, 33.13879990577698, 1498, 0.04996170339735633, 0, 100000
4571, -4371.282969295979, 27.773385763168335, 1263, 0.04996170339735633, 0, 100000
4572, -2951.2331256866455, 18.605639696121216, 832, 0.04996170339735633, 0, 100000
4573, -4067.360795080662, 32.99242544174194, 1498, 0.04996170339735633, 0, 100000
4574, -4731.703081429005, 32.71943688392639, 1498, 0.04996170339735633, 0, 100000
4575, 149.13889747858047, 5.687145471572876, 255, 0.04996170339735633, 0, 100000
4576, -2333.5493804216385, 9.79990267753601, 439, 0.04996170339735633, 0, 100000
4577, -3182.9502506256104, 33.08092212677002, 1498, 0.04996170339735633, 0, 100000
4578, 145.344795525074, 5.714785575866699, 255, 0.04996170339735633, 0, 100000
4579, -50.09131622314453, 9.860888242721558, 441, 0.04996170339735633, 0, 100000
4580, -202.10398614406586, 5.049088954925537, 226, 0.04996170339735633, 0, 100000
4581, 154.7510280609131, 4.4584033489227295, 203, 0.04996170339735633, 0, 100000
4582, -4591.443520903587, 26.436946392059326, 1210, 0.04996170339735633, 0, 100000
4583, -2207.800622701645, 6.964210271835327, 314, 0.04996170339735633, 0, 100000
4584, -26.804901361465454, 9.93398904800415, 440, 0.04996170339735633, 0, 100000
4585, -5303.392601311207, 32.01581954956055, 1440, 0.04996170339735633, 0, 100000
4586, 8.40829712152481, 9.435061693191528, 420, 0.04996170339735633, 0, 100000
4587, -3181.0205669999123, 33.18229007720947, 1498, 0.04996170339735633, 0, 100000
4588, 139.4655823111534, 5.625293016433716, 255, 0.04996170339735633, 0, 100000
4589, -4313.249653816223, 32.79321074485779, 1481, 0.04996170339735633, 0, 100000
4590, -695.5487092733383, 23.632932662963867, 1062, 0.04996170339735633, 0, 100000
4591, -2656.1318892240524, 12.287809371948242, 548, 0.04996170339735633, 0, 100000
4592, -3622.361773788929, 33.24052691459656, 1498, 0.04996170339735633, 0, 100000
4593, -612.295235812664, 21.101301431655884, 960, 0.04996170339735633, 0, 100000
4594, -148.18730241060257, 11.711682558059692, 532, 0.04996170339735633, 0, 100000
4595, -3109.580120265484, 33.13834810256958, 1498, 0.04996170339735633, 0, 100000
4596, -996.5386127829552, 19.739202976226807, 891, 0.04996170339735633, 0, 100000
4597, -3232.182045042515, 32.81473731994629, 1498, 0.04996170339735633, 0, 100000
4598, -623.5137805342674, 21.792271375656128, 992, 0.04996170339735633, 0, 100000
4599, -3067.1769147515297, 12.708756923675537, 573, 0.04996170339735633, 0, 100000
4600, -2735.7824580073357, 10.752765655517578, 485, 0.04996170339735633, 0, 100000
4601, 225.30457431077957, 4.680084228515625, 208, 0.04996170339735633, 0, 100000
4602, -1861.692273736, 3.1955137252807617, 142, 0.04996170339735633, 0, 100000
4603, 143.9085389971733, 5.99789023399353, 242, 0.04996170339735633, 0, 100000
4604, -184.2793406844139, 11.432581424713135, 518, 0.04996170339735633, 0, 100000
4605, -2917.5225885510445, 25.487990379333496, 1053, 0.04996170339735633, 0, 100000
4606, -3017.5925978422165, 12.043261289596558, 535, 0.04996170339735633, 0, 100000
4607, -3230.07208609581, 33.063236713409424, 1498, 0.04996170339735633, 0, 100000
4608, -3056.8945524692535, 16.880332708358765, 769, 0.04996170339735633, 0, 100000
4609, -3456.589372098446, 29.368058919906616, 1330, 0.04996170339735633, 0, 100000
4610, -3148.9236961603165, 33.2032265663147, 1498, 0.04996170339735633, 0, 100000
4611, -6271.8287036418915, 33.190202951431274, 1498, 0.04996170339735633, 0, 100000
4612, -3121.255702018738, 33.03848934173584, 1498, 0.04996170339735633, 0, 100000
4613, -3328.221236526966, 13.742472171783447, 624, 0.04996170339735633, 0, 100000
4614, -301.35776674747467, 13.58833909034729, 504, 0.04996170339735633, 0, 100000
4615, -3128.200639784336, 32.9863007068634, 1498, 0.04996170339735633, 0, 100000
4616, 155.83376210927963, 5.644609451293945, 255, 0.04996170339735633, 0, 100000
4617, -3344.118183195591, 32.98362946510315, 1498, 0.04996170339735633, 0, 100000
4618, -4476.4842012524605, 32.65101075172424, 1498, 0.04996170339735633, 0, 100000
4619, -3113.000416815281, 33.31723594665527, 1498, 0.04996170339735633, 0, 100000
4620, 206.23906129598618, 4.692917346954346, 212, 0.04996170339735633, 0, 100000
4621, -1986.1914404034615, 4.9715821743011475, 219, 0.04996170339735633, 0, 100000
4622, -2814.8993824124336, 11.421496629714966, 515, 0.04996170339735633, 0, 100000
4623, -3109.0867332220078, 33.17150831222534, 1498, 0.04996170339735633, 0, 100000
4624, -1998.0316548347473, 30.636703491210938, 1395, 0.04996170339735633, 0, 100000
4625, -3605.9974880814552, 32.87750816345215, 1498, 0.04996170339735633, 0, 100000
4626, -3918.850734770298, 32.773300886154175, 1498, 0.04996170339735633, 0, 100000
4627, -1771.9187082648277, 23.422444105148315, 1048, 0.04996170339735633, 0, 100000
4628, 490.60648810863495, 0.10091710090637207, 4, 0.04996170339735633, 0, 100000
4629, -4549.104806363583, 24.770804405212402, 1125, 0.04996170339735633, 0, 100000
4630, -4353.709967851639, 34.29805302619934, 1498, 0.04996170339735633, 0, 100000
4631, -3138.321214914322, 33.08607888221741, 1498, 0.04996170339735633, 0, 100000
4632, -410.8658388853073, 13.209036588668823, 596, 0.04996170339735633, 0, 100000
4633, -3170.0532490611076, 32.67300367355347, 1498, 0.04996170339735633, 0, 100000
4634, -4461.245322167873, 23.77602458000183, 1102, 0.04996170339735633, 0, 100000
4635, -2015.5388164520264, 32.46812582015991, 1465, 0.04996170339735633, 0, 100000
4636, -3525.570155441761, 32.9253363609314, 1498, 0.04996170339735633, 0, 100000
4637, -4124.035344541073, 33.17504143714905, 1498, 0.04996170339735633, 0, 100000
4638, -413.0644025206566, 17.524747371673584, 801, 0.04996170339735633, 0, 100000
4639, -5399.447443246841, 33.185065031051636, 1498, 0.04996170339735633, 0, 100000
4640, -4694.608354210854, 31.543325185775757, 1428, 0.04996170339735633, 0, 100000
4641, -3238.1628252267838, 32.8503143787384, 1498, 0.04996170339735633, 0, 100000
4642, -4596.499385714531, 20.512311697006226, 924, 0.04996170339735633, 0, 100000
4643, -484.72899305820465, 19.0878643989563, 878, 0.04996170339735633, 0, 100000
4644, -717.3583428859711, 23.744725227355957, 1066, 0.04996170339735633, 0, 100000
4645, -4011.859746813774, 19.641250133514404, 888, 0.04996170339735633, 0, 100000
4646, 188.76878315210342, 5.207837104797363, 237, 0.04996170339735633, 0, 100000
4647, -3573.3151949048042, 25.55872368812561, 1170, 0.04996170339735633, 0, 100000
4648, -3102.071322441101, 33.01069378852844, 1498, 0.04996170339735633, 0, 100000
4649, -3307.843616425991, 32.65682578086853, 1489, 0.04996170339735633, 0, 100000
4650, -3154.660534620285, 13.660192728042603, 617, 0.04996170339735633, 0, 100000
4651, 2.3983436226844788, 9.48171329498291, 433, 0.04996170339735633, 0, 100000
4652, -3884.2465911507607, 32.81474471092224, 1498, 0.04996170339735633, 0, 100000
4653, -463.20338201522827, 19.514962911605835, 881, 0.04996170339735633, 0, 100000
4654, -2215.451648056507, 7.784096002578735, 347, 0.04996170339735633, 0, 100000
4655, -3076.8461298942566, 33.1654314994812, 1498, 0.04996170339735633, 0, 100000
4656, -494.8364478945732, 19.380783319473267, 875, 0.04996170339735633, 0, 100000
4657, -3279.8497748970985, 32.9752402305603, 1498, 0.04996170339735633, 0, 100000
4658, -3232.2833808660507, 16.759366750717163, 735, 0.04996170339735633, 0, 100000
4659, 303.34786838293076, 4.288793563842773, 189, 0.04996170339735633, 0, 100000
4660, -2362.8375979065895, 6.190750598907471, 273, 0.04996170339735633, 0, 100000
4661, -3089.1490206718445, 33.104403018951416, 1498, 0.04996170339735633, 0, 100000
4662, 303.9477609992027, 4.10902738571167, 184, 0.04996170339735633, 0, 100000
4663, -1036.5852156281471, 18.21263337135315, 832, 0.04996170339735633, 0, 100000
4664, -3096.131603896618, 20.570037364959717, 939, 0.04996170339735633, 0, 100000
4665, -3146.064026772976, 33.076722860336304, 1498, 0.04996170339735633, 0, 100000
4666, -3255.899555504322, 18.432578086853027, 827, 0.04996170339735633, 0, 100000
4667, -3107.4074714779854, 33.32883882522583, 1498, 0.04996170339735633, 0, 100000
4668, -3928.9867295622826, 25.405933618545532, 1140, 0.04996170339735633, 0, 100000
4669, 15.923323094844818, 10.476452112197876, 424, 0.04996170339735633, 0, 100000
4670, -3946.625099658966, 32.72690796852112, 1498, 0.04996170339735633, 0, 100000
4671, -4925.436224997044, 32.19687271118164, 1471, 0.04996170339735633, 0, 100000
4672, -3301.680459320545, 32.97612714767456, 1498, 0.04996170339735633, 0, 100000
4673, -107.45253139734268, 11.546046018600464, 527, 0.04996170339735633, 0, 100000
4674, -3277.6158639788628, 32.93654775619507, 1498, 0.04996170339735633, 0, 100000
4675, -4486.941964626312, 23.957582473754883, 1085, 0.04996170339735633, 0, 100000
4676, -5013.9280244112015, 28.748242378234863, 1307, 0.04996170339735633, 0, 100000
4677, 193.75073337554932, 5.3867034912109375, 225, 0.04996170339735633, 0, 100000
4678, -3065.0581993460655, 33.42451238632202, 1498, 0.04996170339735633, 0, 100000
4679, -3677.8678947091103, 24.52340531349182, 1096, 0.04996170339735633, 0, 100000
4680, 281.8537447452545, 4.384265661239624, 194, 0.04996170339735633, 0, 100000
4681, -4454.587290585041, 32.76444339752197, 1498, 0.04996170339735633, 0, 100000
4682, -3688.2283042669296, 20.16702914237976, 913, 0.04996170339735633, 0, 100000
4683, 309.5342388153076, 4.121344566345215, 178, 0.04996170339735633, 0, 100000
4684, 9.740787744522095, 9.35867190361023, 355, 0.04996170339735633, 0, 100000
4685, -4491.99031150341, 32.67694926261902, 1498, 0.04996170339735633, 0, 100000
4686, -4137.609072327614, 19.922908544540405, 912, 0.04996170339735633, 0, 100000
4687, -4432.307471990585, 26.235294342041016, 1185, 0.04996170339735633, 0, 100000
4688, -3154.54844635725, 33.4493248462677, 1498, 0.04996170339735633, 0, 100000
4689, -3130.278405189514, 33.14540886878967, 1498, 0.04996170339735633, 0, 100000
4690, -21.53967845439911, 6.92742133140564, 312, 0.04996170339735633, 0, 100000
4691, -3399.3974929451942, 32.96112775802612, 1498, 0.04996170339735633, 0, 100000
4692, -3665.909674704075, 33.06221389770508, 1498, 0.04996170339735633, 0, 100000
4693, -3275.4442856907845, 36.56646108627319, 1498, 0.04996170339735633, 0, 100000
4694, -3080.396568596363, 33.06522297859192, 1498, 0.04996170339735633, 0, 100000
4695, -3094.728156387806, 33.08074164390564, 1498, 0.04996170339735633, 0, 100000
4696, -21.877416491508484, 10.20707893371582, 456, 0.04996170339735633, 0, 100000
4697, -3526.0605657696724, 32.90116620063782, 1498, 0.04996170339735633, 0, 100000
4698, -89.30652385950089, 11.052349328994751, 503, 0.04996170339735633, 0, 100000
4699, -2238.341039955616, 9.252453565597534, 424, 0.04996170339735633, 0, 100000
4700, 84.7798131108284, 6.258310794830322, 275, 0.04996170339735633, 0, 100000
4701, -3741.898825287819, 26.030983924865723, 1190, 0.04996170339735633, 0, 100000
4702, -506.47627478837967, 19.430911779403687, 875, 0.04996170339735633, 0, 100000
4703, -3150.1518857479095, 33.330623149871826, 1498, 0.04996170339735633, 0, 100000
4704, -3687.114104092121, 19.156879425048828, 872, 0.04996170339735633, 0, 100000
4705, -4668.775622069836, 33.097832679748535, 1498, 0.04996170339735633, 0, 100000
4706, -3051.5223993062973, 32.987032890319824, 1498, 0.04996170339735633, 0, 100000
4707, -464.61111801862717, 16.4774329662323, 740, 0.04996170339735633, 0, 100000
4708, -3418.377667963505, 23.711952924728394, 1071, 0.04996170339735633, 0, 100000
4709, 108.97011804580688, 5.869967460632324, 265, 0.04996170339735633, 0, 100000
4710, -3409.1754415631294, 33.068602085113525, 1498, 0.04996170339735633, 0, 100000
4711, -581.350346326828, 21.05785322189331, 956, 0.04996170339735633, 0, 100000
4712, -3285.7337314486504, 33.105387687683105, 1498, 0.04996170339735633, 0, 100000
4713, -378.69528019428253, 14.297678470611572, 653, 0.04996170339735633, 0, 100000
4714, -729.8862528800964, 22.737723350524902, 1036, 0.04996170339735633, 0, 100000
4715, 494.598548412323, 0.07085847854614258, 4, 0.04996170339735633, 0, 100000
4716, -4709.723708629608, 32.78221154212952, 1498, 0.04996170339735633, 0, 100000
4717, -3063.7221494317055, 32.574329137802124, 1498, 0.04996170339735633, 0, 100000
4718, 231.58827483654022, 4.477643728256226, 202, 0.04996170339735633, 0, 100000
4719, -3518.3921878933907, 32.994614362716675, 1498, 0.04996170339735633, 0, 100000
4720, 8.01982694864273, 9.645912647247314, 439, 0.04996170339735633, 0, 100000
4721, -382.9433695077896, 13.591043472290039, 623, 0.04996170339735633, 0, 100000
4722, -2466.379614710808, 14.269477605819702, 646, 0.04996170339735633, 0, 100000
4723, 324.2496957182884, 3.895974636077881, 171, 0.04996170339735633, 0, 100000
4724, -5322.734961152077, 33.087066411972046, 1497, 0.04996170339735633, 0, 100000
4725, -4621.561829328537, 33.08264446258545, 1493, 0.04996170339735633, 0, 100000
4726, -4771.967819750309, 29.73098087310791, 1339, 0.04996170339735633, 0, 100000
4727, -2728.245916724205, 12.186294317245483, 555, 0.04996170339735633, 0, 100000
4728, -4302.560048699379, 22.679211378097534, 1019, 0.04996170339735633, 0, 100000
4729, -3865.1356197595596, 24.2071430683136, 1098, 0.04996170339735633, 0, 100000
4730, -2501.056928575039, 16.577135801315308, 746, 0.04996170339735633, 0, 100000
4731, 188.9653044939041, 5.501958131790161, 247, 0.04996170339735633, 0, 100000
4732, -3650.862567305565, 22.51965045928955, 1016, 0.04996170339735633, 0, 100000
4733, 295.82606464624405, 4.2252678871154785, 183, 0.04996170339735633, 0, 100000
4734, -212.2002992630005, 6.876524209976196, 312, 0.04996170339735633, 0, 100000
4735, -2389.2634600400925, 5.902211427688599, 263, 0.04996170339735633, 0, 100000
4736, -3921.5786637067795, 32.97053813934326, 1498, 0.04996170339735633, 0, 100000
4737, -529.1426566839218, 19.014651775360107, 856, 0.04996170339735633, 0, 100000
4738, -3351.184128522873, 32.93058228492737, 1498, 0.04996170339735633, 0, 100000
4739, 201.8812034726143, 5.144888639450073, 234, 0.04996170339735633, 0, 100000
4740, -2192.952499330044, 8.998746395111084, 411, 0.04996170339735633, 0, 100000
4741, -3034.9244508743286, 33.09739661216736, 1498, 0.04996170339735633, 0, 100000
4742, -497.5228993296623, 18.580753803253174, 844, 0.04996170339735633, 0, 100000
4743, -4099.043986260891, 32.812716007232666, 1498, 0.04996170339735633, 0, 100000
4744, -86.96878987550735, 10.828554630279541, 492, 0.04996170339735633, 0, 100000
4745, -4474.4952936172485, 32.55974841117859, 1498, 0.04996170339735633, 0, 100000
4746, -4249.872204720974, 32.84297728538513, 1498, 0.04996170339735633, 0, 100000
4747, 162.90183836221695, 5.637556314468384, 249, 0.04996170339735633, 0, 100000
4748, 146.3848757147789, 6.5950353145599365, 297, 0.04996170339735633, 0, 100000
4749, -4875.150566339493, 32.97967052459717, 1492, 0.04996170339735633, 0, 100000
4750, 301.5912851691246, 4.121975898742676, 183, 0.04996170339735633, 0, 100000
4751, -2728.0876073241234, 14.457174301147461, 652, 0.04996170339735633, 0, 100000
4752, -3668.743867814541, 33.12876224517822, 1498, 0.04996170339735633, 0, 100000
4753, -4123.619001150131, 33.067145109176636, 1498, 0.04996170339735633, 0, 100000
4754, -3470.271034657955, 32.818092346191406, 1498, 0.04996170339735633, 0, 100000
4755, -4153.91681355238, 31.2862286567688, 1407, 0.04996170339735633, 0, 100000
4756, -3037.914563715458, 33.15753889083862, 1498, 0.04996170339735633, 0, 100000
4757, -3381.927652835846, 33.635377407073975, 1498, 0.04996170339735633, 0, 100000
4758, -2663.7670415639877, 24.220284938812256, 901, 0.04996170339735633, 0, 100000
4759, 137.5999589562416, 5.68144416809082, 258, 0.04996170339735633, 0, 100000
4760, 211.8939232826233, 5.8049843311309814, 267, 0.04996170339735633, 0, 100000
4761, 495.593314409256, 0.17972493171691895, 4, 0.04996170339735633, 0, 100000
4762, -2328.7676301002502, 5.730278968811035, 255, 0.04996170339735633, 0, 100000
4763, -3123.962552368641, 33.15491032600403, 1498, 0.04996170339735633, 0, 100000
4764, -799.4008273482323, 17.84963583946228, 798, 0.04996170339735633, 0, 100000
4765, -747.5807641744614, 19.977119207382202, 894, 0.04996170339735633, 0, 100000
4766, -3096.2413793206215, 32.84954071044922, 1498, 0.04996170339735633, 0, 100000
4767, -971.2752344608307, 21.347092866897583, 972, 0.04996170339735633, 0, 100000
4768, -3107.3146482110023, 13.873613834381104, 624, 0.04996170339735633, 0, 100000
4769, -2919.8450582027435, 23.27764081954956, 1060, 0.04996170339735633, 0, 100000
4770, -3910.239370405674, 22.686251878738403, 1037, 0.04996170339735633, 0, 100000
4771, -3124.636725783348, 27.02528429031372, 1218, 0.04996170339735633, 0, 100000
4772, -3089.2536026239395, 33.3416862487793, 1498, 0.04996170339735633, 0, 100000
4773, -3110.758756875992, 33.36960792541504, 1498, 0.04996170339735633, 0, 100000
4774, -3116.8555309176445, 33.358314037323, 1498, 0.04996170339735633, 0, 100000
4775, -3069.2949907183647, 33.1435444355011, 1498, 0.04996170339735633, 0, 100000
4776, -3088.249870657921, 32.876981019973755, 1498, 0.04996170339735633, 0, 100000
4777, -4722.360067605972, 27.664900541305542, 1261, 0.04996170339735633, 0, 100000
4778, 198.07501012086868, 5.308475017547607, 238, 0.04996170339735633, 0, 100000
4779, -3566.1666283607483, 33.32182836532593, 1498, 0.04996170339735633, 0, 100000
4780, 157.68384665250778, 5.5618813037872314, 248, 0.04996170339735633, 0, 100000
4781, 201.39894849061966, 5.805476427078247, 260, 0.04996170339735633, 0, 100000
4782, -552.3039618134499, 18.75220513343811, 850, 0.04996170339735633, 0, 100000
4783, -488.2931686639786, 15.914772033691406, 718, 0.04996170339735633, 0, 100000
4784, -3397.1879050135612, 33.40812706947327, 1498, 0.04996170339735633, 0, 100000
4785, -3342.2818121910095, 32.96894025802612, 1498, 0.04996170339735633, 0, 100000
4786, -134.56009763479233, 13.069279670715332, 586, 0.04996170339735633, 0, 100000
4787, -4770.680195629597, 32.95028829574585, 1498, 0.04996170339735633, 0, 100000
4788, -35.299241065979004, 11.054423570632935, 494, 0.04996170339735633, 0, 100000
4789, -3641.5112550258636, 26.992438793182373, 1220, 0.04996170339735633, 0, 100000
4790, -4395.999510407448, 27.030243158340454, 1222, 0.04996170339735633, 0, 100000
4791, -94.45289009809494, 11.833145380020142, 539, 0.04996170339735633, 0, 100000
4792, 495.4908175468445, 0.07401633262634277, 4, 0.04996170339735633, 0, 100000
4793, -2994.678147137165, 17.859798192977905, 805, 0.04996170339735633, 0, 100000
4794, -4814.313718080521, 30.584810972213745, 1380, 0.04996170339735633, 0, 100000
4795, -3149.76766115427, 32.92460560798645, 1498, 0.04996170339735633, 0, 100000
4796, -1055.9304105043411, 25.36812734603882, 1145, 0.04996170339735633, 0, 100000
4797, -3830.327819466591, 33.219019174575806, 1498, 0.04996170339735633, 0, 100000
4798, -3263.1783286333084, 33.1352698802948, 1498, 0.04996170339735633, 0, 100000
4799, 290.4031857252121, 4.144425392150879, 183, 0.04996170339735633, 0, 100000
4800, -2183.8419224619865, 6.0898277759552, 275, 0.04996170339735633, 0, 100000
4801, -661.7481759786606, 21.653829097747803, 982, 0.04996170339735633, 0, 100000
4802, -3820.819389939308, 33.03670048713684, 1498, 0.04996170339735633, 0, 100000
4803, -3266.051942527294, 33.149378538131714, 1498, 0.04996170339735633, 0, 100000
4804, -4154.501853108406, 32.972753047943115, 1272, 0.04996170339735633, 0, 100000
4805, -3221.9951714277267, 33.27732539176941, 1498, 0.04996170339735633, 0, 100000
4806, 202.06577622890472, 5.320868968963623, 237, 0.04996170339735633, 0, 100000
4807, -3245.6585683226585, 33.19335865974426, 1498, 0.04996170339735633, 0, 100000
4808, -4672.845700800419, 27.71066188812256, 1254, 0.04996170339735633, 0, 100000
4809, -4567.032581806183, 33.27055740356445, 1498, 0.04996170339735633, 0, 100000
4810, -3317.9867431521416, 31.346479177474976, 1407, 0.04996170339735633, 0, 100000
4811, -4319.435022056103, 33.49064254760742, 1498, 0.04996170339735633, 0, 100000
4812, -3165.0700927972794, 33.33517861366272, 1498, 0.04996170339735633, 0, 100000
4813, -2512.9553883075714, 10.409151077270508, 465, 0.04996170339735633, 0, 100000
4814, -3381.398645699024, 33.05612874031067, 1498, 0.04996170339735633, 0, 100000
4815, -58.16535973548889, 10.939696788787842, 490, 0.04996170339735633, 0, 100000
4816, -2532.0742879509926, 14.265120506286621, 650, 0.04996170339735633, 0, 100000
4817, 188.22286355495453, 5.482698440551758, 246, 0.04996170339735633, 0, 100000
4818, -3504.9089018702507, 32.978307247161865, 1489, 0.04996170339735633, 0, 100000
4819, -922.1970304250717, 29.037105798721313, 1312, 0.04996170339735633, 0, 100000
4820, -233.08823800086975, 12.897065877914429, 584, 0.04996170339735633, 0, 100000
4821, -2926.4622213840485, 24.05828285217285, 1082, 0.04996170339735633, 0, 100000
4822, -5642.39083224535, 32.822672605514526, 1498, 0.04996170339735633, 0, 100000
4823, 307.9018511772156, 4.045485258102417, 184, 0.04996170339735633, 0, 100000
4824, -110.49767738580704, 10.143433332443237, 460, 0.04996170339735633, 0, 100000
4825, -84.61096239089966, 9.29626989364624, 421, 0.04996170339735633, 0, 100000
4826, -264.8316309452057, 11.580283164978027, 525, 0.04996170339735633, 0, 100000
4827, -3113.170607149601, 33.1087646484375, 1498, 0.04996170339735633, 0, 100000
4828, -903.447437942028, 17.945213556289673, 812, 0.04996170339735633, 0, 100000
4829, -3351.7319907546043, 33.217411041259766, 1498, 0.04996170339735633, 0, 100000
4830, -3191.1724706292152, 29.429845809936523, 1344, 0.04996170339735633, 0, 100000
4831, -1650.430772304535, 26.747553825378418, 1225, 0.04996170339735633, 0, 100000
4832, -2114.396358728409, 5.740396976470947, 262, 0.04996170339735633, 0, 100000
4833, -3411.17717564106, 31.009538650512695, 1411, 0.04996170339735633, 0, 100000
4834, -4895.2074709534645, 31.575218677520752, 1327, 0.04996170339735633, 0, 100000
4835, -3488.121818602085, 24.891601085662842, 1112, 0.04996170339735633, 0, 100000
4836, -2284.865565419197, 9.35133171081543, 418, 0.04996170339735633, 0, 100000
4837, -3660.9655289053917, 33.04197025299072, 1498, 0.04996170339735633, 0, 100000
4838, -4929.661843299866, 33.28338003158569, 1498, 0.04996170339735633, 0, 100000
4839, -4204.617174744606, 32.916399240493774, 1498, 0.04996170339735633, 0, 100000
4840, 294.8152362704277, 4.280308723449707, 189, 0.04996170339735633, 0, 100000
4841, -290.30000752210617, 15.024283170700073, 677, 0.04996170339735633, 0, 100000
4842, -3438.9055927991867, 32.9141743183136, 1498, 0.04996170339735633, 0, 100000
4843, 206.80759531259537, 5.242171049118042, 238, 0.04996170339735633, 0, 100000
4844, 493.44716131687164, 0.10612201690673828, 4, 0.04996170339735633, 0, 100000
4845, 246.19738787412643, 5.370680332183838, 237, 0.04996170339735633, 0, 100000
4846, -581.6009393930435, 17.626296043395996, 794, 0.04996170339735633, 0, 100000
4847, -1648.2075290679932, 27.6624915599823, 1248, 0.04996170339735633, 0, 100000
4848, -3322.0457651615143, 32.93537092208862, 1498, 0.04996170339735633, 0, 100000
4849, -3908.9174632430077, 25.558788537979126, 1160, 0.04996170339735633, 0, 100000
4850, -3796.70885515213, 30.22708559036255, 1359, 0.04996170339735633, 0, 100000
4851, -4303.903445541859, 32.15228796005249, 1447, 0.04996170339735633, 0, 100000
4852, -28.170620262622833, 10.080925941467285, 459, 0.04996170339735633, 0, 100000
4853, -2044.582957625389, 6.65421462059021, 300, 0.04996170339735633, 0, 100000
4854, 285.6881769299507, 4.246926546096802, 191, 0.04996170339735633, 0, 100000
4855, -506.38747864961624, 18.595826864242554, 842, 0.04996170339735633, 0, 100000
4856, -3442.66415733099, 33.23871111869812, 1498, 0.04996170339735633, 0, 100000
4857, -3422.0849083662033, 33.28761553764343, 1498, 0.04996170339735633, 0, 100000
4858, -57.652646362781525, 10.40700078010559, 469, 0.04996170339735633, 0, 100000
4859, -3527.9672370553017, 15.374350309371948, 692, 0.04996170339735633, 0, 100000
4860, 275.2288684248924, 4.433558225631714, 199, 0.04996170339735633, 0, 100000
4861, -3219.6089743971825, 33.12669491767883, 1498, 0.04996170339735633, 0, 100000
4862, -3475.2234639525414, 33.16196966171265, 1498, 0.04996170339735633, 0, 100000
4863, -3189.0515345931053, 33.11289191246033, 1498, 0.04996170339735633, 0, 100000
4864, -3141.161518931389, 33.0951189994812, 1498, 0.04996170339735633, 0, 100000
4865, 283.15378654003143, 4.280818700790405, 190, 0.04996170339735633, 0, 100000
4866, 493.248407125473, 0.07829093933105469, 4, 0.04996170339735633, 0, 100000
4867, -148.35827618837357, 6.800510406494141, 306, 0.04996170339735633, 0, 100000
4868, 492.3896255493164, 0.09603285789489746, 4, 0.04996170339735633, 0, 100000
4869, -4178.91517406702, 16.899608612060547, 759, 0.04996170339735633, 0, 100000
4870, 181.24848318099976, 5.446910858154297, 243, 0.04996170339735633, 0, 100000
4871, -3125.574670314789, 33.4743275642395, 1498, 0.04996170339735633, 0, 100000
4872, 180.86539208889008, 5.494422435760498, 241, 0.04996170339735633, 0, 100000
4873, -3569.3812482357025, 33.33981680870056, 1498, 0.04996170339735633, 0, 100000
4874, -3662.2607294917107, 33.19442939758301, 1498, 0.04996170339735633, 0, 100000
4875, -3209.9464596509933, 33.15747046470642, 1498, 0.04996170339735633, 0, 100000
4876, -3227.314362823963, 33.14841294288635, 1498, 0.04996170339735633, 0, 100000
4877, -3092.854958117008, 33.23023724555969, 1498, 0.04996170339735633, 0, 100000
4878, 210.58364045619965, 5.220547914505005, 232, 0.04996170339735633, 0, 100000
4879, -3530.813128352165, 33.2166485786438, 1498, 0.04996170339735633, 0, 100000
4880, 313.0795964002609, 4.082756757736206, 182, 0.04996170339735633, 0, 100000
4881, -1158.853066623211, 17.204243183135986, 762, 0.04996170339735633, 0, 100000
4882, -3099.2599145770073, 33.29677963256836, 1498, 0.04996170339735633, 0, 100000
4883, -3395.768889069557, 33.313568353652954, 1498, 0.04996170339735633, 0, 100000
4884, -4213.387996435165, 33.1746563911438, 1498, 0.04996170339735633, 0, 100000
4885, -3762.9420722723007, 33.10776114463806, 1498, 0.04996170339735633, 0, 100000
4886, -3749.697599709034, 33.31404685974121, 1498, 0.04996170339735633, 0, 100000
4887, -9.670121133327484, 10.158066749572754, 453, 0.04996170339735633, 0, 100000
4888, -3706.796547114849, 19.33099889755249, 873, 0.04996170339735633, 0, 100000
4889, -3047.3551391363144, 33.23765707015991, 1498, 0.04996170339735633, 0, 100000
4890, -3966.1553265452385, 33.259215116500854, 1498, 0.04996170339735633, 0, 100000
4891, -3147.918178856373, 34.759608030319214, 1498, 0.04996170339735633, 0, 100000
4892, -57.52109122276306, 11.27344298362732, 503, 0.04996170339735633, 0, 100000
4893, -3442.276475906372, 33.924989223480225, 1498, 0.04996170339735633, 0, 100000
4894, -3212.382914721966, 33.06654667854309, 1498, 0.04996170339735633, 0, 100000
4895, -52.20298755168915, 10.787117004394531, 487, 0.04996170339735633, 0, 100000
4896, -10.553687691688538, 9.56771993637085, 429, 0.04996170339735633, 0, 100000
4897, -3111.8787462711334, 33.31893825531006, 1498, 0.04996170339735633, 0, 100000
4898, -3513.2935015559196, 15.72391414642334, 711, 0.04996170339735633, 0, 100000
4899, -1202.2392488121986, 22.908777713775635, 1040, 0.04996170339735633, 0, 100000
4900, -5040.657223105431, 29.73914885520935, 1306, 0.04996170339735633, 0, 100000
4901, -4001.008778512478, 29.31895613670349, 1304, 0.04996170339735633, 0, 100000
4902, -3040.6174207925797, 33.024510860443115, 1498, 0.04996170339735633, 0, 100000
4903, -872.0442990064621, 19.857671976089478, 889, 0.04996170339735633, 0, 100000
4904, -3256.1147960424423, 33.24104928970337, 1498, 0.04996170339735633, 0, 100000
4905, -799.5821849703789, 19.339869737625122, 867, 0.04996170339735633, 0, 100000
4906, -3448.502435386181, 17.397024869918823, 785, 0.04996170339735633, 0, 100000
4907, -3103.3983709812164, 33.077948808670044, 1498, 0.04996170339735633, 0, 100000
4908, -3214.8167557120323, 32.8960223197937, 1498, 0.04996170339735633, 0, 100000
4909, -4262.0319793224335, 33.17672848701477, 1498, 0.04996170339735633, 0, 100000
4910, -767.597125351429, 24.021082162857056, 1078, 0.04996170339735633, 0, 100000
4911, -3322.6639159321785, 33.528592586517334, 1498, 0.04996170339735633, 0, 100000
4912, -43.112341701984406, 10.860358238220215, 485, 0.04996170339735633, 0, 100000
4913, -4086.7751401662827, 33.36337733268738, 1498, 0.04996170339735633, 0, 100000
4914, -4018.2883147001266, 33.103960037231445, 1498, 0.04996170339735633, 0, 100000
4915, -3360.036047875881, 33.115954637527466, 1498, 0.04996170339735633, 0, 100000
4916, 275.46423548460007, 4.286326169967651, 195, 0.04996170339735633, 0, 100000
4917, -3924.68859988451, 36.25365376472473, 1498, 0.04996170339735633, 0, 100000
4918, -3496.2655396461487, 24.901798963546753, 1118, 0.04996170339735633, 0, 100000
4919, -3705.15137475729, 33.11114859580994, 1498, 0.04996170339735633, 0, 100000
4920, -3034.2005355358124, 17.753992795944214, 805, 0.04996170339735633, 0, 100000
4921, -4418.316834270954, 25.586040496826172, 1158, 0.04996170339735633, 0, 100000
4922, -3035.646747112274, 33.20544147491455, 1498, 0.04996170339735633, 0, 100000
4923, -3855.42821931839, 21.03523325920105, 897, 0.04996170339735633, 0, 100000
4924, 204.95889180898666, 5.285249710083008, 235, 0.04996170339735633, 0, 100000
4925, -883.0435852408409, 25.430168628692627, 1148, 0.04996170339735633, 0, 100000
4926, -2833.9069122076035, 14.790785312652588, 673, 0.04996170339735633, 0, 100000
4927, -2371.0343281030655, 8.540660381317139, 387, 0.04996170339735633, 0, 100000
4928, -3212.444510281086, 33.58208394050598, 1498, 0.04996170339735633, 0, 100000
4929, -3080.53501111269, 36.77063298225403, 1498, 0.04996170339735633, 0, 100000
4930, -2763.1849110126495, 17.54157543182373, 797, 0.04996170339735633, 0, 100000
4931, -3072.882637321949, 32.87640690803528, 1498, 0.04996170339735633, 0, 100000
4932, -2943.84571993351, 22.14826226234436, 990, 0.04996170339735633, 0, 100000
4933, -3188.675706923008, 33.13412594795227, 1498, 0.04996170339735633, 0, 100000
4934, -3061.5602892041206, 33.194470167160034, 1498, 0.04996170339735633, 0, 100000
4935, -3048.716118335724, 33.27331805229187, 1498, 0.04996170339735633, 0, 100000
4936, -3112.176500916481, 33.346282720565796, 1498, 0.04996170339735633, 0, 100000
4937, -2945.6659973859787, 23.459108114242554, 1040, 0.04996170339735633, 0, 100000
4938, -3081.432950794697, 33.533873319625854, 1498, 0.04996170339735633, 0, 100000
4939, 287.77993780374527, 4.4381914138793945, 198, 0.04996170339735633, 0, 100000
4940, -3320.8055084347725, 33.198694467544556, 1498, 0.04996170339735633, 0, 100000
4941, -3256.4066752791405, 33.148008823394775, 1498, 0.04996170339735633, 0, 100000
4942, -4058.7452013492584, 28.34691095352173, 1278, 0.04996170339735633, 0, 100000
4943, -1973.5775215625763, 5.882852554321289, 263, 0.04996170339735633, 0, 100000
4944, -216.70882493257523, 13.779994249343872, 624, 0.04996170339735633, 0, 100000
4945, -3576.991046130657, 17.97089433670044, 806, 0.04996170339735633, 0, 100000
4946, 270.3977162241936, 4.7971532344818115, 219, 0.04996170339735633, 0, 100000
4947, -298.95978850126266, 11.46408224105835, 514, 0.04996170339735633, 0, 100000
4948, -3488.654517531395, 17.42904567718506, 794, 0.04996170339735633, 0, 100000
4949, -226.1683811545372, 14.318781852722168, 647, 0.04996170339735633, 0, 100000
4950, -1892.2799450159073, 4.120095252990723, 173, 0.04996170339735633, 0, 100000
4951, -4036.882229924202, 28.20101261138916, 1253, 0.04996170339735633, 0, 100000
4952, -3491.5575728416443, 23.155238151550293, 1030, 0.04996170339735633, 0, 100000
4953, 126.35176408290863, 5.85944938659668, 256, 0.04996170339735633, 0, 100000
4954, -4115.414257586002, 23.98999333381653, 1078, 0.04996170339735633, 0, 100000
4955, -3053.1802272200584, 33.168498277664185, 1498, 0.04996170339735633, 0, 100000
4956, -3624.801630318165, 27.92004919052124, 1258, 0.04996170339735633, 0, 100000
4957, -3064.1736384034157, 33.31845808029175, 1498, 0.04996170339735633, 0, 100000
4958, -421.5302296280861, 17.239081859588623, 772, 0.04996170339735633, 0, 100000
4959, -3009.109912276268, 13.662171602249146, 622, 0.04996170339735633, 0, 100000
4960, 245.4789474606514, 4.867960453033447, 215, 0.04996170339735633, 0, 100000
4961, -163.71894019842148, 10.12241506576538, 459, 0.04996170339735633, 0, 100000
4962, -3417.9945299625397, 32.8820583820343, 1498, 0.04996170339735633, 0, 100000
4963, -3121.2851090431213, 33.037683725357056, 1498, 0.04996170339735633, 0, 100000
4964, -4119.9997653365135, 33.45195698738098, 1498, 0.04996170339735633, 0, 100000
4965, -3268.250754535198, 33.4888219833374, 1498, 0.04996170339735633, 0, 100000
4966, -3052.378976583481, 33.25651001930237, 1498, 0.04996170339735633, 0, 100000
4967, 292.84149008989334, 4.319495916366577, 190, 0.04996170339735633, 0, 100000
4968, -4820.260306835175, 33.526925802230835, 1498, 0.04996170339735633, 0, 100000
4969, -3333.1108433008194, 33.03880167007446, 1498, 0.04996170339735633, 0, 100000
4970, 204.14059674739838, 5.270232915878296, 236, 0.04996170339735633, 0, 100000
4971, -3968.579351723194, 24.373298406600952, 1020, 0.04996170339735633, 0, 100000
4972, -4345.251726567745, 30.584049224853516, 1375, 0.04996170339735633, 0, 100000
4973, 159.77375894784927, 5.584245443344116, 253, 0.04996170339735633, 0, 100000
4974, 493.39413344860077, 0.07675552368164062, 4, 0.04996170339735633, 0, 100000
4975, -3230.869829058647, 33.29685735702515, 1498, 0.04996170339735633, 0, 100000
4976, -3152.078670978546, 33.45466899871826, 1498, 0.04996170339735633, 0, 100000
4977, -3098.7209644317627, 33.019899129867554, 1498, 0.04996170339735633, 0, 100000
4978, -153.69535964727402, 13.225292682647705, 593, 0.04996170339735633, 0, 100000
4979, -5999.391557693481, 31.672353744506836, 1436, 0.04996170339735633, 0, 100000
4980, -3039.9346361756325, 33.0298068523407, 1498, 0.04996170339735633, 0, 100000
4981, -3517.578358411789, 33.195351362228394, 1498, 0.04996170339735633, 0, 100000
4982, 177.71741718053818, 5.6073997020721436, 248, 0.04996170339735633, 0, 100000
4983, -95.11953377723694, 10.128934383392334, 449, 0.04996170339735633, 0, 100000
4984, -2823.974240541458, 8.913673639297485, 404, 0.04996170339735633, 0, 100000
4985, -3015.0664155483246, 33.36903238296509, 1498, 0.04996170339735633, 0, 100000
4986, -3023.299365222454, 33.26284742355347, 1498, 0.04996170339735633, 0, 100000
4987, -3018.9871565699577, 33.228334188461304, 1498, 0.04996170339735633, 0, 100000
4988, -481.11333525180817, 18.947718381881714, 853, 0.04996170339735633, 0, 100000
4989, -3480.2406386733055, 22.450815200805664, 1015, 0.04996170339735633, 0, 100000
4990, -3797.0148807168007, 33.550880908966064, 1498, 0.04996170339735633, 0, 100000
4991, -484.0012417435646, 19.128355741500854, 854, 0.04996170339735633, 0, 100000
4992, -3976.08368653059, 30.58079171180725, 1373, 0.04996170339735633, 0, 100000
4993, -867.389900803566, 24.007603645324707, 1089, 0.04996170339735633, 0, 100000
4994, -3168.993439555168, 33.148388624191284, 1498, 0.04996170339735633, 0, 100000
4995, -4213.114877164364, 32.94983124732971, 1498, 0.04996170339735633, 0, 100000
4996, 262.0715034008026, 4.498300552368164, 199, 0.04996170339735633, 0, 100000
4997, 491.7470180988312, 0.1208035945892334, 4, 0.04996170339735633, 0, 100000
4998, 491.70617520809174, 0.12287616729736328, 4, 0.04996170339735633, 0, 100000
4999, -3170.9128518104553, 33.10956406593323, 1498, 0.04996170339735633, 0, 100000
5000, -4497.327769339085, 33.16183662414551, 1498, 0.04996170339735633, 0, 100000
5001, -3094.73083037138, 33.38207960128784, 1498, 0.04996170339735633, 0, 100000
5002, -3176.777119398117, 33.49624514579773, 1498, 0.04996170339735633, 0, 100000
5003, -52.764663994312286, 11.129847526550293, 502, 0.04996170339735633, 0, 100000
5004, -4025.8306707143784, 24.042487859725952, 1092, 0.04996170339735633, 0, 100000
5005, -3315.9024721980095, 33.46398687362671, 1498, 0.04996170339735633, 0, 100000
5006, -3850.5921538472176, 33.28724217414856, 1498, 0.04996170339735633, 0, 100000
5007, -494.9891793727875, 19.186707735061646, 873, 0.04996170339735633, 0, 100000
5008, -4156.7715492248535, 19.250832319259644, 873, 0.04996170339735633, 0, 100000
5009, -4006.6410388350487, 33.43788528442383, 1498, 0.04996170339735633, 0, 100000
5010, -3146.2940996289253, 33.58167123794556, 1498, 0.04996170339735633, 0, 100000
5011, -3138.3916709423065, 33.265063524246216, 1498, 0.04996170339735633, 0, 100000
5012, -110.76402854919434, 12.250357389450073, 556, 0.04996170339735633, 0, 100000
5013, -3117.9736301898956, 11.024388313293457, 494, 0.04996170339735633, 0, 100000
5014, -3073.2453477978706, 33.64737010002136, 1498, 0.04996170339735633, 0, 100000
5015, -616.8532279133797, 21.475083351135254, 963, 0.04996170339735633, 0, 100000
5016, -3657.131619811058, 15.86841106414795, 669, 0.04996170339735633, 0, 100000
5017, -3032.058777451515, 34.28196740150452, 1498, 0.04996170339735633, 0, 100000
5018, 227.35914254188538, 4.8274407386779785, 210, 0.04996170339735633, 0, 100000
5019, -930.0077476501465, 20.532137870788574, 904, 0.04996170339735633, 0, 100000
5020, -2235.220811843872, 5.107095956802368, 229, 0.04996170339735633, 0, 100000
5021, -67.71557253599167, 11.845739841461182, 524, 0.04996170339735633, 0, 100000
5022, -2589.1449294686317, 17.69823908805847, 787, 0.04996170339735633, 0, 100000
5023, -3095.0832719802856, 33.46732997894287, 1498, 0.04996170339735633, 0, 100000
5024, 270.69384998083115, 4.319754123687744, 190, 0.04996170339735633, 0, 100000
5025, -3216.97343736887, 33.30899357795715, 1498, 0.04996170339735633, 0, 100000
5026, -3158.033055305481, 33.24421048164368, 1498, 0.04996170339735633, 0, 100000
5027, -3103.3981822133064, 33.190075635910034, 1498, 0.04996170339735633, 0, 100000
5028, -3445.9835678339005, 35.95708394050598, 1498, 0.04996170339735633, 0, 100000
5029, -3086.0479155778885, 32.94768714904785, 1498, 0.04996170339735633, 0, 100000
5030, 188.98496747016907, 5.419767379760742, 244, 0.04996170339735633, 0, 100000
5031, -3590.8167211413383, 29.836352348327637, 1349, 0.04996170339735633, 0, 100000
5032, -3214.459619104862, 35.59219288825989, 1498, 0.04996170339735633, 0, 100000
5033, -3019.790458381176, 33.38922095298767, 1498, 0.04996170339735633, 0, 100000
5034, 295.6843667626381, 4.288980007171631, 194, 0.04996170339735633, 0, 100000
5035, -4480.324010252953, 23.625338077545166, 1060, 0.04996170339735633, 0, 100000
5036, -4944.500404238701, 29.01991868019104, 1322, 0.04996170339735633, 0, 100000
5037, -3095.7620715498924, 33.02219915390015, 1498, 0.04996170339735633, 0, 100000
5038, -3731.2775314450264, 19.67893624305725, 892, 0.04996170339735633, 0, 100000
5039, -3155.296838283539, 33.5637583732605, 1498, 0.04996170339735633, 0, 100000
5040, -3144.522107064724, 33.25532388687134, 1498, 0.04996170339735633, 0, 100000
5041, -408.547718167305, 18.31492519378662, 814, 0.04996170339735633, 0, 100000
5042, -3175.7012780308723, 33.31122446060181, 1498, 0.04996170339735633, 0, 100000
5043, -4756.79994982481, 30.107770204544067, 1353, 0.04996170339735633, 0, 100000
5044, 164.60522556304932, 5.572550058364868, 254, 0.04996170339735633, 0, 100000
5045, -3272.0221496224403, 32.95159959793091, 1498, 0.04996170339735633, 0, 100000
5046, -4038.4992740154266, 33.26468014717102, 1498, 0.04996170339735633, 0, 100000
5047, -3157.1742979884148, 33.43826699256897, 1498, 0.04996170339735633, 0, 100000
5048, -508.86432534456253, 21.092909812927246, 933, 0.04996170339735633, 0, 100000
5049, -3324.465133726597, 33.02483248710632, 1498, 0.04996170339735633, 0, 100000
5050, -3851.7005431056023, 28.386503219604492, 1275, 0.04996170339735633, 0, 100000
5051, -4448.313378453255, 30.259971141815186, 1309, 0.04996170339735633, 0, 100000
5052, -3910.699017703533, 33.44523501396179, 1498, 0.04996170339735633, 0, 100000
5053, -3432.8093469142914, 18.291332244873047, 826, 0.04996170339735633, 0, 100000
5054, -3147.4505521655083, 33.2815842628479, 1498, 0.04996170339735633, 0, 100000
5055, -695.2786650061607, 23.523471355438232, 1045, 0.04996170339735633, 0, 100000
5056, -3215.40629196167, 33.45919060707092, 1498, 0.04996170339735633, 0, 100000
5057, 171.30644488334656, 5.597995758056641, 252, 0.04996170339735633, 0, 100000
5058, 490.80410969257355, 0.10375165939331055, 4, 0.04996170339735633, 0, 100000
5059, 490.75032663345337, 0.12475419044494629, 4, 0.04996170339735633, 0, 100000
5060, -3523.4489515423775, 22.360678911209106, 1003, 0.04996170339735633, 0, 100000
5061, 190.61763840913773, 5.381433486938477, 240, 0.04996170339735633, 0, 100000
5062, -3146.5215086340904, 33.598984718322754, 1498, 0.04996170339735633, 0, 100000
5063, -3085.0563284754753, 33.514132261276245, 1498, 0.04996170339735633, 0, 100000
5064, -4327.682017087936, 25.504587411880493, 1160, 0.04996170339735633, 0, 100000
5065, -39.87510406970978, 10.618711233139038, 477, 0.04996170339735633, 0, 100000
5066, -3463.017606139183, 32.92101430892944, 1498, 0.04996170339735633, 0, 100000
5067, -4285.597026407719, 21.681782960891724, 982, 0.04996170339735633, 0, 100000
5068, -4490.188670694828, 33.36079168319702, 1498, 0.04996170339735633, 0, 100000
5069, -3489.849617898464, 33.18264365196228, 1498, 0.04996170339735633, 0, 100000
5070, -3071.1454979777336, 15.996702909469604, 708, 0.04996170339735633, 0, 100000
5071, -3050.440450012684, 33.20783996582031, 1498, 0.04996170339735633, 0, 100000
5072, -4893.23330616951, 29.92870831489563, 1357, 0.04996170339735633, 0, 100000
5073, -4535.650682687759, 29.26336669921875, 1326, 0.04996170339735633, 0, 100000
5074, -4292.599489510059, 27.610430002212524, 1250, 0.04996170339735633, 0, 100000
5075, -446.54256641864777, 19.318252325057983, 861, 0.04996170339735633, 0, 100000
5076, -3277.1251772642136, 33.1175696849823, 1498, 0.04996170339735633, 0, 100000
5077, -4911.948454916477, 24.980793476104736, 1113, 0.04996170339735633, 0, 100000
5078, -3689.13501393795, 33.67297291755676, 1498, 0.04996170339735633, 0, 100000
5079, 310.0179214477539, 4.157143592834473, 181, 0.04996170339735633, 0, 100000
5080, -4232.522511124611, 17.731866359710693, 792, 0.04996170339735633, 0, 100000
5081, 302.8202279806137, 4.212418794631958, 187, 0.04996170339735633, 0, 100000
5082, -3363.3115391135216, 33.29014348983765, 1498, 0.04996170339735633, 0, 100000
5083, 142.8110049366951, 5.693894624710083, 260, 0.04996170339735633, 0, 100000
5084, 101.69501739740372, 7.010921239852905, 311, 0.04996170339735633, 0, 100000
5085, -3510.2978912591934, 33.32164812088013, 1498, 0.04996170339735633, 0, 100000
5086, -4670.712483108044, 33.34967017173767, 1498, 0.04996170339735633, 0, 100000
5087, -3092.524986088276, 33.24738693237305, 1498, 0.04996170339735633, 0, 100000
5088, -3925.5544806718826, 32.95614004135132, 1498, 0.04996170339735633, 0, 100000
5089, 149.04397374391556, 5.666640758514404, 252, 0.04996170339735633, 0, 100000
5090, -2246.4378393292427, 12.167118549346924, 539, 0.04996170339735633, 0, 100000
5091, -3529.770853161812, 33.585479497909546, 1367, 0.04996170339735633, 0, 100000
5092, -3220.397906899452, 33.29660224914551, 1498, 0.04996170339735633, 0, 100000
5093, -4663.009466409683, 30.57581853866577, 1388, 0.04996170339735633, 0, 100000
5094, -604.0247094631195, 21.733150482177734, 985, 0.04996170339735633, 0, 100000
5095, -4245.697754740715, 32.23532009124756, 1467, 0.04996170339735633, 0, 100000
5096, -4457.415298700333, 33.61791753768921, 1498, 0.04996170339735633, 0, 100000
5097, 297.52957260608673, 4.294818639755249, 187, 0.04996170339735633, 0, 100000
5098, -1853.723012149334, 4.422464609146118, 198, 0.04996170339735633, 0, 100000
5099, 286.0949544906616, 4.428155422210693, 194, 0.04996170339735633, 0, 100000
5100, -2085.0269771814346, 6.714766263961792, 300, 0.04996170339735633, 0, 100000
5101, -3413.0881474614143, 33.512903690338135, 1498, 0.04996170339735633, 0, 100000
5102, -3864.5373188257217, 33.31877136230469, 1498, 0.04996170339735633, 0, 100000
5103, -3286.422987818718, 33.04866313934326, 1498, 0.04996170339735633, 0, 100000
5104, -91.25919127464294, 12.391543865203857, 521, 0.04996170339735633, 0, 100000
5105, -3434.344185113907, 33.177539110183716, 1498, 0.04996170339735633, 0, 100000
5106, -4319.190196752548, 33.33236050605774, 1498, 0.04996170339735633, 0, 100000
5107, -174.85409021377563, 14.217422008514404, 643, 0.04996170339735633, 0, 100000
5108, -3649.5262058973312, 33.23639369010925, 1498, 0.04996170339735633, 0, 100000
5109, -4812.047226369381, 33.653013467788696, 1498, 0.04996170339735633, 0, 100000
5110, 272.7955323457718, 4.309728622436523, 192, 0.04996170339735633, 0, 100000
5111, -3201.939478933811, 33.300628662109375, 1498, 0.04996170339735633, 0, 100000
5112, -3279.264673769474, 33.114105224609375, 1498, 0.04996170339735633, 0, 100000
5113, -3776.1373289227486, 33.100308656692505, 1498, 0.04996170339735633, 0, 100000
5114, -3738.3965625166893, 33.14233136177063, 1498, 0.04996170339735633, 0, 100000
5115, -4205.205829322338, 33.10697960853577, 1498, 0.04996170339735633, 0, 100000
5116, -3311.837188720703, 32.867353200912476, 1498, 0.04996170339735633, 0, 100000
5117, -3257.1237666606903, 33.046875, 1498, 0.04996170339735633, 0, 100000
5118, -3767.022734642029, 33.155415534973145, 1498, 0.04996170339735633, 0, 100000
5119, -938.2481896281242, 26.264703273773193, 1169, 0.04996170339735633, 0, 100000
5120, -3373.9550535082817, 33.1134979724884, 1498, 0.04996170339735633, 0, 100000
5121, -4725.590001881123, 32.01128554344177, 1446, 0.04996170339735633, 0, 100000
5122, -3304.282975792885, 33.0984992980957, 1498, 0.04996170339735633, 0, 100000
5123, -368.70039969682693, 16.813544988632202, 758, 0.04996170339735633, 0, 100000
5124, -2412.1762750148773, 13.85823369026184, 630, 0.04996170339735633, 0, 100000
5125, -4655.85718280077, 33.10173320770264, 1485, 0.04996170339735633, 0, 100000
5126, -3952.9663832187653, 33.46192407608032, 1498, 0.04996170339735633, 0, 100000
5127, -2558.9248294234276, 11.132314920425415, 493, 0.04996170339735633, 0, 100000
5128, 308.7457190155983, 3.9872846603393555, 179, 0.04996170339735633, 0, 100000
5129, -307.88307070732117, 10.616464614868164, 474, 0.04996170339735633, 0, 100000
5130, -3430.376230418682, 32.92961931228638, 1498, 0.04996170339735633, 0, 100000
5131, 69.31850218772888, 6.372129678726196, 283, 0.04996170339735633, 0, 100000
5132, -3099.853582084179, 32.950716733932495, 1498, 0.04996170339735633, 0, 100000
5133, -3043.8278030753136, 32.943358182907104, 1498, 0.04996170339735633, 0, 100000
5134, -3148.3738729953766, 33.133357763290405, 1498, 0.04996170339735633, 0, 100000
5135, -173.65629744529724, 13.455267190933228, 609, 0.04996170339735633, 0, 100000
5136, -3772.8363593816757, 33.32567095756531, 1498, 0.04996170339735633, 0, 100000
5137, -4089.387801170349, 20.833870887756348, 944, 0.04996170339735633, 0, 100000
5138, -1200.2689179182053, 32.81746220588684, 1374, 0.04996170339735633, 0, 100000
5139, -3620.0183354616165, 33.208675146102905, 1498, 0.04996170339735633, 0, 100000
5140, -3175.7916046380997, 32.98371767997742, 1498, 0.04996170339735633, 0, 100000
5141, -3120.2378916740417, 33.075183391571045, 1498, 0.04996170339735633, 0, 100000
5142, -3048.5709017515182, 33.03365087509155, 1498, 0.04996170339735633, 0, 100000
5143, 252.69725877046585, 4.64302134513855, 206, 0.04996170339735633, 0, 100000
5144, -3174.639711558819, 33.51516652107239, 1498, 0.04996170339735633, 0, 100000
5145, -3139.810473203659, 33.20146989822388, 1498, 0.04996170339735633, 0, 100000
5146, -915.7466508150101, 14.720969200134277, 660, 0.04996170339735633, 0, 100000
5147, -227.37322825193405, 9.245253324508667, 410, 0.04996170339735633, 0, 100000
5148, -4272.944369018078, 31.537314414978027, 1413, 0.04996170339735633, 0, 100000
5149, -3141.333242714405, 33.565322160720825, 1498, 0.04996170339735633, 0, 100000
5150, 139.52821761369705, 5.919934988021851, 258, 0.04996170339735633, 0, 100000
5151, -142.63823598623276, 10.306657075881958, 463, 0.04996170339735633, 0, 100000
5152, -3186.237601995468, 33.486464977264404, 1498, 0.04996170339735633, 0, 100000
5153, 316.8013604283333, 4.188368797302246, 180, 0.04996170339735633, 0, 100000
5154, -2137.5585084557533, 9.583061933517456, 428, 0.04996170339735633, 0, 100000
5155, -3124.7424827218056, 33.464783668518066, 1498, 0.04996170339735633, 0, 100000
5156, -3058.1352311372757, 33.383994817733765, 1498, 0.04996170339735633, 0, 100000
5157, -1528.9733208417892, 32.47704768180847, 1461, 0.04996170339735633, 0, 100000
5158, -5077.665849745274, 32.130133628845215, 1448, 0.04996170339735633, 0, 100000
5159, -4702.260422170162, 32.482428312301636, 1473, 0.04996170339735633, 0, 100000
5160, -4798.618604123592, 26.222370624542236, 1192, 0.04996170339735633, 0, 100000
5161, -111.5709941983223, 12.3194580078125, 551, 0.04996170339735633, 0, 100000
5162, -3344.8733840584755, 33.51201844215393, 1498, 0.04996170339735633, 0, 100000
5163, -3236.3353487849236, 33.26126170158386, 1498, 0.04996170339735633, 0, 100000
5164, -3011.532377779484, 14.420223236083984, 646, 0.04996170339735633, 0, 100000
5165, -3289.474000632763, 33.217201471328735, 1498, 0.04996170339735633, 0, 100000
5166, -5092.271800339222, 33.2682089805603, 1498, 0.04996170339735633, 0, 100000
5167, 199.30301439762115, 5.321595907211304, 235, 0.04996170339735633, 0, 100000
5168, 146.5990418791771, 6.204190492630005, 278, 0.04996170339735633, 0, 100000
5169, 94.58897799253464, 5.6970014572143555, 256, 0.04996170339735633, 0, 100000
5170, -3255.2373517751694, 33.24144911766052, 1498, 0.04996170339735633, 0, 100000
5171, 153.45931881666183, 5.695066213607788, 255, 0.04996170339735633, 0, 100000
5172, 495.2649886608124, 0.11775732040405273, 4, 0.04996170339735633, 0, 100000
5173, -3200.924971461296, 33.76279258728027, 1498, 0.04996170339735633, 0, 100000
5174, 314.8101798295975, 4.173689365386963, 184, 0.04996170339735633, 0, 100000
5175, -484.2712752223015, 15.271382808685303, 689, 0.04996170339735633, 0, 100000
5176, 217.8674966096878, 4.028414487838745, 177, 0.04996170339735633, 0, 100000
5177, -3189.5744480490685, 18.547190189361572, 835, 0.04996170339735633, 0, 100000
5178, -3828.017596900463, 23.61913228034973, 1057, 0.04996170339735633, 0, 100000
5179, -130.6795039176941, 12.867323875427246, 578, 0.04996170339735633, 0, 100000
5180, -3427.473409295082, 27.571638822555542, 1227, 0.04996170339735633, 0, 100000
5181, -74.30709934234619, 12.028663158416748, 531, 0.04996170339735633, 0, 100000
5182, 493.5249527692795, 0.0746607780456543, 4, 0.04996170339735633, 0, 100000
5183, -3510.3129426836967, 12.67312216758728, 573, 0.04996170339735633, 0, 100000
5184, -4390.261152625084, 27.980522394180298, 1253, 0.04996170339735633, 0, 100000
5185, -517.2387645840645, 15.671008586883545, 703, 0.04996170339735633, 0, 100000
5186, -3289.5240408182144, 19.668487310409546, 880, 0.04996170339735633, 0, 100000
5187, -3074.323626458645, 22.098097324371338, 989, 0.04996170339735633, 0, 100000
5188, -681.4162731170654, 17.425315856933594, 767, 0.04996170339735633, 0, 100000
