episode, reward, duration, n_steps, epsilon, success_count, memory length, avg_critic_loss, avg_actor_loss
5601, 4199.1496378183365, 1.8535261154174805, 339, 0.04996170339735633, 0, 100000, 0.0, 0.0
5602, -3065.6263151466846, 7.981221914291382, 1500, 0.04996170339735633, 0, 100000, 0.0, 0.0
5603, -3282.9337032288313, 8.697890281677246, 1678, 0.04996170339735633, 0, 100000, 0.0, 0.0
5604, -19035.19262766838, 11.62837839126587, 2259, 0.04996170339735633, 0, 100000, 0.0, 0.0
5605, -4351.701517578214, 10.730753660202026, 2051, 0.04996170339735633, 0, 100000, 0.0, 0.0
5606, -12338.303407016676, 6.094747304916382, 1198, 0.04996170339735633, 0, 100000, 0.0, 0.0
5607, -5204.31401915662, 10.651212692260742, 2114, 0.04996170339735633, 0, 100000, 0.0, 0.0
5608, -6516.3156587816775, 11.82952094078064, 2337, 0.04996170339735633, 0, 100000, 0.0, 0.0
5609, -15455.177201833576, 15.84414529800415, 1799, 0.04996170339735633, 0, 100000, 0.0, 0.0
