episode, reward, duration, n_steps, epsilon, success_count, memory length, avg_critic_loss, avg_actor_loss
14001, 5963.630987048149, 2.1378347873687744, 20, 0.04996170339735633, 0, 100000, 42.447059631347656, -216059.578125
14002, 5581.952385798097, 16.35660409927368, 155, 0.04996170339735633, 0, 100000, 35.709320068359375, -228135.328125
14003, 5535.540553838015, 19.96853995323181, 188, 0.04996170339735633, 0, 100000, 37.574974060058594, -228153.8125
14004, 5482.71309222281, 19.5008864402771, 188, 0.04996170339735633, 0, 100000, 36.3011589050293, -228950.53125
14005, 5201.492539163679, 27.41670513153076, 265, 0.04996170339735633, 0, 100000, 38.79163360595703, -229358.125
14006, 5443.655835120007, 25.84821057319641, 256, 0.04996170339735633, 0, 100000, 38.47865676879883, -229063.546875
14007, 5217.37869058596, 27.316177368164062, 270, 0.04996170339735633, 0, 100000, 37.566650390625, -230589.578125
14008, 5699.861432213336, 17.294086694717407, 173, 0.04996170339735633, 0, 100000, 37.65591812133789, -228252.375
14009, 5619.852127926424, 19.80996537208557, 191, 0.04996170339735633, 0, 100000, 39.22239303588867, -229095.03125
