episode, reward, duration, n_steps, epsilon, success_count, memory length, avg_critic_loss, avg_actor_loss
5601, 5751.854472190142, 2.455808401107788, 113, 0.04996170339735633, 0, 100000, 20.51134490966797, -104551.203125
5602, -3576.15259600617, 2.9713714122772217, 145, 0.04996170339735633, 0, 100000, 17.646133422851562, -103923.3515625
5603, -3970.370261784643, 9.155804872512817, 464, 0.04996170339735633, 0, 100000, 19.63181495666504, -104400.8984375
5604, 4944.5539025450125, 10.410381317138672, 521, 0.04996170339735633, 0, 100000, 19.12862777709961, -103287.5859375
5605, -3557.647065937519, 2.2704896926879883, 109, 0.04996170339735633, 0, 100000, 19.428848266601562, -102887.390625
5606, 4197.563563442323, 13.954360485076904, 720, 0.04996170339735633, 0, 100000, 19.233673095703125, -103805.640625
5607, -5489.784639185062, 13.286733388900757, 675, 0.04996170339735633, 0, 100000, 19.144535064697266, -102575.0546875
5608, 4661.380182470661, 13.028659343719482, 635, 0.04996170339735633, 0, 100000, 19.780555725097656, -102461.6484375
5609, -3981.635245077312, 5.0864832401275635, 246, 0.04996170339735633, 0, 100000, 19.000139236450195, -102275.6953125
5610, 4809.48659830587, 14.333205461502075, 700, 0.04996170339735633, 0, 100000, 19.650054931640625, -101955.1171875
5611, -4489.6243431940675, 8.433416843414307, 424, 0.04996170339735633, 0, 100000, 19.094890594482422, -101875.6328125
5612, 5251.6377714769915, 6.884312152862549, 334, 0.04996170339735633, 0, 100000, 19.74350357055664, -100278.1640625
5613, -4174.712840253487, 9.433983564376831, 466, 0.04996170339735633, 0, 100000, 18.675329208374023, -100495.296875
5614, 5404.772161372006, 6.542932748794556, 328, 0.04996170339735633, 0, 100000, 18.460063934326172, -99337.578125
5615, -6097.59207419306, 13.65374493598938, 679, 0.04996170339735633, 0, 100000, 19.883312225341797, -99201.8984375
5616, -4180.946120923385, 9.00054121017456, 458, 0.04996170339735633, 0, 100000, 19.72002601623535, -98159.125
5617, 5301.585488530807, 7.085889577865601, 351, 0.04996170339735633, 0, 100000, 19.46742820739746, -97630.9609375
5618, -6586.388791540172, 22.686549186706543, 1141, 0.04996170339735633, 0, 100000, 19.08600616455078, -97312.4375
5619, 4642.315226802602, 14.440941572189331, 804, 0.04996170339735633, 0, 100000, 19.119911193847656, -95402.71875
5620, -6648.68071704061, 17.275302171707153, 975, 0.04996170339735633, 0, 100000, 19.091413497924805, -93958.546875
5621, -8343.417973767966, 15.392505645751953, 875, 0.04996170339735633, 0, 100000, 19.348783493041992, -93476.2421875
5622, -3600.8460447131656, 5.02022123336792, 273, 0.04996170339735633, 0, 100000, 20.023406982421875, -92277.9453125
5623, -3655.1728584244847, 2.9194414615631104, 156, 0.04996170339735633, 0, 100000, 18.29878807067871, -90934.5234375
5624, 4723.347814552952, 13.449778079986572, 768, 0.04996170339735633, 0, 100000, 19.150175094604492, -91499.6953125
5625, -4969.886139536509, 14.958009243011475, 862, 0.04996170339735633, 0, 100000, 18.93994903564453, -90840.3046875
5626, 4984.66214698297, 9.63547682762146, 542, 0.04996170339735633, 0, 100000, 19.09861183166504, -90170.140625
5627, -5185.430908739567, 8.494596242904663, 468, 0.04996170339735633, 0, 100000, 20.14975357055664, -89743.75
5628, -4184.446849654429, 7.893384218215942, 431, 0.04996170339735633, 0, 100000, 19.6136474609375, -88375.921875
5629, -3876.676530012861, 5.237987518310547, 274, 0.04996170339735633, 0, 100000, 19.104290008544922, -86966.0390625
5630, 5189.286614406621, 9.26815676689148, 507, 0.04996170339735633, 0, 100000, 19.420568466186523, -86965.0859375
5631, -4639.50656287434, 11.679657220840454, 652, 0.04996170339735633, 0, 100000, 18.937294006347656, -86968.4765625
5632, 4760.49474401772, 11.8275887966156, 669, 0.04996170339735633, 0, 100000, 18.89047622680664, -86637.109375
5633, -5630.65752503369, 19.578258275985718, 1124, 0.04996170339735633, 0, 100000, 19.531803131103516, -85353.90625
5634, -4556.609600981814, 9.752142429351807, 561, 0.04996170339735633, 0, 100000, 18.755001068115234, -83981.2421875
5635, -4728.463945981115, 13.417961359024048, 749, 0.04996170339735633, 0, 100000, 19.650691986083984, -83318.75
5636, 5353.633536949754, 5.824198007583618, 321, 0.04996170339735633, 0, 100000, 19.178918838500977, -83299.84375
5637, 4130.045694401604, 14.589072942733765, 797, 0.04996170339735633, 0, 100000, 19.05538558959961, -82331.125
5638, 4365.415296709165, 14.736345529556274, 842, 0.04996170339735633, 0, 100000, 19.55137825012207, -81388.75
5639, -4686.160766547546, 9.557268857955933, 536, 0.04996170339735633, 0, 100000, 19.008079528808594, -80639.3515625
5640, 5482.793548896909, 6.262171030044556, 342, 0.04996170339735633, 0, 100000, 19.208091735839844, -79272.734375
5641, -5756.59638168104, 9.46333646774292, 511, 0.04996170339735633, 0, 100000, 19.6118106842041, -79588.328125
5642, -7987.39131535776, 43.02270269393921, 2498, 0.04996170339735633, 0, 100000, 19.467910766601562, -77625.171875
5643, 1871.6451204158366, 18.333043575286865, 1061, 0.04996170339735633, 0, 100000, 18.87828826904297, -74592.015625
5644, -4339.91895712167, 9.567348718643188, 508, 0.04996170339735633, 0, 100000, 19.529251098632812, -74209.546875
5645, 5360.915055287071, 6.926171064376831, 350, 0.04996170339735633, 0, 100000, 20.442691802978516, -73516.984375
5646, 4482.491998645011, 16.310522317886353, 875, 0.04996170339735633, 0, 100000, 18.898984909057617, -72376.9765625
5647, -4660.502185068093, 12.523487329483032, 684, 0.04996170339735633, 0, 100000, 19.08906364440918, -71918.453125
5648, -4187.8029902130365, 9.892735004425049, 522, 0.04996170339735633, 0, 100000, 18.655670166015625, -71216.203125
5649, -3963.8729562312365, 7.165189743041992, 376, 0.04996170339735633, 0, 100000, 18.6147403717041, -70502.03125
5650, -3548.9615185819566, 5.014470100402832, 261, 0.04996170339735633, 0, 100000, 18.78607177734375, -69785.453125
5651, -3941.413684452884, 7.162936210632324, 368, 0.04996170339735633, 0, 100000, 18.925371170043945, -69447.046875
5652, 5669.2075725509785, 4.075905799865723, 219, 0.04996170339735633, 0, 100000, 18.62432289123535, -69368.5859375
5653, -3373.220160730183, 1.9749164581298828, 93, 0.04996170339735633, 0, 100000, 19.012605667114258, -68546.6484375
5654, 5411.557738408446, 6.254823684692383, 331, 0.04996170339735633, 0, 100000, 19.815156936645508, -69395.3203125
5655, -7750.645769760013, 19.97643780708313, 1117, 0.04996170339735633, 0, 100000, 18.93123435974121, -68375.9921875
5656, -4303.646566509502, 11.121479272842407, 620, 0.04996170339735633, 0, 100000, 18.679105758666992, -66669.5390625
5657, 4745.547947314568, 13.46756386756897, 728, 0.04996170339735633, 0, 100000, 18.89320182800293, -66555.140625
5658, -4761.678594301979, 12.491544961929321, 681, 0.04996170339735633, 0, 100000, 19.101184844970703, -65575.6328125
5659, -3610.1368508785963, 2.930210828781128, 147, 0.04996170339735633, 0, 100000, 19.451417922973633, -64940.35546875
5660, 4695.549368872074, 13.133798599243164, 715, 0.04996170339735633, 0, 100000, 18.70043182373047, -65006.94140625
5661, -4417.057739597047, 7.779097080230713, 425, 0.04996170339735633, 0, 100000, 19.183860778808594, -64428.71484375
5662, -4713.126549836248, 8.065767526626587, 439, 0.04996170339735633, 0, 100000, 18.660926818847656, -64580.84765625
5663, 4705.440711457282, 9.868067979812622, 537, 0.04996170339735633, 0, 100000, 20.0703182220459, -64593.265625
5664, -3998.620084360242, 5.171040296554565, 279, 0.04996170339735633, 0, 100000, 20.127458572387695, -64197.32421875
5665, 5668.110508598504, 4.004388093948364, 208, 0.04996170339735633, 0, 100000, 20.584409713745117, -63759.16015625
5666, -6197.706434424501, 19.171019554138184, 1035, 0.04996170339735633, 0, 100000, 19.593822479248047, -63493.5859375
5667, -3539.7079618126154, 2.809332847595215, 156, 0.04996170339735633, 0, 100000, 19.53218650817871, -61457.83203125
5668, -4520.727857556194, 10.977304220199585, 590, 0.04996170339735633, 0, 100000, 18.848934173583984, -61953.1875
5669, 5339.708362236619, 5.990023374557495, 326, 0.04996170339735633, 0, 100000, 19.215290069580078, -62251.9921875
5670, 4302.632531265728, 11.985876560211182, 647, 0.04996170339735633, 0, 100000, 18.68234634399414, -61358.21875
5671, -6167.490190625191, 8.601574420928955, 458, 0.04996170339735633, 0, 100000, 18.947391510009766, -61537.58984375
5672, 4150.5346194803715, 13.267287254333496, 731, 0.04996170339735633, 0, 100000, 19.3198184967041, -60616.546875
5673, -4924.469351911917, 11.828011989593506, 657, 0.04996170339735633, 0, 100000, 19.296810150146484, -60305.37109375
5674, -4431.026438499801, 7.908625841140747, 428, 0.04996170339735633, 0, 100000, 19.591066360473633, -59076.125
5675, -3792.9070378653705, 3.2413008213043213, 172, 0.04996170339735633, 0, 100000, 18.34333610534668, -58925.5703125
5676, -4242.447597292252, 9.465008974075317, 509, 0.04996170339735633, 0, 100000, 19.386451721191406, -58862.95703125
5677, -5541.398931436939, 10.867066860198975, 597, 0.04996170339735633, 0, 100000, 19.31273651123047, -58083.41015625
5678, -4820.920633593574, 9.051216840744019, 492, 0.04996170339735633, 0, 100000, 19.184175491333008, -57155.5234375
5679, -3759.9972893819213, 3.534085273742676, 188, 0.04996170339735633, 0, 100000, 18.986398696899414, -56548.3046875
5680, -4897.558572806418, 12.437029361724854, 662, 0.04996170339735633, 0, 100000, 19.297611236572266, -56204.66015625
5681, 5531.400032016914, 5.544179439544678, 299, 0.04996170339735633, 0, 100000, 19.198137283325195, -55440.38671875
5682, -3733.1855031996965, 4.567296266555786, 240, 0.04996170339735633, 0, 100000, 19.38260841369629, -55688.86328125
5683, 5089.104191081598, 9.61699104309082, 514, 0.04996170339735633, 0, 100000, 19.376079559326172, -55892.58984375
5684, 3697.8328563203104, 20.626367807388306, 1144, 0.04996170339735633, 0, 100000, 19.252593994140625, -55761.79296875
5685, 3772.671234729525, 16.429906845092773, 928, 0.04996170339735633, 0, 100000, 19.0311279296875, -55309.03515625
5686, 4384.9955202732235, 16.165958166122437, 908, 0.04996170339735633, 0, 100000, 19.116153717041016, -54628.69921875
5687, -4280.186242621392, 5.693187713623047, 301, 0.04996170339735633, 0, 100000, 19.982501983642578, -54457.75
5688, -4047.3818087187246, 8.118565559387207, 420, 0.04996170339735633, 0, 100000, 18.361896514892578, -53751.97265625
5689, 4409.958697834227, 9.921101331710815, 528, 0.04996170339735633, 0, 100000, 19.51939582824707, -53829.5546875
5690, -3951.026953438064, 5.2705981731414795, 285, 0.04996170339735633, 0, 100000, 18.118244171142578, -53338.41796875
5691, -3757.5234904140234, 4.972182989120483, 266, 0.04996170339735633, 0, 100000, 18.013261795043945, -52256.9140625
5692, -4161.073240655474, 7.764098405838013, 416, 0.04996170339735633, 0, 100000, 19.244741439819336, -52812.1796875
5693, -3859.411727293511, 7.0255632400512695, 374, 0.04996170339735633, 0, 100000, 18.90309715270996, -51987.21875
5694, 5390.742228313582, 5.980569124221802, 320, 0.04996170339735633, 0, 100000, 20.855012893676758, -52239.68359375
5695, 5138.427071765065, 8.988626718521118, 472, 0.04996170339735633, 0, 100000, 19.463762283325195, -51908.27734375
5696, 4647.926241585723, 8.319194078445435, 453, 0.04996170339735633, 0, 100000, 19.612483978271484, -51881.01171875
5697, -4228.839423397556, 7.305279493331909, 395, 0.04996170339735633, 0, 100000, 19.543724060058594, -51663.96875
5698, -3777.4365680364426, 5.135286092758179, 269, 0.04996170339735633, 0, 100000, 18.450353622436523, -50742.94140625
5699, 5124.036980992183, 9.672707319259644, 514, 0.04996170339735633, 0, 100000, 20.04987144470215, -50721.58203125
5700, -4481.622347481549, 7.627246379852295, 411, 0.04996170339735633, 0, 100000, 19.443723678588867, -50106.1953125
5701, -4052.2487382423133, 7.652783155441284, 408, 0.04996170339735633, 0, 100000, 19.782711029052734, -49923.671875
5702, 5253.9984833160415, 8.857066869735718, 474, 0.04996170339735633, 0, 100000, 18.949331283569336, -49232.61328125
5703, -4016.3252883111127, 6.315770626068115, 343, 0.04996170339735633, 0, 100000, 21.19119644165039, -48868.07421875
5704, -3793.151919655502, 5.250797271728516, 277, 0.04996170339735633, 0, 100000, 20.113059997558594, -49004.40625
5705, -3600.235220471397, 2.801734685897827, 145, 0.04996170339735633, 0, 100000, 23.107711791992188, -48463.1015625
5706, 5439.850839635357, 6.07289457321167, 320, 0.04996170339735633, 0, 100000, 19.398860931396484, -48365.328125
5707, -4280.907384479535, 11.44064736366272, 630, 0.04996170339735633, 0, 100000, 20.120174407958984, -48112.74609375
5708, -4321.008829943836, 7.293204307556152, 402, 0.04996170339735633, 0, 100000, 19.48175621032715, -47369.515625
5709, -3809.1679377350956, 6.59541130065918, 360, 0.04996170339735633, 0, 100000, 19.368410110473633, -47507.2890625
5710, 5415.809656411409, 5.6254003047943115, 297, 0.04996170339735633, 0, 100000, 19.212156295776367, -46815.6328125
5711, -4657.021628635004, 11.940665245056152, 634, 0.04996170339735633, 0, 100000, 19.469900131225586, -46929.2890625
5712, -7222.882548252121, 11.652364015579224, 645, 0.04996170339735633, 0, 100000, 19.046226501464844, -46005.5703125
5713, 5578.266957568005, 4.383267402648926, 233, 0.04996170339735633, 0, 100000, 18.163959503173828, -44713.3359375
5714, 5114.016282997967, 9.18317723274231, 490, 0.04996170339735633, 0, 100000, 19.723024368286133, -44882.29296875
5715, 4678.722373522818, 9.33522915840149, 499, 0.04996170339735633, 0, 100000, 20.550649642944336, -45030.3125
5716, -3818.923269867897, 3.560596227645874, 189, 0.04996170339735633, 0, 100000, 21.061098098754883, -44992.1640625
5717, -4309.539273101836, 8.43441104888916, 444, 0.04996170339735633, 0, 100000, 19.665538787841797, -44562.5234375
5718, -3909.022036228329, 5.206884860992432, 271, 0.04996170339735633, 0, 100000, 19.078147888183594, -44248.1484375
5719, -4741.1706283427775, 7.278196334838867, 385, 0.04996170339735633, 0, 100000, 19.812475204467773, -43817.80078125
5720, -4287.037218693644, 8.744852304458618, 469, 0.04996170339735633, 0, 100000, 19.641366958618164, -43007.6015625
5721, -4033.2858352642506, 7.506541967391968, 407, 0.04996170339735633, 0, 100000, 20.250995635986328, -42836.7578125
5722, -4292.796941176057, 6.01955509185791, 324, 0.04996170339735633, 0, 100000, 18.788644790649414, -42603.64453125
5723, 4456.290755923372, 12.81720519065857, 692, 0.04996170339735633, 0, 100000, 20.008060455322266, -41816.17578125
5724, -4194.775176294148, 5.9257872104644775, 320, 0.04996170339735633, 0, 100000, 19.607982635498047, -41796.203125
5725, -4263.534668555483, 7.990862131118774, 427, 0.04996170339735633, 0, 100000, 19.164573669433594, -41506.47265625
5726, 5525.118955585174, 4.588735103607178, 248, 0.04996170339735633, 0, 100000, 20.274526596069336, -40802.734375
5727, 4538.972197797848, 9.623820543289185, 508, 0.04996170339735633, 0, 100000, 20.34929847717285, -40976.453125
5728, -5156.993942032335, 8.254659414291382, 446, 0.04996170339735633, 0, 100000, 19.244810104370117, -40298.9375
5729, -4434.09433964733, 8.860416889190674, 477, 0.04996170339735633, 0, 100000, 19.847166061401367, -40611.03515625
5730, -4256.052487328649, 7.869992971420288, 423, 0.04996170339735633, 0, 100000, 19.77014923095703, -39812.03125
5731, 5317.21742304787, 6.263564348220825, 337, 0.04996170339735633, 0, 100000, 19.040164947509766, -39556.78515625
5732, -4557.386917632073, 12.261398315429688, 649, 0.04996170339735633, 0, 100000, 20.148836135864258, -39556.82421875
5733, 4247.491277677938, 12.270222425460815, 667, 0.04996170339735633, 0, 100000, 19.41489028930664, -39096.75
5734, 4915.817274076631, 10.434780836105347, 565, 0.04996170339735633, 0, 100000, 19.73322868347168, -38525.4140625
5735, -3962.694996384147, 3.9836509227752686, 208, 0.04996170339735633, 0, 100000, 18.5784912109375, -38335.6796875
5736, -4403.701042830944, 5.949905872344971, 306, 0.04996170339735633, 0, 100000, 19.22130584716797, -37646.1015625
5737, 4679.0762746403925, 13.803236246109009, 746, 0.04996170339735633, 0, 100000, 19.59634017944336, -37782.29296875
5738, -5004.927231669426, 7.985494613647461, 429, 0.04996170339735633, 0, 100000, 18.771825790405273, -37716.63671875
5739, 5114.018462399021, 7.19200587272644, 377, 0.04996170339735633, 0, 100000, 20.42810821533203, -36917.97265625
5740, -4100.831253148615, 5.728594779968262, 301, 0.04996170339735633, 0, 100000, 19.7017879486084, -36676.74609375
5741, 4431.926750816405, 13.047910451889038, 698, 0.04996170339735633, 0, 100000, 19.438133239746094, -36395.71484375
5742, -4171.619165033102, 4.728621006011963, 251, 0.04996170339735633, 0, 100000, 18.338165283203125, -35857.9140625
5743, -3935.867564735934, 7.034931898117065, 369, 0.04996170339735633, 0, 100000, 19.931562423706055, -36302.74609375
5744, -4716.46609422192, 8.462536334991455, 465, 0.04996170339735633, 0, 100000, 20.30198860168457, -36120.21875
5745, -3528.7417790070176, 2.9688589572906494, 147, 0.04996170339735633, 0, 100000, 20.884502410888672, -36144.55078125
5746, -4410.080358052626, 8.530690431594849, 452, 0.04996170339735633, 0, 100000, 20.98841094970703, -35688.8359375
5747, 5407.586579170078, 5.645439863204956, 300, 0.04996170339735633, 0, 100000, 20.176301956176758, -35618.49609375
5748, 5177.010684485082, 8.982938766479492, 484, 0.04996170339735633, 0, 100000, 20.939769744873047, -35734.1015625
5749, -4130.554781921208, 7.55600643157959, 411, 0.04996170339735633, 0, 100000, 20.12421989440918, -36289.98828125
5750, -4259.269610937685, 7.698732852935791, 411, 0.04996170339735633, 0, 100000, 19.84374237060547, -35781.37109375
5751, -4210.983086660039, 7.419884443283081, 399, 0.04996170339735633, 0, 100000, 21.242794036865234, -35096.921875
5752, 4302.319420446875, 11.451807975769043, 604, 0.04996170339735633, 0, 100000, 20.1165771484375, -34789.46484375
5753, 3893.9444707105868, 13.130256175994873, 723, 0.04996170339735633, 0, 100000, 20.473007202148438, -34939.85546875
5754, -7436.635701904073, 44.02063870429993, 2498, 0.04996170339735633, 0, 100000, 20.572830200195312, -33391.83203125
5755, 4392.324079953134, 12.444482326507568, 706, 0.04996170339735633, 0, 100000, 20.36627769470215, -32658.13671875
5756, -4142.0286384262145, 6.280675411224365, 329, 0.04996170339735633, 0, 100000, 19.768173217773438, -32414.646484375
5757, -5839.919551635161, 13.650943756103516, 712, 0.04996170339735633, 0, 100000, 20.20647621154785, -32244.90234375
5758, -7375.922583508305, 28.54794716835022, 1577, 0.04996170339735633, 0, 100000, 20.910999298095703, -31264.61328125
5759, -4719.162900514901, 4.794484376907349, 269, 0.04996170339735633, 0, 100000, 19.23405647277832, -30248.873046875
5760, -7644.324668977293, 29.32073950767517, 1580, 0.04996170339735633, 0, 100000, 20.19970703125, -29492.453125
5761, 5275.63556198572, 6.69740891456604, 374, 0.04996170339735633, 0, 100000, 20.58489418029785, -29117.048828125
5762, -4199.570112235844, 9.992686033248901, 520, 0.04996170339735633, 0, 100000, 20.1413516998291, -28708.30078125
5763, -4835.882808219641, 9.558530330657959, 499, 0.04996170339735633, 0, 100000, 20.9586181640625, -28105.380859375
5764, 4981.959378708154, 10.383511304855347, 547, 0.04996170339735633, 0, 100000, 20.277938842773438, -27886.017578125
5765, -3882.508111739531, 5.748044967651367, 301, 0.04996170339735633, 0, 100000, 19.965970993041992, -28262.28515625
5766, 5606.411736357957, 4.3698647022247314, 223, 0.04996170339735633, 0, 100000, 19.23711585998535, -27674.470703125
5767, -4007.4652031958103, 3.8613200187683105, 193, 0.04996170339735633, 0, 100000, 20.468568801879883, -27438.759765625
5768, -3831.5433033229783, 7.004303455352783, 366, 0.04996170339735633, 0, 100000, 20.466867446899414, -27453.697265625
5769, 5498.638964787126, 5.53796911239624, 284, 0.04996170339735633, 0, 100000, 20.332387924194336, -27443.974609375
5770, 4987.996890658978, 10.04189920425415, 534, 0.04996170339735633, 0, 100000, 20.528703689575195, -27452.576171875
5771, -3671.5678880512714, 4.063802719116211, 218, 0.04996170339735633, 0, 100000, 20.98683738708496, -27056.234375
5772, 5239.851277500391, 9.27037525177002, 479, 0.04996170339735633, 0, 100000, 20.366214752197266, -26696.96875
5773, -7300.003994888626, 44.84367752075195, 2498, 0.04996170339735633, 0, 100000, 19.825286865234375, -25805.724609375
5774, 5299.796242497454, 6.573779344558716, 353, 0.04996170339735633, 0, 100000, 21.886348724365234, -25251.404296875
5775, -3912.7197971385904, 6.1189186573028564, 310, 0.04996170339735633, 0, 100000, 18.756261825561523, -24995.55078125
5776, -4050.924733053893, 8.04113483428955, 421, 0.04996170339735633, 0, 100000, 20.030956268310547, -24923.150390625
5777, 4486.198766220361, 13.1186044216156, 705, 0.04996170339735633, 0, 100000, 19.883832931518555, -24500.48828125
5778, -5431.410970939323, 13.289131879806519, 727, 0.04996170339735633, 0, 100000, 19.992727279663086, -24376.904296875
5779, -4563.364888437092, 6.476773977279663, 346, 0.04996170339735633, 0, 100000, 20.5430908203125, -24199.611328125
5780, 5076.7220300717745, 10.001303911209106, 522, 0.04996170339735633, 0, 100000, 21.193782806396484, -23450.466796875
5781, 3468.8346256939694, 15.37248706817627, 820, 0.04996170339735633, 0, 100000, 20.45474624633789, -23474.322265625
5782, -5607.3882249249145, 11.054591655731201, 597, 0.04996170339735633, 0, 100000, 19.520925521850586, -23057.189453125
5783, -6417.213747875998, 15.633542776107788, 827, 0.04996170339735633, 0, 100000, 19.962942123413086, -22517.185546875
5784, 4734.722673874348, 13.821163654327393, 740, 0.04996170339735633, 0, 100000, 19.49553108215332, -22347.69921875
5785, -7247.511335065588, 29.29195475578308, 1592, 0.04996170339735633, 0, 100000, 19.373178482055664, -21486.90234375
5786, -4397.413165446487, 7.139205694198608, 387, 0.04996170339735633, 0, 100000, 20.01190185546875, -20913.216796875
5787, 5305.558909915737, 7.037873029708862, 362, 0.04996170339735633, 0, 100000, 20.176372528076172, -21179.87109375
5788, 4938.000261041685, 11.285660982131958, 580, 0.04996170339735633, 0, 100000, 20.912343978881836, -20740.181640625
5789, 4609.215830050409, 13.562044143676758, 720, 0.04996170339735633, 0, 100000, 20.176746368408203, -20954.611328125
5790, -4764.085950732231, 4.1901164054870605, 218, 0.04996170339735633, 0, 100000, 18.667198181152344, -20514.923828125
5791, -4338.795344591141, 8.025291919708252, 408, 0.04996170339735633, 0, 100000, 18.497526168823242, -20294.609375
5792, -5403.727005954832, 10.823429584503174, 571, 0.04996170339735633, 0, 100000, 18.918201446533203, -20066.4453125
5793, -3422.8786805660347, 2.737375497817993, 136, 0.04996170339735633, 0, 100000, 19.62462615966797, -18477.09375
5794, 4366.208291288465, 11.89915156364441, 616, 0.04996170339735633, 0, 100000, 20.556413650512695, -19064.22265625
5795, 5031.774316980969, 11.489231586456299, 602, 0.04996170339735633, 0, 100000, 19.494577407836914, -19096.419921875
5796, -3842.6730740219355, 5.1504974365234375, 264, 0.04996170339735633, 0, 100000, 18.2523193359375, -18788.798828125
5797, -3794.312002792023, 5.682807683944702, 290, 0.04996170339735633, 0, 100000, 18.679595947265625, -18952.220703125
5798, -3540.2422829270363, 2.7344887256622314, 135, 0.04996170339735633, 0, 100000, 19.024398803710938, -18536.57421875
5799, 5230.708263094537, 9.031188011169434, 465, 0.04996170339735633, 0, 100000, 19.912582397460938, -18332.56640625
5800, -3813.642866656184, 6.1548004150390625, 310, 0.04996170339735633, 0, 100000, 18.695068359375, -18237.505859375
5801, -4832.382090708241, 8.389789819717407, 430, 0.04996170339735633, 0, 100000, 19.189146041870117, -18248.427734375
5802, -3633.5697184042074, 3.1227352619171143, 166, 0.04996170339735633, 0, 100000, 16.76692008972168, -18664.912109375
5803, -3770.9841214492917, 5.292639970779419, 264, 0.04996170339735633, 0, 100000, 20.109434127807617, -17908.46484375
5804, 5683.864000399597, 4.022140979766846, 200, 0.04996170339735633, 0, 100000, 19.984399795532227, -17345.0859375
5805, -3689.1449087345973, 3.6560027599334717, 179, 0.04996170339735633, 0, 100000, 20.160213470458984, -17234.798828125
5806, -3913.2929661279777, 5.199802398681641, 259, 0.04996170339735633, 0, 100000, 18.371335983276367, -16894.37890625
5807, 4618.161087915301, 10.860668659210205, 580, 0.04996170339735633, 0, 100000, 18.385583877563477, -17229.947265625
5808, -4751.34929728508, 9.753561019897461, 508, 0.04996170339735633, 0, 100000, 18.879196166992188, -17197.796875
5809, -4161.033312091604, 6.567737817764282, 347, 0.04996170339735633, 0, 100000, 20.86057472229004, -16965.818359375
5810, 4768.1038959166035, 11.84017014503479, 625, 0.04996170339735633, 0, 100000, 19.564908981323242, -16723.91015625
5811, -4872.699730278924, 16.734408855438232, 787, 0.04996170339735633, 0, 100000, 19.733797073364258, -16437.1875
5812, -4000.4538755174726, 8.149945259094238, 437, 0.04996170339735633, 0, 100000, 19.081174850463867, -16344.064453125
5813, 3681.6501051434316, 12.447620630264282, 656, 0.04996170339735633, 0, 100000, 19.049264907836914, -15701.7861328125
5814, -3723.246634416282, 4.697844982147217, 247, 0.04996170339735633, 0, 100000, 17.824743270874023, -16436.568359375
5815, 5697.2248954530805, 4.005712985992432, 205, 0.04996170339735633, 0, 100000, 20.424314498901367, -15493.2939453125
5816, -4715.104027834721, 10.565532207489014, 552, 0.04996170339735633, 0, 100000, 20.082155227661133, -15868.90625
5817, 4297.295263728127, 11.058462381362915, 584, 0.04996170339735633, 0, 100000, 18.81865119934082, -16008.830078125
5818, 4490.340890252963, 15.276421070098877, 815, 0.04996170339735633, 0, 100000, 19.790668487548828, -15849.7470703125
5819, -3468.2993149757385, 1.4938769340515137, 77, 0.04996170339735633, 0, 100000, 21.036283493041992, -15444.916015625
5820, -3407.754408985842, 2.5540900230407715, 123, 0.04996170339735633, 0, 100000, 19.646677017211914, -15493.513671875
5821, -4380.3729861495085, 11.126146078109741, 560, 0.04996170339735633, 0, 100000, 19.189783096313477, -15137.3125
5822, 5201.629372175783, 9.541768312454224, 493, 0.04996170339735633, 0, 100000, 19.22711944580078, -14991.1240234375
5823, 4475.674101476558, 16.417195320129395, 873, 0.04996170339735633, 0, 100000, 19.373308181762695, -14585.271484375
5824, -4249.315363027854, 11.487747192382812, 613, 0.04996170339735633, 0, 100000, 19.601064682006836, -14676.9580078125
5825, 4751.985601541586, 13.58908486366272, 714, 0.04996170339735633, 0, 100000, 18.87668228149414, -14437.837890625
5826, -5788.167985936161, 14.987208127975464, 786, 0.04996170339735633, 0, 100000, 19.388837814331055, -14042.0
5827, -3457.35730426386, 2.5795931816101074, 132, 0.04996170339735633, 0, 100000, 19.869434356689453, -13830.724609375
5828, 4826.679534536786, 8.942098617553711, 465, 0.04996170339735633, 0, 100000, 19.446760177612305, -13349.8154296875
5829, -3455.7922310829163, 1.0737159252166748, 51, 0.04996170339735633, 0, 100000, 18.30588150024414, -12561.2880859375
5830, 4382.332300920039, 13.673823356628418, 704, 0.04996170339735633, 0, 100000, 19.126930236816406, -13507.6396484375
5831, -4349.468918810599, 8.388387441635132, 449, 0.04996170339735633, 0, 100000, 18.389915466308594, -13453.6884765625
5832, 4505.728230245411, 10.456342220306396, 551, 0.04996170339735633, 0, 100000, 18.97816276550293, -12839.7509765625
5833, -8313.864005897194, 44.72161388397217, 2498, 0.04996170339735633, 0, 100000, 19.706825256347656, -12163.841796875
5834, -3606.5135265290737, 2.7527172565460205, 148, 0.04996170339735633, 0, 100000, 19.19141960144043, -11017.81640625
5835, -3879.648501344025, 7.344058513641357, 364, 0.04996170339735633, 0, 100000, 19.573625564575195, -11093.62109375
5836, 4886.658112900332, 11.371759414672852, 592, 0.04996170339735633, 0, 100000, 19.328357696533203, -11268.580078125
5837, 2219.6717800465412, 27.714556455612183, 1512, 0.04996170339735633, 0, 100000, 19.293319702148438, -11106.6669921875
5838, 4041.9596708985046, 13.602027416229248, 749, 0.04996170339735633, 0, 100000, 19.121463775634766, -10918.0283203125
5839, -8276.965447779745, 45.294777393341064, 2498, 0.04996170339735633, 0, 100000, 19.409439086914062, -10603.0732421875
5840, 3763.144982425496, 15.845452070236206, 902, 0.04996170339735633, 0, 100000, 19.733657836914062, -9899.58203125
5841, 4230.429479035898, 21.49556016921997, 1126, 0.04996170339735633, 0, 100000, 18.843400955200195, -9617.837890625
5842, -4036.461543692276, 6.306066513061523, 324, 0.04996170339735633, 0, 100000, 20.074581146240234, -9468.5224609375
5843, -4122.567006619996, 8.754198551177979, 430, 0.04996170339735633, 0, 100000, 18.81882095336914, -9393.18359375
5844, 4471.340090200305, 10.98634934425354, 566, 0.04996170339735633, 0, 100000, 19.011701583862305, -8894.984375
5845, 4104.328398947604, 13.036935806274414, 688, 0.04996170339735633, 0, 100000, 19.151687622070312, -9469.8681640625
5846, -4883.356388613582, 11.648373365402222, 609, 0.04996170339735633, 0, 100000, 19.54937744140625, -9155.775390625
5847, -4027.7669732328504, 8.466947317123413, 419, 0.04996170339735633, 0, 100000, 18.15618324279785, -9160.3388671875
5848, 5000.017911475152, 13.247242450714111, 587, 0.04996170339735633, 0, 100000, 18.69098663330078, -8805.560546875
5849, -3859.844657149166, 7.057405471801758, 316, 0.04996170339735633, 0, 100000, 18.54320526123047, -8315.2900390625
5850, -4014.086269294843, 10.880685329437256, 484, 0.04996170339735633, 0, 100000, 18.457563400268555, -8413.4912109375
5851, -3586.9637897089124, 3.0514259338378906, 131, 0.04996170339735633, 0, 100000, 18.5594482421875, -7732.1630859375
5852, 5335.048972174525, 9.584706783294678, 415, 0.04996170339735633, 0, 100000, 20.254549026489258, -8366.87890625
5853, 5047.841494388878, 9.515875577926636, 430, 0.04996170339735633, 0, 100000, 18.99833106994629, -8201.7646484375
5854, -5585.304535888135, 21.45474410057068, 990, 0.04996170339735633, 0, 100000, 18.941335678100586, -7834.4306640625
5855, 5286.60457054805, 9.211787700653076, 431, 0.04996170339735633, 0, 100000, 18.529205322265625, -7681.06494140625
5856, 4599.908176912519, 17.196308374404907, 788, 0.04996170339735633, 0, 100000, 18.47097396850586, -7760.8046875
5857, -4846.152184992097, 13.310981273651123, 616, 0.04996170339735633, 0, 100000, 18.79805564880371, -7344.87255859375
5858, 4907.672685207799, 11.775466680526733, 530, 0.04996170339735633, 0, 100000, 19.05304718017578, -7181.875
5859, 5105.145711808233, 11.899781703948975, 541, 0.04996170339735633, 0, 100000, 18.599424362182617, -6691.46484375
5860, -3818.412157527171, 7.644964933395386, 344, 0.04996170339735633, 0, 100000, 17.486270904541016, -6370.7763671875
5861, -3689.4522091876715, 5.461079835891724, 242, 0.04996170339735633, 0, 100000, 17.835281372070312, -6092.53369140625
5862, -4165.566525121685, 9.685084342956543, 435, 0.04996170339735633, 0, 100000, 18.239723205566406, -6121.9814453125
5863, 3956.033375315368, 11.089015007019043, 515, 0.04996170339735633, 0, 100000, 18.080326080322266, -6522.572265625
5864, 5184.971694318461, 8.689910650253296, 395, 0.04996170339735633, 0, 100000, 18.38823890686035, -5830.2099609375
5865, 4481.38876181317, 13.80990743637085, 623, 0.04996170339735633, 0, 100000, 18.341827392578125, -6097.13134765625
5866, -3622.7084491262212, 3.531355381011963, 155, 0.04996170339735633, 0, 100000, 18.71419906616211, -5958.521484375
5867, 5028.53726728959, 9.551135301589966, 411, 0.04996170339735633, 0, 100000, 18.353504180908203, -6325.59375
5868, -3634.553695201874, 1.3223984241485596, 56, 0.04996170339735633, 0, 100000, 22.322397232055664, -5734.8876953125
5869, 5730.298674480524, 4.316985130310059, 187, 0.04996170339735633, 0, 100000, 18.20757484436035, -6303.11962890625
5870, -3336.086140334606, 1.853299856185913, 80, 0.04996170339735633, 0, 100000, 21.770475387573242, -6182.958984375
5871, -4504.31478311494, 12.389774799346924, 555, 0.04996170339735633, 0, 100000, 18.951984405517578, -6059.4384765625
5872, -4197.985286794603, 6.167827606201172, 281, 0.04996170339735633, 0, 100000, 18.748258590698242, -5266.072265625
5873, 4934.608123093494, 13.411769390106201, 606, 0.04996170339735633, 0, 100000, 19.239519119262695, -5415.88623046875
5874, -3780.944553434849, 5.649829149246216, 258, 0.04996170339735633, 0, 100000, 19.030733108520508, -5636.9755859375
5875, -4078.1888990863226, 11.853254795074463, 540, 0.04996170339735633, 0, 100000, 18.691165924072266, -5815.25244140625
5876, -3455.394636824727, 2.6668455600738525, 118, 0.04996170339735633, 0, 100000, 18.907390594482422, -5005.21533203125
5877, 4668.475151921157, 11.051775455474854, 497, 0.04996170339735633, 0, 100000, 19.45792007446289, -5109.34228515625
5878, 4206.150891547964, 11.015550374984741, 504, 0.04996170339735633, 0, 100000, 19.590530395507812, -4655.83740234375
5879, -3373.0982780456543, 1.0806493759155273, 45, 0.04996170339735633, 0, 100000, 17.129661560058594, -4658.029296875
5880, 5494.070694418042, 8.791479587554932, 385, 0.04996170339735633, 0, 100000, 17.78561782836914, -4474.72412109375
5881, -4605.119126620702, 9.016150951385498, 407, 0.04996170339735633, 0, 100000, 19.143339157104492, -4383.49169921875
5882, -6050.342849239707, 13.877811908721924, 627, 0.04996170339735633, 0, 100000, 19.14671516418457, -3980.263671875
5883, 5279.834245122969, 7.557692050933838, 335, 0.04996170339735633, 0, 100000, 18.282283782958984, -3653.284423828125
5884, -5912.682750197593, 20.432993412017822, 1018, 0.04996170339735633, 0, 100000, 19.28093910217285, -3715.68994140625
5885, 4953.454166432843, 9.994742393493652, 541, 0.04996170339735633, 0, 100000, 19.043338775634766, -2909.480224609375
5886, 3800.833762650378, 20.016630172729492, 1042, 0.04996170339735633, 0, 100000, 19.74355697631836, -2824.88720703125
5887, -3907.608977921307, 5.594389200210571, 299, 0.04996170339735633, 0, 100000, 18.339120864868164, -2645.335205078125
5888, 5177.413894468918, 9.61335015296936, 481, 0.04996170339735633, 0, 100000, 19.18019676208496, -2607.689697265625
5889, 4772.531170491129, 12.07541275024414, 620, 0.04996170339735633, 0, 100000, 19.41111946105957, -2518.0341796875
5890, 3776.9370254040696, 18.26447081565857, 959, 0.04996170339735633, 0, 100000, 19.127613067626953, -1960.4173583984375
5891, 2273.2896792632528, 21.458536863327026, 1173, 0.04996170339735633, 0, 100000, 18.446292877197266, -1664.37109375
5892, 1643.1029421177227, 27.00314211845398, 1487, 0.04996170339735633, 0, 100000, 19.084741592407227, -877.8209228515625
5893, -4609.5486243655905, 5.885784387588501, 317, 0.04996170339735633, 0, 100000, 18.30183219909668, -611.9883422851562
5894, -5467.064389564097, 9.237316608428955, 454, 0.04996170339735633, 0, 100000, 17.95059585571289, -14.004018783569336
5895, 5453.943565935886, 5.776697635650635, 290, 0.04996170339735633, 0, 100000, 18.656457901000977, -177.7547149658203
5896, -5336.69395741052, 13.34891414642334, 674, 0.04996170339735633, 0, 100000, 19.575698852539062, 71.51749420166016
5897, -3461.80781402078, 2.4785919189453125, 127, 0.04996170339735633, 0, 100000, 19.097108840942383, -48.8198356628418
5898, -3776.637282437645, 5.707683086395264, 281, 0.04996170339735633, 0, 100000, 19.305633544921875, 398.4736328125
5899, 5233.825210242765, 9.821145296096802, 509, 0.04996170339735633, 0, 100000, 18.212797164916992, 596.3218994140625
5900, 4237.400421936996, 10.41516399383545, 533, 0.04996170339735633, 0, 100000, 18.369091033935547, 194.60647583007812
5901, -4491.879094012082, 7.189022779464722, 371, 0.04996170339735633, 0, 100000, 19.16695213317871, -41.8034553527832
5902, -4115.566178611916, 8.383223056793213, 424, 0.04996170339735633, 0, 100000, 20.566572189331055, 428.879638671875
5903, 5287.0473248865455, 8.801022291183472, 445, 0.04996170339735633, 0, 100000, 18.957948684692383, 522.504150390625
5904, -3464.3486893177032, 1.4081792831420898, 73, 0.04996170339735633, 0, 100000, 18.96154022216797, 849.6234741210938
5905, 5632.094247665256, 4.241022109985352, 209, 0.04996170339735633, 0, 100000, 21.02150535583496, 1207.6461181640625
5906, 3448.262902840186, 19.092058420181274, 998, 0.04996170339735633, 0, 100000, 18.117048263549805, 1019.074462890625
5907, 4257.3252691384405, 14.676097869873047, 785, 0.04996170339735633, 0, 100000, 18.855972290039062, 1323.1094970703125
5908, -3455.0904211103916, 1.4089710712432861, 66, 0.04996170339735633, 0, 100000, 18.048057556152344, 1264.0394287109375
5909, 5262.129856664338, 9.69998574256897, 483, 0.04996170339735633, 0, 100000, 18.824819564819336, 1284.690185546875
5910, -5100.235140347853, 13.39723825454712, 705, 0.04996170339735633, 0, 100000, 18.0236759185791, 1243.55517578125
5911, -4100.632397401263, 8.806535243988037, 457, 0.04996170339735633, 0, 100000, 18.318851470947266, 2034.907958984375
5912, 4879.075872270856, 13.279487133026123, 682, 0.04996170339735633, 0, 100000, 18.44717025756836, 1877.6090087890625
5913, -4340.940539529547, 8.822662830352783, 446, 0.04996170339735633, 0, 100000, 17.812942504882812, 2177.61572265625
5914, -7887.4602881111205, 46.29859733581543, 2498, 0.04996170339735633, 0, 100000, 18.47152328491211, 2653.758544921875
5915, 5198.084970944095, 8.942645072937012, 495, 0.04996170339735633, 0, 100000, 17.56355857849121, 3240.375
5916, 4559.731549272314, 14.664981126785278, 756, 0.04996170339735633, 0, 100000, 19.03474235534668, 3630.785400390625
5917, 4338.700041290373, 15.678125381469727, 840, 0.04996170339735633, 0, 100000, 18.488182067871094, 3671.2021484375
5918, 2710.6493729087524, 24.579135179519653, 1324, 0.04996170339735633, 0, 100000, 17.385225296020508, 3820.559326171875
5919, -6136.982441634871, 20.85456395149231, 1119, 0.04996170339735633, 0, 100000, 18.03260040283203, 4541.654296875
5920, 5052.68695820123, 10.581122159957886, 559, 0.04996170339735633, 0, 100000, 17.713409423828125, 4473.44921875
5921, 3821.639977100538, 21.589346885681152, 1128, 0.04996170339735633, 0, 100000, 18.154569625854492, 4563.560546875
5922, 3354.1210716785863, 22.567144870758057, 1208, 0.04996170339735633, 0, 100000, 18.140121459960938, 4791.44873046875
5923, -3437.860819492489, 2.778322458267212, 144, 0.04996170339735633, 0, 100000, 20.214309692382812, 4642.28466796875
5924, 4639.624676480889, 13.398854970932007, 680, 0.04996170339735633, 0, 100000, 17.09256362915039, 5057.96875
5925, -8642.939941518009, 35.04538679122925, 1909, 0.04996170339735633, 0, 100000, 17.239805221557617, 5551.60986328125
5926, 4080.851999977138, 15.953494548797607, 878, 0.04996170339735633, 0, 100000, 17.946544647216797, 5891.65478515625
5927, -4455.827311888337, 5.153986215591431, 271, 0.04996170339735633, 0, 100000, 16.461633682250977, 5559.71923828125
5928, 120.0088697746396, 40.34231424331665, 2180, 0.04996170339735633, 0, 100000, 17.778287887573242, 6260.5341796875
5929, 1919.9922186601907, 27.255553245544434, 1538, 0.04996170339735633, 0, 100000, 16.884366989135742, 6466.67431640625
5930, 4651.960727125406, 10.127153635025024, 535, 0.04996170339735633, 0, 100000, 16.320701599121094, 5998.0751953125
5931, 1977.3102848732378, 28.364174604415894, 1462, 0.04996170339735633, 0, 100000, 17.551380157470703, 6569.68798828125
5932, -3369.5607419013977, 0.8785228729248047, 40, 0.04996170339735633, 0, 100000, 17.613849639892578, 7051.5751953125
5933, 4774.890989171807, 9.757066249847412, 485, 0.04996170339735633, 0, 100000, 16.64009666442871, 6513.2802734375
5934, -4084.3962199925445, 8.38441514968872, 431, 0.04996170339735633, 0, 100000, 17.634937286376953, 6608.5830078125
5935, -4159.636033989489, 8.291884660720825, 411, 0.04996170339735633, 0, 100000, 17.456554412841797, 6768.4326171875
5936, -4316.098737429827, 7.646526336669922, 391, 0.04996170339735633, 0, 100000, 17.583555221557617, 6962.42138671875
5937, -4042.8178387768567, 9.247243881225586, 475, 0.04996170339735633, 0, 100000, 16.61355972290039, 7257.0517578125
5938, 4858.2427051737905, 11.44785475730896, 592, 0.04996170339735633, 0, 100000, 18.078203201293945, 7213.4443359375
5939, -4903.980255953036, 12.378751277923584, 647, 0.04996170339735633, 0, 100000, 17.7620906829834, 7309.72265625
5940, 4813.132136264816, 11.383491277694702, 587, 0.04996170339735633, 0, 100000, 16.73638153076172, 8195.0361328125
5941, 4948.674148408696, 9.755551815032959, 511, 0.04996170339735633, 0, 100000, 16.0451717376709, 7639.8837890625
5942, 4484.489519994706, 14.356647729873657, 729, 0.04996170339735633, 0, 100000, 16.965370178222656, 7879.39208984375
5943, 5180.439874429256, 8.952282667160034, 450, 0.04996170339735633, 0, 100000, 18.102752685546875, 7731.71630859375
5944, 2205.5178865795024, 34.564513206481934, 1837, 0.04996170339735633, 0, 100000, 16.824676513671875, 8089.8564453125
5945, -5297.335996008769, 19.452587604522705, 1079, 0.04996170339735633, 0, 100000, 17.5118408203125, 8308.9462890625
5946, -4102.461957353633, 8.328119993209839, 427, 0.04996170339735633, 0, 100000, 17.908214569091797, 8414.0947265625
5947, -3570.8992823958397, 2.8638858795166016, 140, 0.04996170339735633, 0, 100000, 15.493839263916016, 8963.8486328125
5948, 5155.109177891165, 9.500657558441162, 479, 0.04996170339735633, 0, 100000, 17.380752563476562, 8555.7587890625
5949, 3934.0440087285824, 22.431381940841675, 1196, 0.04996170339735633, 0, 100000, 16.901260375976562, 8931.927734375
5950, -5749.280662774399, 25.354946851730347, 1405, 0.04996170339735633, 0, 100000, 16.707048416137695, 9026.0693359375
5951, -4106.189793063328, 7.107620716094971, 373, 0.04996170339735633, 0, 100000, 16.516820907592773, 9139.9697265625
5952, 5125.6303403526545, 9.800817728042603, 487, 0.04996170339735633, 0, 100000, 17.125078201293945, 9342.28515625
5953, -3284.5120398700237, 1.4117071628570557, 66, 0.04996170339735633, 0, 100000, 18.24949073791504, 8636.908203125
5954, -4686.02532035904, 12.40924882888794, 629, 0.04996170339735633, 0, 100000, 17.844343185424805, 9419.326171875
5955, -3609.052750259638, 3.0038318634033203, 151, 0.04996170339735633, 0, 100000, 16.379653930664062, 10174.1044921875
5956, 5310.249704943504, 6.440009832382202, 324, 0.04996170339735633, 0, 100000, 15.260635375976562, 9634.689453125
5957, -3820.5401710234582, 4.5294623374938965, 224, 0.04996170339735633, 0, 100000, 18.59821128845215, 9497.3583984375
5958, 4843.174113633344, 11.588321924209595, 592, 0.04996170339735633, 0, 100000, 16.27833366394043, 10049.09375
5959, -3470.2471878528595, 1.537604570388794, 73, 0.04996170339735633, 0, 100000, 17.286697387695312, 9374.4130859375
5960, 4808.35823366791, 9.761199235916138, 495, 0.04996170339735633, 0, 100000, 17.056110382080078, 9638.80078125
5961, 5333.66516604647, 7.71091628074646, 382, 0.04996170339735633, 0, 100000, 16.412446975708008, 9828.8857421875
5962, -3996.3429200164974, 6.084035634994507, 312, 0.04996170339735633, 0, 100000, 17.505107879638672, 10002.7939453125
5963, 5447.7795054242015, 6.102370977401733, 306, 0.04996170339735633, 0, 100000, 15.752498626708984, 10035.3671875
5964, -7296.421592812054, 46.28051471710205, 2498, 0.04996170339735633, 0, 100000, 16.56609344482422, 10295.5830078125
5965, -8417.926914438605, 44.58984684944153, 2498, 0.04996170339735633, 0, 100000, 16.212766647338867, 11546.5625
5966, -3535.255263645202, 2.850804090499878, 143, 0.04996170339735633, 0, 100000, 18.911306381225586, 12058.498046875
5967, -7273.019615963101, 27.429834365844727, 1367, 0.04996170339735633, 0, 100000, 16.454931259155273, 11876.013671875
5968, -6945.2527273029555, 25.254734754562378, 1345, 0.04996170339735633, 0, 100000, 16.330162048339844, 12258.4189453125
5969, -4115.46159876883, 8.231703996658325, 411, 0.04996170339735633, 0, 100000, 16.294906616210938, 12772.197265625
5970, -10914.069964509457, 45.26579284667969, 2343, 0.04996170339735633, 0, 100000, 16.034751892089844, 13072.5810546875
5971, -3998.1471231132746, 6.469462156295776, 347, 0.04996170339735633, 0, 100000, 16.168861389160156, 13216.306640625
5972, 4890.417789993808, 12.458144903182983, 600, 0.04996170339735633, 0, 100000, 15.212446212768555, 13754.6796875
5973, -5104.501769829541, 13.560431718826294, 679, 0.04996170339735633, 0, 100000, 15.6677885055542, 13767.03125
5974, 4682.966751062311, 12.24906325340271, 607, 0.04996170339735633, 0, 100000, 15.596522331237793, 13431.86328125
5975, 3854.2707382307854, 19.44080114364624, 972, 0.04996170339735633, 0, 100000, 15.565320014953613, 13874.5400390625
5976, -3764.045092947781, 4.614796161651611, 234, 0.04996170339735633, 0, 100000, 16.81767463684082, 14032.890625
5977, -7051.97673608223, 48.464354276657104, 2498, 0.04996170339735633, 0, 100000, 15.487369537353516, 14568.4609375
5978, -7470.842454485595, 44.5878803730011, 2498, 0.04996170339735633, 0, 100000, 15.263349533081055, 15393.34375
5979, 4444.741185546853, 13.610880374908447, 694, 0.04996170339735633, 0, 100000, 14.26771068572998, 16037.30859375
5980, -4502.800983905792, 7.280317068099976, 342, 0.04996170339735633, 0, 100000, 15.389647483825684, 15984.064453125
5981, 4735.689114540815, 9.65609097480774, 451, 0.04996170339735633, 0, 100000, 15.191459655761719, 16116.173828125
5982, -4081.6166731119156, 2.857412099838257, 131, 0.04996170339735633, 0, 100000, 15.267372131347656, 15847.306640625
5983, -6460.977560937405, 15.77618145942688, 761, 0.04996170339735633, 0, 100000, 15.065878868103027, 16125.89453125
5984, 3347.273032187484, 13.052515029907227, 645, 0.04996170339735633, 0, 100000, 15.304764747619629, 16234.8310546875
5985, -3965.616861820221, 4.321362733840942, 209, 0.04996170339735633, 0, 100000, 15.014616966247559, 16792.51953125
5986, -5300.1169501254335, 11.396456241607666, 549, 0.04996170339735633, 0, 100000, 15.639118194580078, 16829.873046875
5987, -4541.027640258893, 12.084612131118774, 591, 0.04996170339735633, 0, 100000, 15.369124412536621, 16917.525390625
5988, 4495.785380907357, 9.021872758865356, 422, 0.04996170339735633, 0, 100000, 15.50378704071045, 17121.181640625
5989, -3800.92153608799, 2.1143722534179688, 96, 0.04996170339735633, 0, 100000, 14.030539512634277, 17137.283203125
5990, -3745.8246881589293, 5.436518430709839, 259, 0.04996170339735633, 0, 100000, 15.631505966186523, 17311.80859375
5991, 5134.064953584224, 10.113610029220581, 497, 0.04996170339735633, 0, 100000, 15.056934356689453, 17437.69140625
5992, -3468.996683239937, 1.8174288272857666, 79, 0.04996170339735633, 0, 100000, 17.715757369995117, 17412.478515625
5993, -4676.903851360083, 9.157522201538086, 436, 0.04996170339735633, 0, 100000, 14.01595401763916, 17876.716796875
5994, 5735.298768911511, 3.9360291957855225, 176, 0.04996170339735633, 0, 100000, 15.87503719329834, 17328.833984375
5995, -5069.494803888258, 12.78966999053955, 617, 0.04996170339735633, 0, 100000, 16.07642936706543, 18107.595703125
5996, 4988.518077155575, 11.36030626296997, 547, 0.04996170339735633, 0, 100000, 14.881410598754883, 17614.66015625
5997, -4334.654432058334, 3.198323965072632, 150, 0.04996170339735633, 0, 100000, 14.609243392944336, 17596.791015625
5998, 4336.734417582629, 10.684673070907593, 515, 0.04996170339735633, 0, 100000, 15.961519241333008, 17750.439453125
5999, -3345.6824140548706, 1.1146750450134277, 53, 0.04996170339735633, 0, 100000, 16.476137161254883, 17130.703125
6000, -4021.2543969285907, 8.83865213394165, 419, 0.04996170339735633, 0, 100000, 16.298828125, 18011.529296875
6001, 5007.315041247755, 10.434449911117554, 504, 0.04996170339735633, 0, 100000, 15.764220237731934, 18444.955078125
6002, 4156.567126116715, 14.490617036819458, 712, 0.04996170339735633, 0, 100000, 15.063291549682617, 18396.615234375
6003, -3941.7525515556335, 2.193990468978882, 103, 0.04996170339735633, 0, 100000, 15.242610931396484, 18315.572265625
6004, 5245.005997136235, 9.855854749679565, 467, 0.04996170339735633, 0, 100000, 15.726325035095215, 18437.044921875
6005, -3759.4676839113235, 2.9956235885620117, 138, 0.04996170339735633, 0, 100000, 16.970251083374023, 18521.99609375
6006, -4029.04940870218, 8.749971866607666, 416, 0.04996170339735633, 0, 100000, 16.230819702148438, 18508.236328125
6007, 5374.3225484984, 6.600361108779907, 306, 0.04996170339735633, 0, 100000, 15.711644172668457, 18686.44921875
6008, -4176.153399810195, 6.823207139968872, 331, 0.04996170339735633, 0, 100000, 15.786863327026367, 18594.98046875
6009, -3871.5142897972837, 7.817434787750244, 372, 0.04996170339735633, 0, 100000, 15.93465518951416, 19189.583984375
6010, -4153.057255811989, 6.102865934371948, 295, 0.04996170339735633, 0, 100000, 15.137091636657715, 18949.552734375
6011, 5074.519680666039, 10.605340242385864, 510, 0.04996170339735633, 0, 100000, 16.091590881347656, 19249.259765625
6012, -3389.0353212207556, 1.7612807750701904, 82, 0.04996170339735633, 0, 100000, 17.832923889160156, 19071.830078125
6013, 5528.718995808624, 6.418904066085815, 302, 0.04996170339735633, 0, 100000, 16.32282257080078, 19257.80078125
6014, 4806.547576083802, 8.005606412887573, 385, 0.04996170339735633, 0, 100000, 15.677324295043945, 19281.37109375
6015, -3956.6630469020456, 4.081061363220215, 191, 0.04996170339735633, 0, 100000, 15.699370384216309, 19058.58203125
6016, -3718.1928173974156, 3.167344808578491, 149, 0.04996170339735633, 0, 100000, 16.78087043762207, 19678.349609375
6017, 5273.498871007934, 7.1997034549713135, 342, 0.04996170339735633, 0, 100000, 16.869558334350586, 19211.60546875
6018, 4210.4186616293155, 14.666878461837769, 718, 0.04996170339735633, 0, 100000, 16.880552291870117, 19325.48828125
6019, -3869.4756086748093, 5.579580545425415, 279, 0.04996170339735633, 0, 100000, 18.449140548706055, 19074.81640625
6020, 4296.523406809196, 15.10916805267334, 728, 0.04996170339735633, 0, 100000, 16.648277282714844, 19708.515625
6021, -4847.482334843371, 13.584895133972168, 672, 0.04996170339735633, 0, 100000, 16.278865814208984, 19480.865234375
6022, 4710.646997040953, 14.317620754241943, 702, 0.04996170339735633, 0, 100000, 16.588903427124023, 19934.646484375
6023, 5056.636080380762, 11.24701476097107, 550, 0.04996170339735633, 0, 100000, 17.75107192993164, 19950.38671875
6024, -4026.819070532918, 6.431637287139893, 308, 0.04996170339735633, 0, 100000, 15.928627014160156, 19933.365234375
6025, -4162.135171540955, 9.094121217727661, 440, 0.04996170339735633, 0, 100000, 16.40253257751465, 19976.275390625
6026, 4990.729555799393, 10.786888360977173, 522, 0.04996170339735633, 0, 100000, 16.211593627929688, 20264.5546875
6027, -3949.9451885297894, 7.753043174743652, 373, 0.04996170339735633, 0, 100000, 16.419193267822266, 20455.76953125
6028, 5672.359164584894, 4.305630683898926, 204, 0.04996170339735633, 0, 100000, 15.481224060058594, 19848.935546875
6029, -3382.882260069251, 2.605647563934326, 120, 0.04996170339735633, 0, 100000, 15.400784492492676, 19805.1875
6030, -7900.151401903015, 23.600417137145996, 1149, 0.04996170339735633, 0, 100000, 17.383121490478516, 20438.6484375
6031, -3842.328396665398, 6.846195936203003, 332, 0.04996170339735633, 0, 100000, 16.684494018554688, 20803.875
6032, 5129.150848215679, 10.111281156539917, 480, 0.04996170339735633, 0, 100000, 15.758264541625977, 21116.783203125
6033, 4846.37637918815, 12.306164979934692, 591, 0.04996170339735633, 0, 100000, 15.525446891784668, 21136.490234375
6034, 5375.52948870603, 8.645803689956665, 419, 0.04996170339735633, 0, 100000, 16.421724319458008, 20911.810546875
6035, -4067.621948608663, 5.675376892089844, 265, 0.04996170339735633, 0, 100000, 16.415191650390625, 21004.990234375
6036, -3987.7115355581045, 6.9741668701171875, 333, 0.04996170339735633, 0, 100000, 15.995329856872559, 20771.306640625
6037, -4085.5882190801203, 8.495204210281372, 402, 0.04996170339735633, 0, 100000, 16.798770904541016, 20870.236328125
6038, 4451.832434710115, 13.880022287368774, 670, 0.04996170339735633, 0, 100000, 15.87211799621582, 21166.2578125
6039, -4346.741674125195, 9.300031423568726, 450, 0.04996170339735633, 0, 100000, 16.059938430786133, 21294.3125
6040, 3573.0014030435123, 14.163027048110962, 683, 0.04996170339735633, 0, 100000, 15.642462730407715, 21092.603515625
6041, 1975.30844114325, 18.789060831069946, 945, 0.04996170339735633, 0, 100000, 16.621986389160156, 21187.29296875
6042, -4874.7506797976675, 8.63940954208374, 428, 0.04996170339735633, 0, 100000, 16.04398536682129, 21385.1953125
6043, 4718.0151407420635, 12.708418846130371, 604, 0.04996170339735633, 0, 100000, 15.68064022064209, 21667.294921875
6044, -5247.902993731201, 17.97479748725891, 885, 0.04996170339735633, 0, 100000, 15.803083419799805, 21748.98046875
6045, 4919.038640337065, 10.845107793807983, 533, 0.04996170339735633, 0, 100000, 15.276697158813477, 21815.00390625
6046, -7330.01722828066, 21.168636798858643, 1025, 0.04996170339735633, 0, 100000, 15.66630744934082, 21807.796875
6047, -4552.034894367913, 12.232728481292725, 613, 0.04996170339735633, 0, 100000, 14.581478118896484, 22267.361328125
6048, -4584.312601968646, 12.254057168960571, 602, 0.04996170339735633, 0, 100000, 15.5512113571167, 22289.1328125
6049, -7988.674518527463, 31.859668016433716, 1598, 0.04996170339735633, 0, 100000, 15.662557601928711, 22859.0546875
6050, 5037.016529344954, 8.801257371902466, 446, 0.04996170339735633, 0, 100000, 15.910094261169434, 23404.009765625
6051, -3895.4372594095767, 3.3226096630096436, 152, 0.04996170339735633, 0, 100000, 16.434307098388672, 23478.91015625
6052, -4217.652842113748, 10.959983348846436, 524, 0.04996170339735633, 0, 100000, 16.80953598022461, 23884.546875
6053, -5156.799101844779, 10.448773384094238, 502, 0.04996170339735633, 0, 100000, 15.789888381958008, 23564.890625
6054, 5393.547136619687, 6.59671950340271, 315, 0.04996170339735633, 0, 100000, 15.194601058959961, 23467.9375
6055, -3827.1577044183505, 5.17031192779541, 241, 0.04996170339735633, 0, 100000, 16.262805938720703, 23804.736328125
6056, 5705.386698233895, 4.0094170570373535, 188, 0.04996170339735633, 0, 100000, 16.60562515258789, 23536.9140625
6057, 5286.666111429455, 9.100958824157715, 435, 0.04996170339735633, 0, 100000, 15.864253997802734, 23614.765625
6058, -4755.767485727556, 12.964771032333374, 619, 0.04996170339735633, 0, 100000, 16.613046646118164, 23915.501953125
6059, 5661.5913715697825, 4.141633987426758, 194, 0.04996170339735633, 0, 100000, 17.187620162963867, 23509.921875
6060, -4593.876437349711, 15.791478157043457, 754, 0.04996170339735633, 0, 100000, 15.589300155639648, 23844.7578125
6061, -3476.396673247218, 2.800231456756592, 128, 0.04996170339735633, 0, 100000, 16.60886573791504, 23915.3515625
6062, 5689.645728543401, 4.333254814147949, 199, 0.04996170339735633, 0, 100000, 17.635295867919922, 23862.76953125
6063, 3715.8422603062354, 16.63162326812744, 792, 0.04996170339735633, 0, 100000, 16.48638153076172, 23746.087890625
6064, 4070.598052067682, 14.241341352462769, 701, 0.04996170339735633, 0, 100000, 15.009197235107422, 23933.912109375
6065, -3912.934558749199, 2.359823703765869, 108, 0.04996170339735633, 0, 100000, 18.589651107788086, 23517.037109375
6066, 4794.999652195955, 12.209155797958374, 578, 0.04996170339735633, 0, 100000, 16.34819984436035, 23778.19921875
6067, 1050.3176844557747, 27.30834436416626, 1385, 0.04996170339735633, 0, 100000, 15.782915115356445, 24294.87890625
6068, -5061.454769220203, 13.533785581588745, 665, 0.04996170339735633, 0, 100000, 14.850218772888184, 24466.27734375
6069, 4873.327235018369, 14.208141326904297, 686, 0.04996170339735633, 0, 100000, 15.252456665039062, 24494.998046875
6070, -5129.155477501452, 19.130166053771973, 938, 0.04996170339735633, 0, 100000, 15.286698341369629, 24636.7421875
6071, 5261.163800664712, 9.08459210395813, 444, 0.04996170339735633, 0, 100000, 15.360337257385254, 24922.392578125
6072, 3274.8275976404548, 13.487520694732666, 647, 0.04996170339735633, 0, 100000, 15.440997123718262, 24786.25390625
6073, 3876.474481862504, 14.153261661529541, 687, 0.04996170339735633, 0, 100000, 15.31394100189209, 25034.642578125
6074, -4833.694509152789, 13.038816213607788, 629, 0.04996170339735633, 0, 100000, 16.108112335205078, 24764.986328125
6075, 5413.993407599628, 6.030166387557983, 282, 0.04996170339735633, 0, 100000, 14.164787292480469, 24754.310546875
6076, -5086.410136940889, 15.029534339904785, 714, 0.04996170339735633, 0, 100000, 15.976168632507324, 24894.78515625
6077, 4759.167958924547, 12.777249097824097, 623, 0.04996170339735633, 0, 100000, 14.961782455444336, 24937.8125
6078, 3367.909574867692, 13.740931749343872, 656, 0.04996170339735633, 0, 100000, 16.677099227905273, 25036.5078125
6079, 4344.137876161374, 17.93314266204834, 873, 0.04996170339735633, 0, 100000, 16.08418846130371, 25089.736328125
6080, 3894.306461920729, 20.055814743041992, 992, 0.04996170339735633, 0, 100000, 15.99288558959961, 25427.32421875
6081, 3646.3115632506087, 18.418944597244263, 912, 0.04996170339735633, 0, 100000, 16.937549591064453, 25360.1171875
6082, 3227.1138563230634, 15.98346471786499, 795, 0.04996170339735633, 0, 100000, 15.553548812866211, 25547.291015625
6083, -7646.488087652018, 49.03793287277222, 2498, 0.04996170339735633, 0, 100000, 16.12335968017578, 26030.80859375
6084, 4022.6689766203053, 15.046617984771729, 790, 0.04996170339735633, 0, 100000, 16.612899780273438, 26488.564453125
6085, -6758.289315062575, 48.858134746551514, 2498, 0.04996170339735633, 0, 100000, 15.995488166809082, 26665.939453125
6086, 4616.136713342043, 13.188658714294434, 686, 0.04996170339735633, 0, 100000, 15.730290412902832, 26837.7265625
6087, -4236.393040504307, 12.226288557052612, 581, 0.04996170339735633, 0, 100000, 15.510041236877441, 27007.775390625
6088, 4724.924210843863, 12.661163806915283, 613, 0.04996170339735633, 0, 100000, 15.621158599853516, 26481.650390625
6089, 4981.341828439385, 12.487539291381836, 597, 0.04996170339735633, 0, 100000, 15.130178451538086, 26791.638671875
6090, -4116.281615205342, 8.3032386302948, 401, 0.04996170339735633, 0, 100000, 15.115842819213867, 26468.5859375
6091, 5193.273610280827, 10.186092376708984, 491, 0.04996170339735633, 0, 100000, 16.231884002685547, 26642.830078125
6092, -3661.375241845846, 2.2680563926696777, 110, 0.04996170339735633, 0, 100000, 14.947822570800781, 27064.931640625
6093, -5114.426824809983, 13.499775171279907, 644, 0.04996170339735633, 0, 100000, 15.085837364196777, 27050.8515625
6094, 4154.801341347586, 14.811816215515137, 733, 0.04996170339735633, 0, 100000, 16.07427978515625, 27175.73828125
6095, 2478.739834351465, 26.16481924057007, 1295, 0.04996170339735633, 0, 100000, 16.10152244567871, 27431.37890625
6096, 4060.7488904539496, 16.883073329925537, 850, 0.04996170339735633, 0, 100000, 16.967897415161133, 27448.345703125
6097, -5048.581517172977, 18.202211380004883, 906, 0.04996170339735633, 0, 100000, 16.973493576049805, 27513.021484375
6098, -4141.849401254207, 6.411646366119385, 311, 0.04996170339735633, 0, 100000, 15.395233154296875, 27192.443359375
6099, 4851.054592600092, 12.852644681930542, 616, 0.04996170339735633, 0, 100000, 16.09222412109375, 27619.76953125
6100, -6276.679760983534, 17.934873342514038, 881, 0.04996170339735633, 0, 100000, 16.320951461791992, 27696.193359375
6101, 5272.455265332013, 6.755115509033203, 323, 0.04996170339735633, 0, 100000, 16.39948272705078, 27305.349609375
6102, 5043.427463524044, 9.778849840164185, 464, 0.04996170339735633, 0, 100000, 15.928138732910156, 27715.48828125
6103, 3965.315734026255, 17.51935839653015, 853, 0.04996170339735633, 0, 100000, 15.81775188446045, 27717.03125
6104, 477.35741954063997, 30.803743600845337, 1530, 0.04996170339735633, 0, 100000, 15.835922241210938, 28246.287109375
6105, -4871.36298776418, 9.352412939071655, 465, 0.04996170339735633, 0, 100000, 15.779973030090332, 28287.875
6106, 4936.746459323913, 12.918671607971191, 613, 0.04996170339735633, 0, 100000, 16.411510467529297, 28498.609375
6107, -3336.995427131653, 1.4004719257354736, 62, 0.04996170339735633, 0, 100000, 14.509713172912598, 28352.3515625
6108, 4169.12497236114, 14.586650133132935, 696, 0.04996170339735633, 0, 100000, 16.09737205505371, 28570.513671875
6109, 3294.9523281030124, 25.68207097053528, 1280, 0.04996170339735633, 0, 100000, 16.134370803833008, 28863.130859375
6110, -3949.546068739146, 5.320244073867798, 259, 0.04996170339735633, 0, 100000, 16.65656280517578, 28178.771484375
6111, 3685.563596001826, 19.345593690872192, 928, 0.04996170339735633, 0, 100000, 16.55061912536621, 28951.58984375
6112, -4437.521645762026, 9.162737131118774, 452, 0.04996170339735633, 0, 100000, 16.195817947387695, 29098.6171875
6113, -6157.229470750783, 24.041218280792236, 1166, 0.04996170339735633, 0, 100000, 17.161209106445312, 29412.271484375
6114, -7361.547121423297, 20.63828992843628, 1048, 0.04996170339735633, 0, 100000, 15.780679702758789, 29816.130859375
6115, 4827.288978256285, 11.70308256149292, 586, 0.04996170339735633, 0, 100000, 16.304323196411133, 30121.9453125
6116, -10206.484874298796, 33.93977975845337, 1686, 0.04996170339735633, 0, 100000, 15.710421562194824, 30128.765625
6117, 3921.665003891103, 14.15197467803955, 689, 0.04996170339735633, 0, 100000, 16.850753784179688, 30639.771484375
6118, -3677.9392449595034, 3.250863552093506, 149, 0.04996170339735633, 0, 100000, 16.0661563873291, 30747.888671875
6119, -6811.212226793548, 63.15103101730347, 2498, 0.04996170339735633, 0, 100000, 16.156036376953125, 31003.7109375
6120, -4601.312012299895, 9.243645191192627, 483, 0.04996170339735633, 0, 100000, 17.22944450378418, 30985.462890625
6121, -3967.843463202007, 6.514660120010376, 306, 0.04996170339735633, 0, 100000, 15.770820617675781, 31178.814453125
6122, 4354.924223442096, 14.629974842071533, 695, 0.04996170339735633, 0, 100000, 16.8353214263916, 31246.509765625
6123, -4538.50378552638, 8.28491997718811, 400, 0.04996170339735633, 0, 100000, 15.872347831726074, 31386.787109375
6124, 4170.701878167689, 14.715329885482788, 716, 0.04996170339735633, 0, 100000, 16.341276168823242, 31250.3203125
6125, -3411.204316046089, 1.9893014430999756, 90, 0.04996170339735633, 0, 100000, 17.897621154785156, 31049.5390625
6126, 5203.409382772632, 10.09293270111084, 468, 0.04996170339735633, 0, 100000, 16.003231048583984, 31363.05078125
6127, 3866.990396496374, 21.16835379600525, 1038, 0.04996170339735633, 0, 100000, 16.633325576782227, 31431.1953125
6128, -5033.84779197257, 10.404523849487305, 512, 0.04996170339735633, 0, 100000, 16.047903060913086, 31435.642578125
6129, 4838.1085357144475, 11.609833240509033, 539, 0.04996170339735633, 0, 100000, 17.260791778564453, 31519.951171875
6130, 4935.7750590383075, 11.542284727096558, 547, 0.04996170339735633, 0, 100000, 17.19378089904785, 31239.671875
6131, -4571.480996362865, 13.77911639213562, 663, 0.04996170339735633, 0, 100000, 17.464832305908203, 31231.650390625
6132, 4822.232650807477, 12.034634590148926, 577, 0.04996170339735633, 0, 100000, 16.348024368286133, 31273.65625
6133, -3887.132508616429, 5.666050910949707, 266, 0.04996170339735633, 0, 100000, 16.473875045776367, 31132.0390625
6134, 5263.897616444156, 8.136123657226562, 391, 0.04996170339735633, 0, 100000, 16.97270393371582, 31219.181640625
6135, 4648.120010014158, 16.74223303794861, 810, 0.04996170339735633, 0, 100000, 16.639633178710938, 31011.728515625
6136, -4360.697262085043, 12.819078922271729, 628, 0.04996170339735633, 0, 100000, 16.745336532592773, 30876.783203125
6137, 5674.561243562028, 4.4781060218811035, 213, 0.04996170339735633, 0, 100000, 15.659564018249512, 30960.056640625
6138, -3571.6529841423035, 3.4584531784057617, 165, 0.04996170339735633, 0, 100000, 14.471899032592773, 30968.408203125
6139, 5085.848790410906, 8.607080459594727, 414, 0.04996170339735633, 0, 100000, 16.99834442138672, 30827.58984375
6140, -4886.218477370217, 13.670559644699097, 651, 0.04996170339735633, 0, 100000, 17.321945190429688, 31124.9921875
6141, 3763.6024552844465, 17.707586765289307, 836, 0.04996170339735633, 0, 100000, 17.788576126098633, 31179.91796875
6142, 3171.9126328695565, 15.832074880599976, 790, 0.04996170339735633, 0, 100000, 17.027751922607422, 31460.314453125
6143, 3514.7567048754718, 18.58584213256836, 925, 0.04996170339735633, 0, 100000, 16.18521499633789, 31422.115234375
6144, -5681.266497130506, 12.678314685821533, 615, 0.04996170339735633, 0, 100000, 18.67910385131836, 31439.330078125
6145, 5487.511280491017, 6.627529621124268, 314, 0.04996170339735633, 0, 100000, 16.828886032104492, 31423.625
6146, -3984.89008641243, 4.688629150390625, 219, 0.04996170339735633, 0, 100000, 18.074451446533203, 31200.97265625
6147, -163.8484144024551, 29.03821587562561, 1411, 0.04996170339735633, 0, 100000, 16.321727752685547, 31601.216796875
6148, 4353.560079921037, 8.786873579025269, 425, 0.04996170339735633, 0, 100000, 17.180356979370117, 31584.162109375
6149, -3591.3972897306085, 2.930047035217285, 134, 0.04996170339735633, 0, 100000, 14.422639846801758, 31293.322265625
6150, 4921.646351637319, 13.260464668273926, 636, 0.04996170339735633, 0, 100000, 17.21228790283203, 31764.16015625
6151, 5016.765028922819, 12.302104234695435, 583, 0.04996170339735633, 0, 100000, 16.869592666625977, 31935.248046875
6152, 4988.4161618724465, 8.171656370162964, 393, 0.04996170339735633, 0, 100000, 17.461091995239258, 31684.8828125
6153, 3095.7574410098605, 15.555538892745972, 739, 0.04996170339735633, 0, 100000, 19.066783905029297, 32011.19921875
6154, 5194.9453088231385, 8.366076469421387, 398, 0.04996170339735633, 0, 100000, 17.758256912231445, 31813.73046875
6155, -3705.5996147431433, 5.575542449951172, 266, 0.04996170339735633, 0, 100000, 17.737634658813477, 31231.65625
6156, 5192.226451280527, 9.942384719848633, 470, 0.04996170339735633, 0, 100000, 17.369691848754883, 31348.931640625
6157, -3455.7225229740143, 1.4484293460845947, 65, 0.04996170339735633, 0, 100000, 17.374589920043945, 30324.513671875
6158, -3481.484358564019, 2.9558300971984863, 141, 0.04996170339735633, 0, 100000, 16.437198638916016, 31137.201171875
6159, 3814.672297721263, 14.9013831615448, 712, 0.04996170339735633, 0, 100000, 17.297513961791992, 31618.046875
6160, 3195.0218998268247, 14.207876920700073, 687, 0.04996170339735633, 0, 100000, 18.382226943969727, 31236.6484375
6161, 5042.759927914711, 10.61117672920227, 509, 0.04996170339735633, 0, 100000, 17.516521453857422, 31662.552734375
6162, 5402.918221744709, 8.118480682373047, 385, 0.04996170339735633, 0, 100000, 17.21550941467285, 31123.173828125
6163, 5023.323002114892, 8.211035013198853, 385, 0.04996170339735633, 0, 100000, 18.75819206237793, 30911.58203125
6164, 3862.561491338536, 12.84184741973877, 618, 0.04996170339735633, 0, 100000, 18.476919174194336, 31028.521484375
6165, -4532.127476869151, 10.093921661376953, 485, 0.04996170339735633, 0, 100000, 17.24091911315918, 31008.78515625
6166, 5327.395303285681, 9.082751989364624, 417, 0.04996170339735633, 0, 100000, 17.7260684967041, 30727.228515625
6167, -4069.95143652102, 8.647055864334106, 412, 0.04996170339735633, 0, 100000, 17.689807891845703, 30705.169921875
6168, 5414.963168242946, 6.052157640457153, 289, 0.04996170339735633, 0, 100000, 17.721752166748047, 30727.41796875
6169, 4073.4324087630957, 16.47302484512329, 785, 0.04996170339735633, 0, 100000, 17.134920120239258, 30936.96875
6170, 3216.977360575518, 20.385324954986572, 997, 0.04996170339735633, 0, 100000, 18.437631607055664, 30854.458984375
6171, -4687.195886068046, 10.305877923965454, 496, 0.04996170339735633, 0, 100000, 18.140459060668945, 30776.392578125
6172, 5190.587223100476, 9.608471870422363, 454, 0.04996170339735633, 0, 100000, 18.66149139404297, 31097.5390625
6173, -3533.428269569995, 2.403203010559082, 116, 0.04996170339735633, 0, 100000, 17.94321060180664, 30189.00390625
6174, 5677.693384187296, 4.085068702697754, 194, 0.04996170339735633, 0, 100000, 20.512590408325195, 30768.669921875
6175, 4404.692148536444, 16.66959810256958, 801, 0.04996170339735633, 0, 100000, 18.33530044555664, 30706.294921875
6176, -5046.122522720951, 18.5833957195282, 898, 0.04996170339735633, 0, 100000, 18.510276794433594, 30702.021484375
6177, -8443.366013444029, 51.657899141311646, 2498, 0.04996170339735633, 0, 100000, 16.550601959228516, 30924.21484375
6178, 3833.5876935184933, 10.458268404006958, 531, 0.04996170339735633, 0, 100000, 17.225814819335938, 31409.744140625
6179, -4202.261429527774, 9.306262731552124, 430, 0.04996170339735633, 0, 100000, 18.29513168334961, 31215.318359375
6180, 3427.9947401992977, 15.615298748016357, 741, 0.04996170339735633, 0, 100000, 17.8832950592041, 31717.427734375
6181, -3708.7318472266197, 3.6343181133270264, 171, 0.04996170339735633, 0, 100000, 16.327096939086914, 31669.982421875
6182, 4579.653182882816, 14.978907108306885, 693, 0.04996170339735633, 0, 100000, 18.187904357910156, 31570.302734375
6183, -8021.218865385279, 50.030728578567505, 2498, 0.04996170339735633, 0, 100000, 17.13494300842285, 31814.48828125
6184, 3613.6956742280163, 12.012505531311035, 604, 0.04996170339735633, 0, 100000, 16.463409423828125, 31911.228515625
6185, -4365.249081319664, 9.585039854049683, 456, 0.04996170339735633, 0, 100000, 16.318920135498047, 31887.005859375
6186, -4761.8626767881215, 9.79206919670105, 461, 0.04996170339735633, 0, 100000, 18.672502517700195, 31701.62890625
6187, 4625.9457601113245, 13.682309627532959, 645, 0.04996170339735633, 0, 100000, 16.00946807861328, 31761.599609375
6188, -7087.026880410034, 50.368929862976074, 2498, 0.04996170339735633, 0, 100000, 17.082103729248047, 32145.380859375
6189, -4202.302406676114, 6.228824853897095, 283, 0.04996170339735633, 0, 100000, 16.614351272583008, 32481.1015625
6190, 4471.343614739017, 11.905592203140259, 559, 0.04996170339735633, 0, 100000, 16.57587242126465, 32234.3046875
6191, -6082.436360105872, 10.19826340675354, 485, 0.04996170339735633, 0, 100000, 17.378664016723633, 32089.71484375
6192, 3578.689983073622, 13.836179256439209, 663, 0.04996170339735633, 0, 100000, 17.318363189697266, 32418.099609375
6193, -8209.796502219513, 50.444215297698975, 2498, 0.04996170339735633, 0, 100000, 16.608789443969727, 32606.578125
6194, -5579.50190317817, 12.278595685958862, 613, 0.04996170339735633, 0, 100000, 16.41636848449707, 32734.009765625
6195, -3954.6706559155136, 8.335216283798218, 386, 0.04996170339735633, 0, 100000, 16.224655151367188, 32712.787109375
6196, -4476.6479277201, 6.491906642913818, 294, 0.04996170339735633, 0, 100000, 15.64118480682373, 32849.7734375
6197, 5409.361940262839, 6.336243629455566, 297, 0.04996170339735633, 0, 100000, 15.94310474395752, 32728.96875
6198, 4302.101193165639, 15.176306009292603, 723, 0.04996170339735633, 0, 100000, 17.065635681152344, 32782.98046875
6199, 3872.537972867489, 12.258336544036865, 584, 0.04996170339735633, 0, 100000, 15.516439437866211, 32303.58203125
6200, 4644.399139219662, 15.109548091888428, 724, 0.04996170339735633, 0, 100000, 16.43747901916504, 32387.708984375
6201, 4193.658723552944, 18.210811376571655, 644, 0.04996170339735633, 0, 100000, 15.695304870605469, 32225.68359375
6202, 5348.344285388477, 8.292304515838623, 389, 0.04996170339735633, 0, 100000, 16.692262649536133, 32184.8359375
6203, -3601.8105347156525, 2.5473668575286865, 121, 0.04996170339735633, 0, 100000, 16.03204345703125, 31964.990234375
6204, -4333.660896908492, 12.158861637115479, 580, 0.04996170339735633, 0, 100000, 16.737241744995117, 32179.55859375
6205, -3820.2759236991405, 6.479511260986328, 302, 0.04996170339735633, 0, 100000, 16.066225051879883, 32680.48046875
6206, -3956.7615576535463, 7.662995338439941, 360, 0.04996170339735633, 0, 100000, 17.776172637939453, 32347.005859375
6207, 4875.200020900462, 9.826367139816284, 440, 0.04996170339735633, 0, 100000, 17.385473251342773, 32260.630859375
6208, -5644.053003201203, 15.085700988769531, 685, 0.04996170339735633, 0, 100000, 16.9985294342041, 32504.712890625
6209, -4130.20886674989, 11.892199754714966, 533, 0.04996170339735633, 0, 100000, 17.259033203125, 32715.62890625
6210, 4439.587990611792, 14.263954162597656, 633, 0.04996170339735633, 0, 100000, 17.01902198791504, 32778.2265625
6211, -4114.512664065696, 7.499210834503174, 323, 0.04996170339735633, 0, 100000, 16.177270889282227, 32699.064453125
6212, 5705.532438185997, 4.1936728954315186, 173, 0.04996170339735633, 0, 100000, 15.519675254821777, 32819.58203125
6213, -4541.526553395204, 14.588120698928833, 644, 0.04996170339735633, 0, 100000, 16.112403869628906, 32597.77734375
6214, -3423.129804244265, 2.994469165802002, 127, 0.04996170339735633, 0, 100000, 15.810074806213379, 32690.912109375
6215, 5632.550203082152, 4.513574600219727, 198, 0.04996170339735633, 0, 100000, 15.401269912719727, 32498.982421875
6216, -3608.1176799684763, 2.496180772781372, 108, 0.04996170339735633, 0, 100000, 16.59284210205078, 32850.9609375
6217, -3928.6600005729124, 8.455803394317627, 361, 0.04996170339735633, 0, 100000, 16.6607723236084, 32611.384765625
6218, -3717.2007950656116, 3.3478028774261475, 146, 0.04996170339735633, 0, 100000, 15.511299133300781, 32808.65234375
6219, -4115.12027377222, 9.046785354614258, 395, 0.04996170339735633, 0, 100000, 17.334257125854492, 32850.13671875
6220, -3514.809785604477, 3.059871196746826, 128, 0.04996170339735633, 0, 100000, 17.865144729614258, 33148.734375
6221, -3837.300124444999, 5.903532981872559, 246, 0.04996170339735633, 0, 100000, 17.049718856811523, 32536.2265625
6222, 4615.3500841395, 14.238145589828491, 615, 0.04996170339735633, 0, 100000, 17.761672973632812, 33035.1875
6223, -4253.5614820718765, 2.740018844604492, 116, 0.04996170339735633, 0, 100000, 18.836978912353516, 32504.435546875
6224, 4689.870593683794, 13.46502423286438, 499, 0.04996170339735633, 0, 100000, 16.318872451782227, 32939.20703125
