episode, reward, success, duration, n_steps, epsilon, success_count, memory length, avg_critic_loss, avg_actor_loss
4601, 4994.999971866608, True, 0.04649758338928223, 4, 0, 3, 0.0, 0.0
4602, 4854.811249371152, True, 7.014300107955933, 200, 0, 202, 14.961928367614746, -99867.140625
4603, 4946.641686131246, True, 9.600881576538086, 120, 0, 321, 36.508445739746094, -294403.34375
4604, -5230.798841726035, False, 8.677753210067749, 111, 0, 431, 29.918569564819336, -288328.03125
4605, 4025.439946172759, True, 23.728087425231934, 293, 0, 723, 40.522254943847656, -243635.4375
4606, -5152.920014977455, False, 7.27056622505188, 93, 0, 815, 51.410430908203125, -250373.59375
4607, 4688.629360612482, True, 13.624014139175415, 172, 0, 986, 58.804630279541016, -240035.484375
4608, 4594.746037619247, True, 21.02892518043518, 263, 0, 1248, 51.709564208984375, -241822.390625
4609, -5180.878239184618, False, 8.339969635009766, 103, 0, 1350, 50.6231689453125, -244238.78125
