episode, reward, success, duration, n_steps, memory length, avg_critic_loss, avg_actor_loss
1, 1878.6879113912582, 1, 3.4749362468719482, 206, 204, 0.12055319547653198, 88.16494750976562
2, -3398.755155801773, 2, 10.828610897064209, 315, 517, 8.624785423278809, 322.5585021972656
3, -2902.917353630066, 2, 15.129335880279541, 243, 758, 7.5526275634765625, 465.59381103515625
4, -2527.379865884781, 2, 9.372420310974121, 128, 884, 7.502997875213623, 533.5477905273438
5, -3571.441033542156, 2, 10.828402042388916, 122, 1004, 9.572854042053223, 593.9663696289062
6, -2776.9328224658966, 2, 6.134644269943237, 145, 1147, 10.913408279418945, 764.4039916992188
7, -3661.528270840645, 2, 12.653018712997437, 346, 1491, 10.292449951171875, 843.0318603515625
8, -2600.1481276750565, 2, 5.361166477203369, 136, 1625, 9.277046203613281, 921.0659790039062
9, -3870.0352705717087, 2, 15.779780864715576, 415, 2038, 9.603191375732422, 998.7252807617188
10, -3138.1090013980865, 2, 5.899845123291016, 170, 2206, 9.611477851867676, 1140.929443359375
11, -3500.5925714969635, 2, 7.369101047515869, 217, 2421, 8.38176155090332, 1220.71533203125
12, -3016.0721521377563, 2, 7.8514978885650635, 222, 2641, 9.491471290588379, 1316.7681884765625
13, -2855.029172182083, 2, 7.599003791809082, 182, 2821, 9.364306449890137, 1380.443359375
14, -3642.486882686615, 2, 12.497347354888916, 316, 3135, 8.402647972106934, 1495.0517578125
15, -5067.357906103134, 2, 13.436476945877075, 347, 3480, 9.071112632751465, 1687.1898193359375
16, -3740.636666059494, 2, 14.860381126403809, 384, 3862, 8.259604454040527, 1980.3291015625
17, -3467.00482159853, 3, 10.543977499008179, 244, 4104, 8.41971492767334, 2135.267333984375
18, -5201.360115528107, 2, 12.148389101028442, 347, 4449, 7.522676944732666, 2274.787353515625
19, -3478.111274957657, 2, 13.743272304534912, 306, 4753, 8.99683952331543, 2472.51806640625
20, -4378.124882698059, 2, 19.250545978546143, 527, 5278, 8.112314224243164, 2686.46875
21, -2547.289057612419, 2, 5.416121959686279, 129, 5405, 8.209617614746094, 2834.413330078125
22, -4535.837216615677, 2, 13.386057615280151, 364, 5767, 7.933084011077881, 2964.69091796875
23, -2764.196282029152, 2, 6.590078115463257, 157, 5922, 7.594297409057617, 3140.30322265625
24, -4233.233237683773, 2, 17.27377438545227, 398, 6318, 8.036989212036133, 3286.11279296875
25, -3089.3597157001495, 2, 7.902296781539917, 201, 6517, 7.113161087036133, 3405.683349609375
26, -3158.128821372986, 2, 14.711507081985474, 350, 6865, 8.682113647460938, 3562.121826171875
27, -3157.1750888824463, 2, 9.679099082946777, 250, 7113, 6.597939491271973, 3678.4609375
28, -3331.709807395935, 2, 13.45588731765747, 331, 7442, 8.613776206970215, 3824.841064453125
29, -2732.3884716033936, 2, 5.697907447814941, 147, 7587, 8.893832206726074, 3927.596435546875
30, -3012.3105936050415, 2, 8.412928819656372, 181, 7766, 7.392292022705078, 3958.21728515625
31, -3177.7247698307037, 3, 10.00501537322998, 257, 8021, 8.559998512268066, 4101.80517578125
32, -3310.031612753868, 2, 22.956687450408936, 493, 8512, 8.282780647277832, 4260.4951171875
33, 2407.392775774002, 1, 4.686423301696777, 98, 8608, 9.421895980834961, 4376.2509765625
34, -5205.2786247730255, 2, 18.79118800163269, 517, 9123, 8.210261344909668, 4551.3837890625
35, -3649.7421588897705, 2, 13.750585556030273, 317, 9438, 8.062176704406738, 4764.134765625
36, -2486.2240379452705, 3, 10.502903938293457, 225, 9661, 7.195631980895996, 4920.9560546875
37, -3546.2058852910995, 2, 17.72000002861023, 439, 10098, 8.525837898254395, 5075.38916015625
38, -2614.8167238235474, 2, 6.03761100769043, 144, 10240, 7.223708152770996, 5222.58837890625
39, -3271.225015640259, 2, 13.071500301361084, 332, 10570, 8.149531364440918, 5350.228515625
40, -3209.606459379196, 2, 6.303879022598267, 178, 10746, 6.70037841796875, 5339.03173828125
41, -2847.858284831047, 2, 6.490839719772339, 154, 10898, 7.434018611907959, 5445.3876953125
42, 2350.7425299286842, 1, 4.852932929992676, 115, 11011, 7.794737339019775, 5444.10693359375
43, -3536.6393682956696, 2, 9.497053861618042, 223, 11232, 8.561670303344727, 5574.8896484375
44, -3242.2380056381226, 2, 13.622281551361084, 333, 11563, 8.184453964233398, 5728.97119140625
45, -2908.820883989334, 2, 6.2103493213653564, 162, 11723, 8.964529037475586, 5878.5009765625
46, -3023.5509610176086, 2, 11.066660642623901, 261, 11982, 8.601070404052734, 5861.44970703125
47, -2984.1665167808533, 2, 7.9776270389556885, 186, 12166, 8.111083030700684, 5993.98095703125
48, -3359.1941244602203, 2, 14.609126091003418, 368, 12532, 8.443132400512695, 6169.45263671875
49, 1438.7787773609161, 1, 12.585509300231934, 480, 13010, 8.572235107421875, 6271.5439453125
50, -3004.4705531597137, 2, 2.563742160797119, 111, 13119, 8.587923049926758, 6256.28662109375
51, -3521.4980721473694, 2, 7.325056552886963, 303, 13420, 8.672642707824707, 6412.90771484375
52, -2928.1063787937164, 2, 5.23226261138916, 213, 13631, 8.512237548828125, 6533.91015625
53, -4691.404201745987, 2, 12.253105401992798, 497, 14126, 8.186594009399414, 6672.666015625
54, 2316.5639532208443, 1, 4.29016637802124, 175, 14299, 8.370048522949219, 6817.50634765625
55, -5190.972767829895, 2, 5.484779357910156, 222, 14519, 7.252137660980225, 6946.7392578125
56, -3682.5698161125183, 3, 9.15810251235962, 364, 14881, 9.525306701660156, 7341.220703125
57, -2915.655069053173, 2, 5.946162462234497, 243, 15122, 9.063051223754883, 7454.9599609375
58, -5324.302905738354, 2, 24.113452434539795, 924, 16044, 8.195230484008789, 7595.0078125
59, -4281.877196311951, 2, 7.843822240829468, 325, 16367, 8.572741508483887, 8030.75634765625
60, -2949.182495713234, 2, 5.096085786819458, 208, 16573, 8.013012886047363, 8179.3359375
61, -3648.9751489162445, 2, 5.963777780532837, 244, 16815, 9.023000717163086, 8147.20166015625
62, -3259.7436516284943, 3, 9.28154182434082, 370, 17183, 9.478081703186035, 8342.708984375
63, -3628.5936087965965, 2, 13.841405153274536, 530, 17711, 8.336898803710938, 8469.65234375
64, -1186.1693294346333, 1, 22.567071676254272, 878, 18587, 8.875523567199707, 8802.5751953125
65, -3391.3483169078827, 2, 3.836226224899292, 162, 18747, 9.860862731933594, 8914.3173828125
66, 1184.424174964428, 1, 17.202052354812622, 677, 19422, 7.88904333114624, 9215.8916015625
67, -5153.640136122704, 4, 25.598108053207397, 998, 20418, 8.471938133239746, 9338.9990234375
68, 101.2000629901886, 1, 12.463895559310913, 489, 20905, 7.524690628051758, 9421.2314453125
69, -2416.204414010048, 3, 1.6752870082855225, 73, 20976, 7.830770492553711, 9209.341796875
70, -3675.687663793564, 2, 7.2070019245147705, 291, 21265, 8.30382251739502, 9459.921875
71, -3215.9096941947937, 2, 5.795388221740723, 235, 21498, 9.53158950805664, 9574.923828125
72, -3963.878261566162, 2, 6.62860894203186, 269, 21765, 9.08048152923584, 9729.7021484375
73, -3995.2242346405983, 2, 15.40273904800415, 615, 22378, 7.912501811981201, 9770.6923828125
74, 617.2740059494972, 1, 22.342055559158325, 846, 23222, 8.026091575622559, 9785.400390625
75, -3605.5586037635803, 2, 3.3280344009399414, 138, 23358, 7.67158317565918, 9884.765625
76, -4860.605372428894, 2, 19.4943106174469, 767, 24123, 7.5814690589904785, 10030.6513671875
77, -5382.6516679525375, 2, 22.431233644485474, 892, 25013, 7.897739887237549, 10354.5009765625
78, -2848.9243507385254, 2, 6.883136987686157, 279, 25290, 7.461439609527588, 10334.4375
79, 1378.8663699626923, 1, 12.347630023956299, 493, 25781, 7.2667155265808105, 10481.7919921875
80, -4596.388878583908, 4, 25.68135142326355, 998, 26777, 8.339232444763184, 10757.66015625
81, -5590.441974282265, 4, 25.791040897369385, 998, 27773, 7.855116844177246, 11024.5146484375
82, -3121.098244726658, 2, 6.047470569610596, 248, 28019, 8.17492961883545, 11194.99609375
83, -3984.835286140442, 2, 8.072987794876099, 323, 28340, 8.167308807373047, 11436.4970703125
84, -3840.3860552310944, 2, 6.19612979888916, 248, 28586, 7.7844319343566895, 11487.0478515625
85, -3937.666949748993, 2, 13.436968803405762, 537, 29121, 8.033967971801758, 11605.0029296875
86, -3522.7860090732574, 4, 26.016985654830933, 998, 30117, 7.944071292877197, 11750.28515625
87, -4715.117866635323, 2, 13.400139331817627, 539, 30654, 7.463397979736328, 11928.955078125
88, -8504.100294351578, 2, 22.52546525001526, 883, 31535, 8.042827606201172, 12233.5166015625
89, -3361.6542016267776, 2, 7.349999904632568, 299, 31832, 7.681461811065674, 12327.0849609375
90, -384.05802147090435, 1, 18.879825830459595, 744, 32574, 7.131713390350342, 12586.0078125
91, -5524.584372758865, 2, 17.393351316452026, 670, 33242, 8.273580551147461, 12718.017578125
92, 2343.2041526138783, 1, 4.209839820861816, 173, 33413, 7.3019208908081055, 12773.8310546875
93, -3249.570100426674, 2, 3.2017595767974854, 135, 33546, 8.387105941772461, 12813.7265625
94, -6152.165901899338, 4, 25.597009897232056, 998, 34542, 7.945703983306885, 13167.9677734375
95, -6784.873691320419, 2, 17.762476205825806, 696, 35236, 8.07115650177002, 13650.283203125
96, -8442.145919084549, 2, 18.539812326431274, 718, 35952, 8.511847496032715, 13773.326171875
97, 2371.93655616045, 1, 4.008930206298828, 162, 36112, 7.330393314361572, 13971.25
98, -4959.819584846497, 1, 24.805457830429077, 963, 37073, 8.50676441192627, 14301.705078125
99, -3151.2069063186646, 2, 1.9503867626190186, 84, 37155, 8.837163925170898, 14080.73046875
100, -5302.999578475952, 4, 26.029570817947388, 998, 38151, 8.19399356842041, 14655.7265625
101, -4336.814076662064, 3, 14.443143844604492, 525, 38674, 8.045088768005371, 14853.9912109375
102, -5287.632267951965, 3, 21.190369367599487, 826, 39498, 8.060124397277832, 14920.849609375
103, -4822.027636706829, 2, 14.039372444152832, 533, 40029, 8.629688262939453, 15211.048828125
104, -6012.939003974199, 2, 21.569220304489136, 844, 40871, 8.441081047058105, 15263.8896484375
105, -1004.8110547661781, 1, 17.70002818107605, 694, 41563, 8.229927062988281, 15379.1962890625
106, -3723.945297598839, 2, 5.954418659210205, 240, 41801, 7.710472583770752, 15499.0751953125
107, -2830.122961103916, 3, 9.039467096328735, 360, 42159, 8.011748313903809, 15602.1123046875
108, -3593.2122203707695, 2, 14.433892250061035, 562, 42719, 7.840709209442139, 15680.7900390625
109, 490.71024057269096, 1, 20.166876792907715, 784, 43501, 8.289032936096191, 15804.51171875
110, -9571.630311727524, 2, 23.700400829315186, 922, 44421, 8.617708206176758, 15962.890625
111, -3900.4077746868134, 4, 26.382503271102905, 998, 45417, 8.217314720153809, 16399.34765625
112, -65.51450556516647, 1, 18.882106065750122, 711, 46126, 8.051260948181152, 16543.1328125
113, -4817.7757603526115, 2, 14.363750696182251, 559, 46683, 8.225655555725098, 16546.421875
114, -7210.709493398666, 2, 15.021255016326904, 561, 47242, 8.498906135559082, 16649.509765625
115, -4263.0030373334885, 2, 12.828430891036987, 482, 47722, 8.614337921142578, 16884.76171875
116, 565.9131969213486, 1, 20.384665727615356, 775, 48495, 8.618094444274902, 16941.671875
117, -5686.9435440301895, 2, 11.776018857955933, 466, 48959, 8.294906616210938, 16961.447265625
118, 1782.2774857282639, 1, 12.136474609375, 454, 49411, 8.571349143981934, 17179.130859375
119, -5755.242652416229, 2, 5.824326038360596, 220, 49629, 8.332590103149414, 17058.755859375
120, -5056.493968605995, 2, 21.544355869293213, 794, 50421, 8.477530479431152, 17381.341796875
121, -4451.556636810303, 4, 26.84813690185547, 998, 51417, 8.343891143798828, 17682.984375
122, 2387.6715902388096, 1, 4.022167444229126, 158, 51573, 9.578207015991211, 17904.947265625
123, -3737.627240419388, 2, 4.795234203338623, 191, 51762, 7.762868404388428, 17763.92578125
124, 1836.0352092385292, 1, 9.027344226837158, 347, 52107, 8.674985885620117, 18043.681640625
125, -2125.652597308159, 1, 26.72725224494934, 977, 53082, 8.234524726867676, 18150.28515625
126, 1288.3344312608242, 1, 8.077587366104126, 310, 53390, 8.798686981201172, 18155.63671875
127, -3725.859231710434, 2, 13.102672100067139, 484, 53872, 8.890856742858887, 18198.88671875
128, 1406.54035410285, 1, 13.713837623596191, 520, 54390, 9.260496139526367, 18180.296875
129, -4925.524264335632, 2, 9.432105541229248, 356, 54744, 8.55079460144043, 18270.900390625
130, -6085.394782483578, 2, 26.730602025985718, 949, 55691, 8.5393648147583, 18485.025390625
131, -7103.927818417549, 2, 22.035036325454712, 811, 56500, 8.969103813171387, 18791.119140625
132, -15468.636287331581, 4, 27.472944021224976, 998, 57496, 8.51390266418457, 18891.8671875
133, -4454.146549195051, 2, 21.864227771759033, 793, 58287, 8.829730033874512, 19459.919921875
134, -6226.482453048229, 2, 19.23336887359619, 672, 58957, 8.533988952636719, 19550.17578125
135, 1849.5678188204765, 1, 8.578448295593262, 320, 59275, 9.5139799118042, 19632.54296875
136, -3405.6317427158356, 2, 5.419848442077637, 205, 59478, 8.731730461120605, 19678.724609375
137, 1506.7351598143578, 1, 13.743898153305054, 499, 59975, 8.616860389709473, 19868.46875
138, -2807.879476070404, 2, 1.655543327331543, 61, 60034, 9.157391548156738, 19026.080078125
139, -4426.787727683783, 2, 20.533496856689453, 731, 60763, 9.059426307678223, 19946.744140625
140, -196.2533957362175, 1, 15.431265830993652, 553, 61314, 9.14631175994873, 19962.0390625
141, 1042.2584591060877, 1, 23.457484245300293, 810, 62122, 9.196298599243164, 20144.81640625
142, -3256.7870160341263, 3, 9.285337686538696, 313, 62433, 8.898717880249023, 20098.0703125
143, -3319.8638456463814, 3, 13.36207890510559, 479, 62910, 9.35408878326416, 20043.7265625
144, 685.1226114928722, 1, 18.87424659729004, 655, 63563, 9.181707382202148, 20273.849609375
145, -5351.871236205101, 3, 18.932262182235718, 653, 64214, 9.070364952087402, 20351.373046875
146, -4766.6596556305885, 4, 29.604793310165405, 998, 65210, 9.320296287536621, 20560.732421875
147, -4222.153680682182, 2, 10.725975751876831, 358, 65566, 9.322169303894043, 20598.017578125
148, -3673.69091296196, 2, 12.75983452796936, 444, 66008, 9.642498970031738, 20608.48046875
149, -2835.975587964058, 2, 9.466370344161987, 328, 66334, 8.701504707336426, 20659.46484375
150, -4240.982659995556, 4, 31.523109436035156, 998, 67330, 8.97680950164795, 20898.603515625
151, -5647.338579595089, 2, 17.769598245620728, 594, 67922, 9.189671516418457, 21297.35546875
152, -3859.794219017029, 3, 14.12180757522583, 473, 68393, 9.344048500061035, 21233.197265625
153, -3013.7270294725895, 2, 10.113129615783691, 339, 68730, 9.623547554016113, 21176.23828125
154, 1674.2594289183617, 1, 14.278452157974243, 471, 69199, 9.324949264526367, 21275.78125
155, -5669.019299149513, 2, 12.79470443725586, 424, 69621, 9.527873992919922, 21260.6953125
156, 2083.809280782938, 1, 10.935965061187744, 357, 69976, 9.377935409545898, 21077.134765625
157, -3557.662613272667, 3, 9.495497703552246, 311, 70285, 8.79752254486084, 21376.154296875
158, -3098.704922914505, 2, 9.985952138900757, 322, 70605, 9.136369705200195, 21439.35546875
159, 808.2937141954899, 1, 19.789172887802124, 628, 71231, 8.73563003540039, 21433.9921875
160, -6221.924847841263, 2, 27.456868410110474, 860, 72089, 9.439850807189941, 21535.716796875
161, 1868.6792840957642, 1, 11.6687912940979, 354, 72441, 9.109004020690918, 21475.486328125
162, -506.41174709796906, 1, 24.15400767326355, 746, 73185, 9.604414939880371, 21841.326171875
163, -6395.1560552716255, 3, 25.247289657592773, 762, 73945, 9.733766555786133, 22048.330078125
164, -6347.107968389988, 2, 18.047641038894653, 532, 74475, 9.501424789428711, 22076.498046875
165, -5050.365283668041, 2, 32.294225454330444, 966, 75439, 9.797359466552734, 22287.49609375
166, -3323.748467683792, 3, 11.761383295059204, 362, 75799, 9.432421684265137, 22066.22265625
167, 2395.5225280821323, 1, 4.083861827850342, 127, 75924, 9.379758834838867, 22014.771484375
168, -1257.7054071426392, 1, 24.664021015167236, 738, 76660, 9.377058982849121, 22446.384765625
169, -8856.087344884872, 4, 34.18373107910156, 998, 77656, 10.055071830749512, 22863.87109375
170, -4808.781652033329, 3, 15.147626399993896, 432, 78086, 10.382959365844727, 23022.0
171, -4882.169930279255, 3, 31.23237919807434, 895, 78979, 10.85922622680664, 23093.56640625
172, -7639.326615571976, 2, 23.385345935821533, 672, 79649, 10.399298667907715, 23143.384765625
173, 2019.2273220419884, 1, 11.449267148971558, 338, 79985, 10.223190307617188, 23294.6796875
174, -7167.294180512428, 3, 21.48770022392273, 523, 80506, 10.591058731079102, 23518.984375
175, -8767.53312754631, 3, 44.118959188461304, 894, 81398, 10.601713180541992, 23902.107421875
176, 1835.5952378511429, 1, 14.105024099349976, 312, 81708, 9.751267433166504, 23668.2265625
177, -3201.602982580662, 2, 18.15288281440735, 371, 82077, 10.892931938171387, 23638.2109375
178, 1769.5158133506775, 1, 16.880305767059326, 361, 82436, 10.549588203430176, 23989.134765625
179, -6021.964311003685, 2, 13.920908451080322, 304, 82738, 11.082942008972168, 23871.384765625
180, 1892.4871723651886, 1, 16.02535843849182, 328, 83064, 10.842184066772461, 24051.884765625
181, -2675.919307589531, 2, 5.89972186088562, 132, 83194, 10.820337295532227, 23688.751953125
182, -5010.951941907406, 2, 15.433333158493042, 328, 83520, 10.695389747619629, 24013.115234375
183, -8420.310519754887, 2, 35.14091658592224, 721, 84239, 11.15124225616455, 24142.765625
184, 2312.7155990302563, 1, 9.845001220703125, 200, 84437, 10.983773231506348, 24126.818359375
185, -5634.870276927948, 2, 18.72040867805481, 389, 84824, 10.666227340698242, 24204.2421875
186, -4345.940070390701, 2, 12.490604639053345, 275, 85097, 10.569656372070312, 24250.888671875
187, -5562.601194560528, 2, 17.13107705116272, 348, 85443, 11.870796203613281, 24469.408203125
188, -5248.242067456245, 2, 19.868529319763184, 420, 85861, 11.663509368896484, 24710.76953125
189, -4792.689768850803, 2, 13.94104266166687, 287, 86146, 11.161927223205566, 24645.138671875
190, -4170.968093812466, 2, 14.78153657913208, 301, 86445, 11.152594566345215, 24673.8359375
191, -3759.4677933454514, 2, 12.696664333343506, 284, 86727, 11.296737670898438, 24917.259765625
192, 1547.0540572702885, 1, 13.94170093536377, 271, 86996, 11.573418617248535, 24883.154296875
193, -8149.999017596245, 2, 28.19559359550476, 755, 87749, 11.722725868225098, 25168.609375
194, -411.36541061103344, 1, 21.973108768463135, 592, 88339, 10.766657829284668, 25341.513671875
195, -4369.025635719299, 2, 8.938644170761108, 253, 88590, 11.802245140075684, 25329.603515625
196, -6491.895730793476, 2, 16.277130603790283, 443, 89031, 12.046638488769531, 25491.60546875
197, -7290.221525371075, 2, 16.69689702987671, 439, 89468, 12.139307975769043, 25431.37890625
198, 8.420423418283463, 1, 13.456695795059204, 373, 89839, 10.654573440551758, 25375.189453125
199, -7020.202694535255, 1, 33.37832999229431, 868, 90705, 11.914543151855469, 25963.087890625
200, -6783.436286270618, 4, 37.40726327896118, 998, 91701, 12.074707984924316, 26079.06640625
201, -4999.244939386845, 3, 30.651409149169922, 791, 92490, 11.68338680267334, 25980.38671875
202, -1680.4359138011932, 1, 33.85237121582031, 897, 93385, 11.776637077331543, 26199.4453125
203, 1522.1750033199787, 1, 20.38020133972168, 531, 93914, 12.08889102935791, 26185.48828125
204, -6520.4043999910355, 2, 14.861952066421509, 406, 94318, 12.229635238647461, 26385.71484375
205, 2077.514221549034, 1, 10.915703773498535, 300, 94616, 12.188077926635742, 26358.7890625
206, -4374.294468045235, 2, 13.236168622970581, 352, 94966, 12.387681007385254, 26276.10546875
207, 2068.96930411458, 1, 10.58690333366394, 291, 95255, 11.844024658203125, 26232.8671875
208, -5526.986338675022, 4, 38.35354423522949, 998, 96251, 12.100845336914062, 26565.3984375
209, -2932.7071373462677, 3, 12.782333850860596, 352, 96601, 12.070757865905762, 26412.23828125
210, 2385.0908737778664, 1, 4.048264026641846, 115, 96714, 11.668726921081543, 26213.8828125
211, 813.0319925099611, 1, 28.55831789970398, 742, 97454, 12.102143287658691, 26690.482421875
212, -4269.76543712616, 3, 13.732756853103638, 381, 97833, 12.919309616088867, 26487.486328125
213, -7317.382337987423, 2, 20.82726764678955, 552, 98383, 12.285972595214844, 26738.591796875
214, -2580.379520535469, 2, 9.000465393066406, 233, 98614, 11.57459831237793, 26944.599609375
215, 1747.6013244092464, 1, 13.591265678405762, 352, 98964, 13.044417381286621, 26893.798828125
216, -9080.848058998585, 2, 31.95114016532898, 839, 99801, 12.065340042114258, 26899.515625
217, 2389.6332580447197, 1, 4.0489161014556885, 114, 99913, 12.06588363647461, 26742.0703125
218, -2716.935406446457, 2, 2.6681711673736572, 76, 99987, 12.166836738586426, 25887.724609375
219, 2077.614081531763, 1, 10.538406610488892, 286, 100000, 12.325551986694336, 26833.107421875
220, -3575.1166656017303, 2, 11.868977069854736, 315, 100000, 12.370203971862793, 26805.00390625
221, 2165.9073574244976, 1, 9.753088235855103, 265, 100000, 12.070008277893066, 26877.048828125
222, -8939.966234087944, 2, 19.700222730636597, 517, 100000, 12.59941577911377, 26889.15625
223, -6996.263044416904, 2, 17.912677764892578, 457, 100000, 12.271795272827148, 27021.58203125
224, 2171.4878372102976, 1, 10.497370958328247, 284, 100000, 11.707087516784668, 27258.2734375
225, -3146.8903120160103, 3, 7.719860315322876, 206, 100000, 11.59514331817627, 26973.943359375
226, 2096.7924281954765, 1, 10.710784912109375, 289, 100000, 12.433005332946777, 27300.892578125
227, -3225.80185174942, 3, 6.923033952713013, 192, 100000, 13.19162368774414, 27642.517578125
228, -7923.112289488316, 2, 18.896572589874268, 500, 100000, 12.080352783203125, 27357.994140625
229, 2375.3903201520443, 1, 4.266036033630371, 116, 100000, 11.331147193908691, 27017.044921875
230, -2484.6820790171623, 1, 30.726744890213013, 795, 100000, 12.97606086730957, 27528.001953125
231, 1049.5742728710175, 1, 24.76907229423523, 650, 100000, 12.646081924438477, 27616.546875
232, -4725.521821975708, 2, 7.038722515106201, 196, 100000, 12.586308479309082, 27420.552734375
233, 2121.093800842762, 1, 10.438671827316284, 280, 100000, 12.618904113769531, 27497.95703125
234, -3057.6625969409943, 3, 12.551276922225952, 328, 100000, 11.803971290588379, 27588.7890625
235, -6117.050080835819, 4, 38.556782960891724, 998, 100000, 12.545249938964844, 27548.0703125
236, 2138.0720314085484, 1, 9.810189008712769, 266, 100000, 12.721132278442383, 27385.640625
237, -4525.3739503622055, 4, 38.907342195510864, 998, 100000, 12.761231422424316, 27566.009765625
238, -5478.863800704479, 2, 13.994564294815063, 375, 100000, 13.344688415527344, 27375.287109375
239, -3347.649813771248, 2, 13.380004167556763, 358, 100000, 12.816827774047852, 27490.96875
240, -3922.6180601119995, 2, 11.576783657073975, 296, 100000, 12.143960952758789, 27358.916015625
241, 2112.8768816292286, 1, 10.736398220062256, 293, 100000, 12.609298706054688, 27364.15625
242, -6979.557775259018, 2, 10.939686059951782, 298, 100000, 12.577045440673828, 27539.900390625
243, -5997.196996808052, 2, 17.61803889274597, 462, 100000, 12.587350845336914, 27749.521484375
244, 1625.897305995226, 1, 14.080814361572266, 375, 100000, 13.391639709472656, 28041.39453125
245, -3272.3558762669563, 3, 15.467862367630005, 406, 100000, 13.069740295410156, 28048.431640625
246, -7854.387840926647, 2, 23.15062403678894, 604, 100000, 12.69619369506836, 28138.791015625
247, 2014.0205574035645, 1, 8.583332777023315, 228, 100000, 12.692594528198242, 28095.943359375
248, -7476.699387311935, 4, 38.81789803504944, 998, 100000, 13.142406463623047, 28508.458984375
249, 2190.2525945305824, 1, 9.783359289169312, 264, 100000, 12.594950675964355, 28542.923828125
250, -8371.397762596607, 2, 26.7166965007782, 692, 100000, 13.1157808303833, 28649.34765625
251, -4777.08377918601, 2, 12.57396936416626, 336, 100000, 13.013280868530273, 28677.47265625
252, 1838.4313979446888, 1, 13.11125373840332, 345, 100000, 12.802000999450684, 28768.177734375
253, -3569.675477385521, 3, 15.921223878860474, 419, 100000, 12.865249633789062, 28618.26171875
254, -5021.456909835339, 2, 14.503848791122437, 354, 100000, 13.033286094665527, 28937.912109375
255, 2138.5833829045296, 1, 10.94867992401123, 297, 100000, 12.248680114746094, 28827.697265625
256, -2933.0022913217545, 2, 6.502346038818359, 172, 100000, 12.66866683959961, 28946.208984375
257, 2146.309233248234, 1, 6.68880820274353, 179, 100000, 14.27163028717041, 29138.298828125
258, -3035.996241927147, 3, 10.90967845916748, 290, 100000, 14.810689926147461, 29237.986328125
259, 2229.669380813837, 1, 9.495813608169556, 251, 100000, 12.414102554321289, 28919.783203125
260, -274.00181978940964, 1, 30.72126841545105, 763, 100000, 13.18192195892334, 29194.7265625
261, -3175.5521461963654, 3, 6.6767895221710205, 185, 100000, 12.63056468963623, 28589.05859375
262, 2382.3283657431602, 1, 4.044003486633301, 109, 100000, 12.783658981323242, 28467.318359375
263, 95.67379915714264, 1, 26.282639741897583, 678, 100000, 13.410480499267578, 29357.931640625
264, -3270.6242733597755, 4, 39.40766668319702, 998, 100000, 13.612188339233398, 29289.56640625
265, -309.9369719028473, 1, 28.09881091117859, 720, 100000, 13.339282035827637, 29421.236328125
266, 703.8504554033279, 1, 19.659443378448486, 509, 100000, 13.365164756774902, 29521.3515625
267, -4626.096249103546, 2, 8.932721853256226, 239, 100000, 13.812471389770508, 29205.525390625
268, 2235.7407079339027, 1, 8.985560655593872, 238, 100000, 12.972904205322266, 29087.830078125
269, 1090.9396163225174, 1, 20.102003812789917, 523, 100000, 13.973272323608398, 29353.568359375
270, -3039.651824951172, 2, 5.4282872676849365, 146, 100000, 13.187933921813965, 29282.126953125
271, 2077.579461812973, 1, 7.743995189666748, 206, 100000, 13.227167129516602, 29282.810546875
272, 1826.5267543494701, 1, 16.026944398880005, 413, 100000, 13.259919166564941, 29321.373046875
273, 438.9544683098793, 1, 23.130404710769653, 590, 100000, 13.88355827331543, 29550.599609375
274, -5083.440003991127, 2, 11.871829509735107, 298, 100000, 13.582691192626953, 29518.208984375
275, -3789.2998847961426, 1, 28.128936290740967, 713, 100000, 13.902235984802246, 29751.94921875
276, 590.9170950353146, 1, 20.919429779052734, 543, 100000, 13.957502365112305, 29950.615234375
277, 681.6359893679619, 1, 20.721198320388794, 536, 100000, 14.779650688171387, 29999.953125
278, -2931.0366629362106, 3, 7.186852931976318, 192, 100000, 14.433560371398926, 29434.404296875
279, -4566.134224355221, 4, 39.49390387535095, 998, 100000, 14.198734283447266, 30026.06640625
280, 2136.5345454514027, 1, 10.75359559059143, 273, 100000, 13.43891716003418, 30049.40625
281, 1540.5676868259907, 1, 22.381802082061768, 574, 100000, 14.697233200073242, 30064.7109375
282, 546.8955102860928, 1, 14.015430212020874, 368, 100000, 13.491472244262695, 29814.771484375
283, -4821.182415008545, 2, 14.546017408370972, 383, 100000, 14.004331588745117, 30202.15625
284, 1640.0973571687937, 1, 16.91344952583313, 417, 100000, 14.399160385131836, 30044.919921875
285, 1487.8193535804749, 1, 11.378526210784912, 300, 100000, 13.01880168914795, 29873.99609375
286, -3808.665490448475, 2, 11.435527801513672, 294, 100000, 14.694660186767578, 30384.017578125
287, 2037.8353930711746, 1, 10.463480472564697, 277, 100000, 14.332221984863281, 29944.486328125
288, -1809.080605685711, 1, 39.971275091171265, 997, 100000, 14.277748107910156, 30061.013671875
289, 156.88966624438763, 1, 28.905835390090942, 728, 100000, 14.342782974243164, 30293.57421875
290, -4429.831424474716, 2, 17.640047788619995, 457, 100000, 14.149374961853027, 30296.775390625
291, 2132.8671075105667, 1, 10.572125673294067, 279, 100000, 15.099922180175781, 30184.17578125
292, 1127.939050257206, 1, 20.455079793930054, 518, 100000, 14.611061096191406, 29955.333984375
293, -5465.34528452158, 4, 39.65282154083252, 998, 100000, 14.450760841369629, 29957.984375
294, 2040.6011781096458, 1, 10.782140254974365, 287, 100000, 13.988271713256836, 29602.462890625
295, -938.4231402873993, 1, 39.450626373291016, 991, 100000, 14.354196548461914, 30183.7734375
296, -4363.043933391571, 4, 39.765501737594604, 998, 100000, 14.29874038696289, 30269.708984375
297, 2097.3819540143013, 1, 7.22292947769165, 195, 100000, 13.87769889831543, 29583.966796875
298, 1962.1232991814613, 1, 9.041968584060669, 240, 100000, 14.220324516296387, 29787.1171875
299, 2171.045856297016, 1, 8.08234429359436, 210, 100000, 13.862546920776367, 29730.04296875
300, 254.73902970552444, 1, 32.52335476875305, 820, 100000, 14.458845138549805, 29846.626953125
301, -715.5555536299944, 1, 35.90508961677551, 906, 100000, 14.374181747436523, 29377.205078125
302, -3394.582107901573, 2, 8.770745754241943, 233, 100000, 13.58331298828125, 29700.296875
303, 1629.1810309886932, 1, 16.268160581588745, 420, 100000, 13.779747009277344, 29436.80078125
304, 1963.9269897937775, 1, 10.910391092300415, 270, 100000, 14.379168510437012, 29219.861328125
305, -1999.4323889613152, 1, 32.437764167785645, 818, 100000, 14.422146797180176, 29468.974609375
306, 1744.0951144099236, 1, 15.889688730239868, 414, 100000, 14.122608184814453, 29425.017578125
307, 871.4581970572472, 1, 16.115936040878296, 417, 100000, 13.825217247009277, 29527.041015625
308, 2063.9697283506393, 1, 12.451267719268799, 324, 100000, 13.753436088562012, 29354.41015625
309, -4884.504649311304, 4, 40.25555872917175, 998, 100000, 14.583783149719238, 29333.12890625
310, 1852.8710405528545, 1, 12.884089231491089, 320, 100000, 14.772193908691406, 29192.77734375
311, -3.5457446575164795, 1, 31.401500701904297, 801, 100000, 14.789026260375977, 29411.23828125
312, -1658.6176290363073, 1, 36.00771927833557, 900, 100000, 13.88839054107666, 29269.390625
313, -649.4141744971275, 1, 25.19125747680664, 635, 100000, 14.352965354919434, 29320.482421875
314, 434.9772657454014, 1, 18.62620210647583, 473, 100000, 14.833953857421875, 29341.203125
315, -4597.089146018028, 4, 40.280946254730225, 998, 100000, 14.222230911254883, 29092.353515625
316, 2160.7076887488365, 1, 9.646583795547485, 252, 100000, 15.046689987182617, 29223.56640625
317, 24.416236877441406, 1, 35.807069301605225, 861, 100000, 14.197592735290527, 29185.158203125
318, -4195.008662641048, 4, 40.018946409225464, 998, 100000, 14.572297096252441, 29210.771484375
319, 1830.6838188767433, 1, 15.477867126464844, 399, 100000, 13.656317710876465, 28999.330078125
320, -5243.162596702576, 2, 16.72053027153015, 414, 100000, 14.476184844970703, 29096.029296875
321, 1750.1520647406578, 1, 10.654866695404053, 277, 100000, 14.695003509521484, 28714.865234375
322, -133.34784412384033, 1, 32.10054588317871, 801, 100000, 14.666913032531738, 29069.25
323, -2682.402980566025, 3, 5.566573143005371, 151, 100000, 13.570972442626953, 28768.8046875
324, 2161.0165297985077, 1, 10.533414602279663, 272, 100000, 13.92762279510498, 28761.515625
325, -4365.306035280228, 2, 15.029796123504639, 382, 100000, 14.54637622833252, 28715.294921875
326, 1692.0669517815113, 1, 14.556468486785889, 372, 100000, 13.836634635925293, 28858.609375
327, 1192.7460532188416, 1, 27.504394054412842, 669, 100000, 14.424699783325195, 28717.111328125
328, -3298.6801772117615, 3, 6.634281873703003, 180, 100000, 14.322012901306152, 28757.751953125
329, 2080.664327085018, 1, 7.942673444747925, 209, 100000, 13.967005729675293, 28709.13671875
330, -3093.335674405098, 2, 10.637059450149536, 271, 100000, 14.074217796325684, 28701.064453125
331, 1809.371384382248, 1, 15.566421270370483, 397, 100000, 14.562500953674316, 28518.87890625
332, -4457.441742479801, 3, 19.31380558013916, 487, 100000, 14.316401481628418, 28633.375
333, 2140.7439360916615, 1, 10.728643655776978, 279, 100000, 14.280861854553223, 28375.345703125
334, 1178.0894534438848, 1, 20.97596001625061, 524, 100000, 14.753338813781738, 28521.380859375
335, -2427.896915972233, 4, 40.651448488235474, 998, 100000, 14.343585968017578, 28591.8984375
336, 2125.2767845392227, 1, 10.798552751541138, 280, 100000, 14.351143836975098, 28425.212890625
337, -7582.46245610714, 2, 25.444019556045532, 634, 100000, 14.31849193572998, 28680.876953125
338, 2058.3073926866055, 1, 8.596639633178711, 212, 100000, 14.303354263305664, 28907.025390625
339, 1738.4788551330566, 1, 14.964494466781616, 380, 100000, 14.7881441116333, 28545.69921875
340, 295.44295558333397, 1, 30.412102222442627, 751, 100000, 14.97742748260498, 28479.6796875
341, -2066.0707054138184, 3, 0.14429616928100586, 6, 100000, 10.223645210266113, 19678.46875
342, 2055.5709211826324, 1, 8.602617740631104, 222, 100000, 14.247156143188477, 28263.20703125
343, -4656.42398917675, 2, 27.254981994628906, 681, 100000, 14.094490051269531, 28339.619140625
344, 2194.229131400585, 1, 6.710265398025513, 175, 100000, 13.89384651184082, 27826.36328125
345, 1620.4808419942856, 1, 12.397047281265259, 311, 100000, 13.458231925964355, 27759.302734375
346, -2684.349057018757, 3, 6.700610637664795, 159, 100000, 15.379884719848633, 27392.443359375
347, -4698.578048467636, 2, 12.729514360427856, 329, 100000, 13.60075855255127, 27710.677734375
348, -4639.615204036236, 2, 25.9367892742157, 644, 100000, 14.427325248718262, 27863.15625
349, 2178.107853576541, 1, 9.41170597076416, 241, 100000, 14.23482894897461, 27693.720703125
350, -4373.926978826523, 2, 24.096343278884888, 580, 100000, 14.442955017089844, 27962.05078125
351, 1329.1609349250793, 1, 16.367058753967285, 413, 100000, 14.238935470581055, 27643.330078125
352, 1627.9384226500988, 1, 18.103240728378296, 458, 100000, 14.295796394348145, 27899.08984375
353, -3870.312895834446, 2, 17.804173946380615, 444, 100000, 14.297677993774414, 27556.513671875
354, 2152.8160069584846, 1, 6.437541246414185, 167, 100000, 13.386844635009766, 27658.99609375
355, 1244.2299371361732, 1, 15.068365335464478, 374, 100000, 14.001529693603516, 27388.501953125
356, 877.832576662302, 1, 25.83650851249695, 636, 100000, 14.55320930480957, 27700.830078125
357, -6250.517799675465, 4, 40.6734836101532, 998, 100000, 14.21201229095459, 27786.318359375
358, 2095.984692543745, 1, 11.275729179382324, 275, 100000, 14.925049781799316, 27957.80078125
359, 847.4645138382912, 1, 14.326708793640137, 365, 100000, 14.320734024047852, 27820.638671875
360, 413.96560460329056, 1, 29.12856650352478, 712, 100000, 14.58702278137207, 27673.818359375
361, 1338.9525509476662, 1, 14.348369836807251, 366, 100000, 14.793641090393066, 27619.203125
362, -5249.489141702652, 3, 21.735835552215576, 522, 100000, 15.479121208190918, 27643.201171875
363, 1973.7091355323792, 1, 13.802699089050293, 352, 100000, 14.2466459274292, 27623.0234375
364, 1701.393774241209, 1, 13.569584131240845, 347, 100000, 15.312748908996582, 27604.375
365, 1927.2054284363985, 1, 19.689425945281982, 495, 100000, 14.904152870178223, 27404.091796875
366, 1389.889065310359, 1, 21.26153540611267, 525, 100000, 14.992321968078613, 27670.376953125
367, -3188.632175683975, 2, 5.384519338607788, 134, 100000, 13.59696102142334, 27261.103515625
368, -2875.541220843792, 3, 11.390226602554321, 292, 100000, 14.824003219604492, 27518.3984375
369, 1080.3201369643211, 1, 15.314676523208618, 375, 100000, 15.641536712646484, 27383.37890625
370, -2986.3547401428223, 2, 8.760631561279297, 215, 100000, 14.105815887451172, 26972.904296875
371, 2104.5164962112904, 1, 11.620386600494385, 299, 100000, 15.072654724121094, 27240.2890625
372, 939.7855716347694, 1, 19.69592308998108, 488, 100000, 14.275450706481934, 27376.24609375
373, -4115.837189435959, 2, 12.363676309585571, 312, 100000, 14.64083194732666, 27401.083984375
374, 1909.168190896511, 1, 15.085943937301636, 379, 100000, 14.904620170593262, 27135.87890625
375, -3560.9009681344032, 2, 17.138328790664673, 431, 100000, 14.874065399169922, 27337.798828125
376, -3159.5208792090416, 2, 12.519546270370483, 320, 100000, 14.337034225463867, 27466.896484375
377, 2167.3549858033657, 1, 7.7186877727508545, 198, 100000, 13.591094970703125, 26743.462890625
378, -207.02606624364853, 1, 24.61971354484558, 585, 100000, 15.423934936523438, 27386.853515625
379, 1366.9983361065388, 1, 20.280055046081543, 507, 100000, 14.653026580810547, 27282.453125
380, 515.4575641751289, 1, 32.132144927978516, 790, 100000, 14.63420581817627, 27135.837890625
381, 1664.7518798410892, 1, 16.770805597305298, 423, 100000, 14.806172370910645, 27305.619140625
382, 1696.4315106272697, 1, 10.717897176742554, 269, 100000, 14.221497535705566, 26863.255859375
383, 1199.8948110342026, 1, 19.061757564544678, 473, 100000, 14.86329460144043, 27138.0078125
384, -705.5875554084778, 1, 31.09451174736023, 762, 100000, 14.912753105163574, 27052.755859375
385, -113.38621062040329, 1, 34.6582350730896, 848, 100000, 14.380219459533691, 26916.177734375
386, 1918.7261366546154, 1, 13.285132884979248, 324, 100000, 15.5445556640625, 27013.62890625
387, 985.8217823505402, 1, 14.783653736114502, 380, 100000, 14.48941421508789, 26830.015625
388, 1660.762853294611, 1, 17.895039081573486, 447, 100000, 14.889628410339355, 26778.65625
389, -1273.555674135685, 1, 37.18040633201599, 896, 100000, 13.56619930267334, 26843.57421875
390, 283.45792692899704, 1, 31.69449806213379, 779, 100000, 14.722018241882324, 26846.529296875
391, 1688.6439225971699, 1, 20.086363792419434, 498, 100000, 14.520341873168945, 26630.119140625
392, 1470.7591062933207, 1, 24.027303457260132, 593, 100000, 14.9730863571167, 26636.064453125
393, 1493.12765660882, 1, 20.06898045539856, 497, 100000, 13.429900169372559, 26513.388671875
394, 702.5467305183411, 1, 27.2210853099823, 664, 100000, 14.890867233276367, 26413.451171875
395, -2780.092138648033, 2, 4.521608114242554, 121, 100000, 14.331146240234375, 26047.869140625
396, -3392.7090802788734, 4, 41.07083511352539, 998, 100000, 13.851092338562012, 26309.3203125
397, 822.2127979695797, 1, 24.84152340888977, 615, 100000, 13.81607723236084, 26234.74609375
398, 1026.7954886257648, 1, 22.87076187133789, 573, 100000, 14.415579795837402, 26323.029296875
399, 2064.751538693905, 1, 10.879107475280762, 279, 100000, 14.31357192993164, 26163.33203125
400, 1646.4886560738087, 1, 8.624828338623047, 217, 100000, 13.985001564025879, 25885.333984375
401, 2171.7548411786556, 1, 9.12898063659668, 234, 100000, 14.243942260742188, 25813.931640625
402, 1897.8170489668846, 1, 16.910855293273926, 406, 100000, 13.811430931091309, 26123.896484375
403, 1627.2510962486267, 1, 17.698325395584106, 444, 100000, 13.8825044631958, 25637.759765625
404, 2008.931584060192, 1, 9.375546932220459, 239, 100000, 13.548713684082031, 25406.935546875
405, -5712.990655004978, 2, 30.783467292785645, 745, 100000, 13.556265830993652, 25606.287109375
406, -2915.4524619579315, 3, 11.383839130401611, 291, 100000, 14.676514625549316, 25729.345703125
407, -2451.5159565210342, 2, 9.04587197303772, 231, 100000, 13.318231582641602, 25479.376953125
408, 2034.719652414322, 1, 11.180420398712158, 284, 100000, 13.417935371398926, 25306.458984375
409, 288.55408293008804, 1, 20.020740032196045, 484, 100000, 13.471329689025879, 25345.822265625
410, 1923.1686174869537, 1, 10.912533283233643, 277, 100000, 13.233423233032227, 25210.98828125
411, 1533.2740208506584, 1, 22.835646867752075, 563, 100000, 13.229913711547852, 25313.1640625
412, 141.56808376312256, 1, 38.80524945259094, 942, 100000, 13.468170166015625, 25046.513671875
413, -3082.531519293785, 2, 9.386340618133545, 243, 100000, 13.948583602905273, 24851.150390625
414, 1908.4484345018864, 1, 15.532202243804932, 385, 100000, 13.812820434570312, 24815.55078125
415, 840.8265978395939, 1, 25.956997632980347, 637, 100000, 12.909795761108398, 24542.728515625
416, 1469.4509648382664, 1, 24.142656564712524, 591, 100000, 13.262500762939453, 24445.69921875
417, 1716.1632634997368, 1, 21.312082767486572, 526, 100000, 13.021889686584473, 24256.234375
418, -3307.678107082844, 4, 41.177454471588135, 998, 100000, 13.706652641296387, 24208.814453125
419, 2204.4288979172707, 1, 9.762556791305542, 247, 100000, 13.407498359680176, 23906.0625
420, 1414.261357024312, 1, 21.976768016815186, 541, 100000, 13.335086822509766, 24049.865234375
421, -144.3179372549057, 1, 26.98139715194702, 656, 100000, 12.95753288269043, 24103.87890625
422, -3631.7227778434753, 2, 20.801525115966797, 512, 100000, 13.270940780639648, 23913.65234375
423, -2924.280604660511, 3, 12.178022623062134, 311, 100000, 13.182367324829102, 23869.123046875
424, 2176.4106470048428, 1, 11.136491060256958, 281, 100000, 12.724508285522461, 23834.849609375
425, 736.0838853120804, 1, 13.92635464668274, 346, 100000, 13.235671997070312, 23904.58203125
426, 1194.9016327857971, 1, 23.78420901298523, 577, 100000, 13.358829498291016, 23904.630859375
427, -4528.371810972691, 4, 41.48417067527771, 998, 100000, 13.355016708374023, 23920.615234375
428, -3205.754071712494, 3, 11.625920534133911, 295, 100000, 12.600912094116211, 23598.029296875
429, 2389.853694319725, 1, 4.123633861541748, 106, 100000, 13.932149887084961, 23257.583984375
430, -3062.4309951663017, 2, 11.001889705657959, 280, 100000, 12.758234977722168, 23802.15625
431, 1738.8732582330704, 1, 17.418378114700317, 430, 100000, 12.630399703979492, 23687.888671875
432, -5858.761183381081, 2, 24.315393209457397, 594, 100000, 12.348166465759277, 23860.34765625
433, -671.9989913105965, 1, 30.227394580841064, 727, 100000, 12.806163787841797, 23737.755859375
434, -3472.3388212919235, 2, 8.696626424789429, 225, 100000, 13.311688423156738, 23498.353515625
435, 2168.249554157257, 1, 6.435095548629761, 166, 100000, 12.631860733032227, 23814.4921875
436, 1649.7226656079292, 1, 16.657623767852783, 413, 100000, 12.752053260803223, 23672.080078125
437, 715.8756604492664, 1, 30.32399320602417, 723, 100000, 13.279399871826172, 23530.0
438, -4158.4960879683495, 2, 27.643075227737427, 678, 100000, 13.06836223602295, 23673.1953125
439, 1441.8917046487331, 1, 14.601439714431763, 366, 100000, 12.46406078338623, 23424.005859375
440, 1613.911240413785, 1, 20.459359169006348, 504, 100000, 13.124334335327148, 23448.78515625
441, 1632.4146724790335, 1, 20.851686716079712, 515, 100000, 11.675261497497559, 23268.84375
442, 1038.6950670480728, 1, 17.67555046081543, 433, 100000, 12.912306785583496, 23218.62109375
443, -3263.3679993748665, 3, 7.905726432800293, 204, 100000, 12.50137996673584, 23256.78515625
444, -197.1803034543991, 1, 28.4342999458313, 687, 100000, 12.47596549987793, 23166.64453125
445, -6865.811923086643, 2, 28.256324768066406, 698, 100000, 12.72939395904541, 23217.27734375
446, 2121.6892400979996, 1, 7.738577604293823, 198, 100000, 11.642387390136719, 23006.87109375
447, -588.9641596674919, 1, 32.47993516921997, 761, 100000, 12.203402519226074, 23169.9609375
448, -3100.249239087105, 4, 40.98646259307861, 998, 100000, 12.039408683776855, 23122.37109375
449, 1884.2689189314842, 1, 12.533033847808838, 304, 100000, 11.7432222366333, 22935.56640625
450, 1404.627326130867, 1, 13.504935503005981, 345, 100000, 13.218120574951172, 22905.3125
451, -3376.601254373789, 1, 38.60801959037781, 938, 100000, 12.024080276489258, 23100.740234375
452, -5196.904703378677, 3, 29.841800451278687, 725, 100000, 12.01439380645752, 23117.744140625
453, 1962.5809787511826, 1, 11.26619291305542, 289, 100000, 12.874970436096191, 22941.79296875
454, 1067.5966092944145, 1, 15.128684759140015, 372, 100000, 11.770609855651855, 22780.658203125
455, -333.2613054513931, 1, 31.597617626190186, 752, 100000, 11.922883987426758, 22730.419921875
456, -483.33950001746416, 1, 33.2017502784729, 812, 100000, 12.38275146484375, 22584.3203125
457, -5779.302244782448, 2, 25.77181363105774, 632, 100000, 11.734551429748535, 22709.5703125
458, 1927.3089395463467, 1, 12.367733478546143, 314, 100000, 12.216147422790527, 22616.470703125
459, -1528.756315946579, 1, 30.430222511291504, 739, 100000, 11.748080253601074, 22751.3046875
460, -1042.4967803955078, 1, 26.010746479034424, 640, 100000, 12.023356437683105, 22704.994140625
461, -2987.498995423317, 4, 41.99997615814209, 998, 100000, 12.308917045593262, 22738.26171875
462, 643.5537407398224, 1, 13.723538875579834, 332, 100000, 12.545022964477539, 22445.91015625
463, 1050.2519981861115, 1, 19.979084014892578, 500, 100000, 11.61652660369873, 22433.29296875
464, 1721.576991468668, 1, 11.26565170288086, 290, 100000, 12.019111633300781, 22490.060546875
465, 682.6103835403919, 1, 18.72104811668396, 457, 100000, 12.189112663269043, 22396.76953125
466, -173.24288702011108, 1, 34.4862105846405, 832, 100000, 12.054179191589355, 22529.169921875
467, -5246.102987170219, 3, 19.617210388183594, 486, 100000, 11.903937339782715, 22520.80859375
468, 1108.954489916563, 1, 14.476709127426147, 360, 100000, 11.41450309753418, 22556.6796875
469, -495.76419547200203, 1, 35.92091917991638, 868, 100000, 11.903345108032227, 22473.193359375
470, 1494.1098856180906, 1, 23.27245807647705, 555, 100000, 11.587632179260254, 22547.435546875
471, -3635.982072353363, 2, 12.77298378944397, 328, 100000, 10.563180923461914, 22475.935546875
472, 1874.6029207110405, 1, 15.680715799331665, 380, 100000, 11.947879791259766, 22530.720703125
473, -2226.1427505612373, 4, 41.2305428981781, 998, 100000, 11.725399017333984, 22379.9765625
474, 1959.6075626909733, 1, 14.51165509223938, 345, 100000, 11.494970321655273, 22186.318359375
475, 1850.7741225659847, 1, 13.704005479812622, 347, 100000, 10.561675071716309, 22142.890625
476, -2786.449516415596, 2, 5.383422613143921, 137, 100000, 11.39689826965332, 22057.013671875
477, -4854.546722412109, 3, 30.056300401687622, 732, 100000, 11.133889198303223, 22254.712890625
478, -3036.5939897298813, 4, 41.25574254989624, 998, 100000, 11.77871036529541, 22213.5390625
479, 1494.9408494830132, 1, 17.254307746887207, 429, 100000, 11.332378387451172, 22179.72265625
480, 1602.3142737448215, 1, 25.18530035018921, 601, 100000, 11.021157264709473, 22108.751953125
481, 1413.7460325062275, 1, 23.676145315170288, 586, 100000, 11.358282089233398, 22019.8046875
482, 536.6914360225201, 1, 25.118396759033203, 612, 100000, 11.744264602661133, 22123.654296875
483, 1116.1321620941162, 1, 17.575502157211304, 440, 100000, 11.517862319946289, 21997.79296875
484, 1190.960531115532, 1, 22.620688676834106, 552, 100000, 10.813725471496582, 21903.689453125
485, 1336.7862415909767, 1, 28.756887197494507, 682, 100000, 10.80309009552002, 22036.376953125
486, 2007.9897117316723, 1, 11.858678102493286, 302, 100000, 11.813163757324219, 21742.298828125
487, 1764.6751934885979, 1, 18.04043436050415, 449, 100000, 10.63636302947998, 21853.26953125
488, 2038.377055823803, 1, 11.468624830245972, 290, 100000, 10.228896141052246, 21798.19921875
489, 1491.1224653720856, 1, 20.295584201812744, 496, 100000, 10.204178810119629, 21911.6171875
490, 1118.9705377817154, 1, 22.9948308467865, 561, 100000, 11.028066635131836, 21825.296875
491, 1166.4129655659199, 1, 22.5090594291687, 551, 100000, 10.69093132019043, 21775.107421875
492, -2968.908091366291, 4, 41.276787757873535, 998, 100000, 11.353510856628418, 21842.048828125
493, 1478.0426457822323, 1, 13.074718713760376, 331, 100000, 10.832528114318848, 21760.97265625
494, 2133.282951503992, 1, 10.471800804138184, 265, 100000, 10.720097541809082, 21725.857421875
495, 1547.926688760519, 1, 15.062329530715942, 376, 100000, 11.069698333740234, 21802.9375
496, -3069.952840268612, 3, 21.321173906326294, 526, 100000, 10.857536315917969, 21673.392578125
497, 1853.7766311764717, 1, 10.299889087677002, 249, 100000, 11.004165649414062, 21769.5
498, -1630.2041293084621, 1, 34.07032012939453, 825, 100000, 11.287002563476562, 21745.650390625
499, -2904.968483030796, 4, 41.00550127029419, 998, 100000, 10.708637237548828, 21736.935546875
500, 835.2894863188267, 1, 15.444960594177246, 386, 100000, 11.040495872497559, 21659.51171875
501, -4424.419843792915, 3, 18.770192861557007, 465, 100000, 10.171660423278809, 21720.552734375
502, -2994.716050326824, 4, 41.70888710021973, 998, 100000, 11.012990951538086, 21800.875
503, 1187.5737028419971, 1, 22.924330949783325, 562, 100000, 10.537410736083984, 21833.87109375
504, 1020.631279438734, 1, 23.335265636444092, 572, 100000, 11.108147621154785, 21962.66015625
505, 1148.1319738328457, 1, 24.956990242004395, 605, 100000, 10.541088104248047, 21827.701171875
506, -3654.1958293914795, 2, 13.335367202758789, 339, 100000, 10.428949356079102, 21726.333984375
507, 2159.9721843898296, 1, 10.62184453010559, 265, 100000, 9.74550724029541, 21734.20703125
508, -10.301539048552513, 1, 21.217833518981934, 518, 100000, 10.334334373474121, 21817.876953125
509, 730.5153298676014, 1, 18.23236870765686, 435, 100000, 10.846908569335938, 21674.529296875
510, -2481.5394706726074, 2, 1.5433900356292725, 43, 100000, 10.761510848999023, 20828.341796875
511, 1668.1982899010181, 1, 12.366130352020264, 312, 100000, 10.733025550842285, 21659.671875
512, 690.3455948233604, 1, 26.567296981811523, 644, 100000, 10.862603187561035, 21728.5234375
513, -167.85572269558907, 1, 30.677697896957397, 744, 100000, 11.06843376159668, 21710.84375
514, -2875.116771221161, 2, 9.564172506332397, 241, 100000, 9.571675300598145, 21555.458984375
515, 1904.358494952321, 1, 12.461007595062256, 305, 100000, 10.787304878234863, 21606.51953125
516, 1845.5906191468239, 1, 13.664058208465576, 345, 100000, 11.182870864868164, 21608.78125
517, -2418.007232427597, 2, 1.856734275817871, 47, 100000, 9.206866264343262, 20749.09375
518, 1644.5616890192032, 1, 13.242398500442505, 332, 100000, 10.118231773376465, 21681.859375
519, 130.26718497276306, 1, 31.466317653656006, 751, 100000, 10.9598970413208, 21665.87109375
520, -156.77909648418427, 1, 35.22187638282776, 852, 100000, 11.389877319335938, 21605.169921875
521, 1136.8028604984283, 1, 27.761390686035156, 662, 100000, 10.796957969665527, 21528.109375
522, -1891.2450132966042, 1, 27.312551736831665, 671, 100000, 11.042380332946777, 21544.29296875
523, 1237.813193678856, 1, 17.833954572677612, 442, 100000, 10.447943687438965, 21478.8671875
524, -2814.1672661304474, 2, 2.6615474224090576, 71, 100000, 10.954479217529297, 20786.50390625
525, -2868.7226335406303, 2, 11.204380512237549, 286, 100000, 10.876981735229492, 21354.267578125
526, 2139.1021854132414, 1, 10.603671550750732, 266, 100000, 11.247269630432129, 21556.908203125
527, -367.02352371811867, 1, 24.020100831985474, 579, 100000, 10.603489875793457, 21483.720703125
528, 1085.844818264246, 1, 24.55544114112854, 582, 100000, 10.997485160827637, 21502.123046875
529, 1323.722249686718, 1, 22.767087936401367, 555, 100000, 10.323620796203613, 21414.05859375
530, 1168.4973150640726, 1, 30.73992371559143, 743, 100000, 10.522390365600586, 21445.78515625
531, 971.2661662250757, 1, 27.047202110290527, 639, 100000, 11.14738655090332, 21285.779296875
532, 946.8647111356258, 1, 24.971326112747192, 591, 100000, 10.944308280944824, 21324.75390625
533, 1715.8028519749641, 1, 18.592775344848633, 461, 100000, 9.911245346069336, 21207.263671875
534, 736.5621780753136, 1, 20.632296800613403, 505, 100000, 10.758279800415039, 21167.126953125
535, 1061.5497021079063, 1, 30.33115816116333, 732, 100000, 10.389365196228027, 21216.76953125
536, -3927.720641195774, 3, 19.60135769844055, 483, 100000, 10.476323127746582, 21125.693359375
537, -2659.3909641504288, 2, 11.246132850646973, 268, 100000, 10.432600975036621, 21170.0078125
538, 2245.9868983328342, 1, 9.132676839828491, 229, 100000, 10.97241497039795, 21210.12890625
539, -2882.7581813931465, 2, 11.914722919464111, 300, 100000, 9.890645980834961, 21085.05078125
540, 2130.1147649884224, 1, 10.923880577087402, 273, 100000, 10.131840705871582, 21273.92578125
541, 1234.6193901896477, 1, 23.96367859840393, 587, 100000, 10.882770538330078, 21212.4140625
542, -3022.6316081285477, 3, 8.5986967086792, 221, 100000, 9.975251197814941, 21041.12890625
543, 1195.7315680980682, 1, 18.40749502182007, 436, 100000, 10.477100372314453, 21183.3046875
544, -2870.2411448955536, 2, 6.673838376998901, 169, 100000, 10.326310157775879, 21062.23828125
545, -3595.63088452816, 2, 10.6396484375, 267, 100000, 9.67049789428711, 21177.009765625
546, -2411.734646975994, 4, 41.93177938461304, 998, 100000, 11.061217308044434, 21274.986328125
547, 1354.4750687032938, 1, 17.52974009513855, 435, 100000, 10.339265823364258, 21258.705078125
548, -377.6052070558071, 1, 22.674657821655273, 541, 100000, 10.105611801147461, 21329.466796875
549, 1382.1877681612968, 1, 24.574522972106934, 598, 100000, 9.424853324890137, 21347.2265625
550, 308.01426473259926, 1, 21.92673397064209, 521, 100000, 9.61215877532959, 21276.85546875
551, 470.19299694895744, 1, 23.402008771896362, 569, 100000, 10.72568416595459, 21251.21875
552, 537.4309525489807, 1, 22.336302995681763, 546, 100000, 10.241023063659668, 21212.80859375
553, 19.337362229824066, 1, 25.412120819091797, 622, 100000, 10.477709770202637, 21278.505859375
554, 1008.4095819592476, 1, 22.35649013519287, 548, 100000, 10.96754264831543, 21235.25390625
555, 2006.0205135643482, 1, 15.788512706756592, 393, 100000, 10.374728202819824, 21147.81640625
556, 1298.040592610836, 1, 19.43209147453308, 478, 100000, 9.661888122558594, 21097.71875
557, 1364.6045838594437, 1, 17.223416090011597, 428, 100000, 10.288243293762207, 21105.0234375
558, 2143.495444715023, 1, 10.314560413360596, 260, 100000, 10.269429206848145, 20967.244140625
559, 1384.4408181011677, 1, 20.333287954330444, 485, 100000, 11.180885314941406, 21023.1796875
560, -3653.50905418396, 2, 21.961621284484863, 543, 100000, 10.631342887878418, 20974.724609375
561, -2409.3965018987656, 4, 41.578113079071045, 998, 100000, 10.237066268920898, 21045.130859375
562, -7099.074201464653, 2, 29.931849241256714, 727, 100000, 9.991155624389648, 21134.48828125
563, -2974.900572538376, 2, 9.735628604888916, 248, 100000, 10.10075569152832, 21055.49609375
564, 2135.182611078024, 1, 10.466978073120117, 265, 100000, 9.93017292022705, 21007.416015625
565, 890.4477947205305, 1, 18.07862663269043, 439, 100000, 10.252943992614746, 21054.34765625
566, -2611.3777460455894, 3, 7.690961122512817, 185, 100000, 10.615496635437012, 20797.8828125
567, 2180.5243051052094, 1, 6.1681084632873535, 158, 100000, 9.902445793151855, 20919.033203125
568, 1987.2270020246506, 1, 10.746900796890259, 271, 100000, 10.792007446289062, 20982.552734375
569, -2752.4329890608788, 2, 11.369593381881714, 285, 100000, 10.446269035339355, 21115.3359375
570, 2141.4661873579025, 1, 7.070997714996338, 178, 100000, 10.101556777954102, 20957.841796875
571, 2105.0641080141068, 1, 10.220818758010864, 244, 100000, 9.953255653381348, 20911.94921875
572, 2013.6347824335098, 1, 10.039361476898193, 254, 100000, 11.540247917175293, 21052.0078125
573, -2489.083549261093, 3, 1.2673490047454834, 35, 100000, 13.657187461853027, 19875.46484375
574, 2250.435470163822, 1, 9.095052003860474, 228, 100000, 11.547252655029297, 20982.310546875
575, -234.78418681025505, 1, 34.16033601760864, 815, 100000, 10.543414115905762, 21165.419921875
576, 335.24963742494583, 1, 21.92082905769348, 533, 100000, 10.422187805175781, 21133.4609375
577, 1022.0277239829302, 1, 24.132663011550903, 587, 100000, 9.739930152893066, 21075.458984375
578, 1043.3208121657372, 1, 19.766030073165894, 481, 100000, 10.439435005187988, 21160.419921875
579, 1472.81249243021, 1, 18.194203853607178, 447, 100000, 10.883652687072754, 21069.171875
580, 969.4086954593658, 1, 21.00974178314209, 511, 100000, 10.426765441894531, 21114.876953125
581, 617.4544163048267, 1, 32.06974768638611, 775, 100000, 10.14503002166748, 21155.59375
582, -459.57846108078957, 1, 27.71058201789856, 671, 100000, 9.703596115112305, 21062.361328125
583, -3914.2464168965816, 3, 27.36606788635254, 660, 100000, 9.523030281066895, 20962.07421875
584, 2184.928751319647, 1, 10.02299976348877, 253, 100000, 10.379424095153809, 21024.224609375
585, -2940.929669380188, 2, 2.3950986862182617, 65, 100000, 9.728764533996582, 20309.89453125
586, 982.7104651629925, 1, 14.58275318145752, 363, 100000, 10.813899993896484, 20854.83203125
587, -1971.6576314717531, 1, 35.116952657699585, 840, 100000, 10.574182510375977, 21123.791015625
588, -246.78275245428085, 1, 23.106725215911865, 562, 100000, 9.966723442077637, 21125.509765625
589, 1166.146310210228, 1, 23.249788522720337, 553, 100000, 9.525409698486328, 20971.763671875
590, -2231.141182422638, 3, 0.7055008411407471, 20, 100000, 11.052494049072266, 19209.43359375
591, -6185.030496954918, 2, 21.143580198287964, 523, 100000, 10.333839416503906, 21104.91015625
592, 1777.2420378923416, 1, 12.975688219070435, 330, 100000, 10.667336463928223, 21272.1484375
593, -7318.6618347764015, 2, 25.638471364974976, 612, 100000, 10.609258651733398, 21357.626953125
594, 2376.108678460121, 1, 4.1289591789245605, 109, 100000, 11.674928665161133, 20998.767578125
595, -3413.189138531685, 3, 11.243012189865112, 285, 100000, 10.60779094696045, 21311.80078125
596, 2164.5260794460773, 1, 7.603420972824097, 192, 100000, 9.66329574584961, 21178.521484375
597, 1321.4136348962784, 1, 13.09078860282898, 330, 100000, 9.926668167114258, 21308.244140625
598, 49.7305651307106, 1, 19.126038789749146, 465, 100000, 10.483316421508789, 21312.109375
599, -274.0175625383854, 1, 25.179123401641846, 616, 100000, 11.05715560913086, 21362.375
600, 1232.197415150702, 1, 21.526329040527344, 498, 100000, 9.670879364013672, 21336.111328125
601, -5470.498162388802, 2, 25.64591097831726, 601, 100000, 11.225763320922852, 21464.15234375
602, 2073.715164542198, 1, 11.185888051986694, 285, 100000, 9.662627220153809, 21425.8515625
603, -3676.299405157566, 2, 10.190613269805908, 254, 100000, 10.146052360534668, 21346.244140625
604, 1942.616828262806, 1, 10.162640810012817, 255, 100000, 10.11893367767334, 21297.2265625
605, 1239.8878853619099, 1, 20.893845796585083, 466, 100000, 10.433382034301758, 21406.43359375
606, 1553.220863096416, 1, 19.999140977859497, 446, 100000, 10.239985466003418, 21246.263671875
607, 1634.057265073061, 1, 9.770168781280518, 222, 100000, 10.447131156921387, 21227.34375
608, 576.7552772164345, 1, 27.056648015975952, 656, 100000, 10.328694343566895, 21229.615234375
609, -2283.336519241333, 2, 0.6313912868499756, 19, 100000, 7.371358871459961, 19828.015625
610, 1459.0971705913544, 1, 10.239788055419922, 264, 100000, 10.223339080810547, 21203.822265625
611, -5379.401064217091, 2, 18.525615215301514, 453, 100000, 10.069172859191895, 21349.09765625
612, 1306.562077075243, 1, 18.696733236312866, 446, 100000, 10.80907154083252, 21268.642578125
613, -4425.874121427536, 2, 23.14048433303833, 572, 100000, 10.955049514770508, 21387.955078125
614, 1865.265091061592, 1, 10.554388999938965, 265, 100000, 10.969033241271973, 21360.919921875
615, 1270.0772253870964, 1, 19.096280336380005, 441, 100000, 10.924789428710938, 21580.720703125
616, -8411.382908046246, 2, 33.28847646713257, 785, 100000, 11.263607025146484, 21459.5390625
617, -5593.5873374938965, 2, 15.884548664093018, 396, 100000, 11.408919334411621, 21373.154296875
618, -4963.488796770573, 3, 26.433977127075195, 650, 100000, 11.570823669433594, 21528.81640625
619, 2078.5980164408684, 1, 10.891413450241089, 264, 100000, 10.08713150024414, 21511.306640625
620, 1885.1510788798332, 1, 10.11635708808899, 243, 100000, 11.323067665100098, 21714.17578125
621, 1244.335222184658, 1, 16.669768571853638, 401, 100000, 10.34891128540039, 21622.279296875
622, 1146.8602845966816, 1, 16.9616961479187, 423, 100000, 10.45832633972168, 21617.087890625
623, -5795.677047252655, 2, 25.910510540008545, 632, 100000, 10.482068061828613, 21711.158203125
624, -2790.857254385948, 4, 41.435609102249146, 998, 100000, 10.397971153259277, 21831.13671875
625, 1621.2314686477184, 1, 17.094265699386597, 414, 100000, 10.804576873779297, 21796.982421875
626, -2892.089786708355, 4, 43.786298751831055, 998, 100000, 10.794295310974121, 21942.25
627, -3763.7240346074104, 3, 12.684239864349365, 323, 100000, 10.442070960998535, 21855.728515625
628, 2390.7594731152058, 1, 4.104065179824829, 106, 100000, 8.989583015441895, 21715.6796875
629, 2092.9579624831676, 1, 10.475491046905518, 266, 100000, 10.188344955444336, 21853.396484375
630, -3921.3953325152397, 4, 41.64394807815552, 998, 100000, 10.608047485351562, 22050.05078125
631, -2987.2134850621223, 3, 12.290376663208008, 312, 100000, 10.660125732421875, 21806.33203125
632, 1484.9411189556122, 1, 18.519789457321167, 452, 100000, 10.559194564819336, 21955.677734375
633, -3294.0450536608696, 2, 11.921156406402588, 304, 100000, 10.724193572998047, 22000.349609375
634, 1772.321990787983, 1, 14.504998683929443, 365, 100000, 10.82392692565918, 21939.482421875
635, 1686.8892968893051, 1, 12.459594964981079, 298, 100000, 10.444457054138184, 21944.37109375
636, -2486.7530765533447, 2, 1.7889387607574463, 49, 100000, 10.02087688446045, 21394.33984375
637, 809.871960401535, 1, 19.918879508972168, 493, 100000, 10.376128196716309, 21935.3671875
638, 1214.2570769190788, 1, 22.14404320716858, 525, 100000, 10.255045890808105, 21985.82421875
639, 1324.7853264212608, 1, 20.31456422805786, 485, 100000, 10.771424293518066, 21982.13671875
640, 1605.6450722515583, 1, 15.488381385803223, 391, 100000, 10.766270637512207, 21900.09375
641, -1176.2349355369806, 1, 32.6484169960022, 794, 100000, 10.702284812927246, 21823.04296875
642, 922.1961894631386, 1, 28.26178002357483, 690, 100000, 10.44082260131836, 21922.4296875
643, 929.3103702366352, 1, 30.132328748703003, 737, 100000, 10.727084159851074, 21845.71875
644, -4541.312975466251, 2, 23.912734508514404, 588, 100000, 11.191457748413086, 21826.046875
645, 1519.9245681762695, 1, 12.614129066467285, 321, 100000, 10.562005996704102, 21677.111328125
646, 934.9904042184353, 1, 16.20514488220215, 404, 100000, 10.818326950073242, 21792.01171875
647, 1774.0031605958939, 1, 21.6701717376709, 530, 100000, 10.719975471496582, 21688.216796875
648, 1743.6412903666496, 1, 11.857574224472046, 300, 100000, 11.100921630859375, 21623.9375
649, -2697.548538208008, 3, 0.8455157279968262, 24, 100000, 9.65527629852295, 19616.517578125
650, 46.68051099777222, 1, 41.13327622413635, 987, 100000, 10.856602668762207, 21786.7734375
651, 2020.4214805364609, 1, 14.352039098739624, 344, 100000, 10.598690032958984, 21801.529296875
652, 1949.398605287075, 1, 10.934097528457642, 281, 100000, 11.629632949829102, 21549.806640625
653, 1962.7929357588291, 1, 11.60569429397583, 274, 100000, 10.734930992126465, 21618.857421875
654, 1151.6293667405844, 1, 27.45011258125305, 641, 100000, 10.25013542175293, 21811.740234375
655, 2138.026310503483, 1, 11.981075525283813, 304, 100000, 10.753081321716309, 21580.859375
656, 1621.7880541086197, 1, 24.276527166366577, 590, 100000, 9.933331489562988, 21556.1796875
657, 1321.0034501552582, 1, 18.123148918151855, 447, 100000, 10.61846923828125, 21507.373046875
658, -4086.373348236084, 2, 8.279503345489502, 210, 100000, 9.584198951721191, 21319.732421875
659, 2221.6223100423813, 1, 10.751149415969849, 251, 100000, 10.210637092590332, 21527.4609375
660, -2923.869896173477, 4, 44.159130811691284, 998, 100000, 10.353303909301758, 21668.1640625
661, 1768.8865405619144, 1, 12.353434562683105, 315, 100000, 9.858702659606934, 21563.265625
662, 1320.668242752552, 1, 10.617101669311523, 265, 100000, 10.922438621520996, 21526.015625
663, 1645.8522265553474, 1, 22.071142196655273, 543, 100000, 9.580098152160645, 21585.857421875
664, 318.95240204036236, 1, 23.933210134506226, 586, 100000, 10.578739166259766, 21487.857421875
665, 1940.0797492861748, 1, 9.0580894947052, 231, 100000, 10.280281066894531, 21519.236328125
666, 1074.6740487515926, 1, 17.62811851501465, 433, 100000, 10.422362327575684, 21443.125
667, 1350.6107226610184, 1, 22.764110803604126, 561, 100000, 11.169102668762207, 21509.625
668, 1293.2372462004423, 1, 24.224339246749878, 576, 100000, 10.50289249420166, 21406.392578125
669, 1640.697234749794, 1, 20.800459146499634, 516, 100000, 9.82072639465332, 21398.228515625
670, -3570.047851085663, 3, 19.582393884658813, 482, 100000, 11.109221458435059, 21313.57421875
671, 2196.877798616886, 1, 6.175149917602539, 158, 100000, 9.458359718322754, 21151.689453125
672, 1892.379484206438, 1, 17.00711989402771, 418, 100000, 9.826087951660156, 21327.26171875
673, -2999.0098121762276, 2, 7.753726959228516, 189, 100000, 9.132133483886719, 21132.958984375
674, 2225.2284874022007, 1, 9.322375059127808, 239, 100000, 8.91926097869873, 21060.369140625
675, 1079.0461876392365, 1, 18.826942920684814, 437, 100000, 11.185209274291992, 21181.37890625
676, -1703.8942145109177, 1, 30.176324129104614, 676, 100000, 10.968294143676758, 21285.90625
677, 1488.0475421249866, 1, 17.609018325805664, 441, 100000, 10.626829147338867, 21176.306640625
678, -4292.826514661312, 2, 10.869040966033936, 281, 100000, 9.419197082519531, 21198.771484375
679, 2212.8002108335495, 1, 6.226706027984619, 163, 100000, 10.218843460083008, 20874.109375
680, 1950.8700444102287, 1, 13.252930641174316, 326, 100000, 11.106436729431152, 21148.767578125
681, 40.849982380867004, 1, 33.43324661254883, 759, 100000, 10.433609008789062, 21195.51953125
682, 71.19735205173492, 1, 23.964802742004395, 578, 100000, 9.792790412902832, 21113.337890625
683, 1961.043059796095, 1, 11.297637939453125, 290, 100000, 9.527896881103516, 21075.728515625
684, 2027.8588434159756, 1, 9.486701250076294, 245, 100000, 10.513348579406738, 21109.857421875
685, -2181.8134784698486, 3, 0.17909502983093262, 7, 100000, 7.453056335449219, 14775.384765625
686, 1662.7581933140755, 1, 10.135459184646606, 261, 100000, 10.7614107131958, 21031.642578125
687, 1374.5488838553429, 1, 17.67218327522278, 434, 100000, 10.65847396850586, 21316.15234375
688, 310.38092815876007, 1, 23.99579405784607, 589, 100000, 10.679966926574707, 21209.31640625
689, 1832.8722627311945, 1, 23.53550958633423, 460, 100000, 11.005599975585938, 21044.29296875
690, -3846.90963357687, 3, 25.842280387878418, 514, 100000, 10.695674896240234, 21074.47265625
691, 1566.7095628678799, 1, 15.073028087615967, 294, 100000, 10.121777534484863, 20997.26171875
692, 1274.9199293851852, 1, 22.209176301956177, 435, 100000, 10.073753356933594, 20888.134765625
693, -4691.161909818649, 2, 25.294370651245117, 505, 100000, 10.583988189697266, 21015.197265625
694, -6110.521036028862, 2, 18.466628074645996, 371, 100000, 10.899307250976562, 21097.779296875
695, 1577.899845778942, 1, 19.326647996902466, 390, 100000, 10.086448669433594, 21130.396484375
696, 1518.8067361414433, 1, 23.97835397720337, 472, 100000, 10.2578125, 21227.732421875
697, 1821.6168407797813, 1, 16.022294998168945, 323, 100000, 11.459959983825684, 21148.787109375
698, 1976.4534748792648, 1, 16.86250948905945, 334, 100000, 11.020078659057617, 21173.40234375
699, -6010.602716207504, 2, 14.884458065032959, 288, 100000, 10.26644515991211, 20870.798828125
700, 1223.521102130413, 1, 23.305906295776367, 460, 100000, 10.805706977844238, 21171.166015625
701, 1695.1189823448658, 1, 22.643513679504395, 446, 100000, 10.65469741821289, 21204.330078125
702, 1053.7226713001728, 1, 32.05102276802063, 376, 100000, 10.626262664794922, 20953.541015625
703, 1225.9236498475075, 1, 33.96646523475647, 442, 100000, 10.459734916687012, 21065.09765625
704, 1546.7424976229668, 1, 38.68442487716675, 470, 100000, 10.573174476623535, 20977.279296875
705, 456.10314950346947, 1, 60.41756081581116, 458, 100000, 10.175704956054688, 21034.91796875
706, 1700.9833427667618, 1, 13.759330749511719, 227, 100000, 9.989357948303223, 21231.37890625
707, 2175.194871172309, 1, 8.612198829650879, 172, 100000, 10.231386184692383, 20854.94921875
708, 1190.9688942432404, 1, 35.51698136329651, 522, 100000, 10.83761978149414, 21170.31640625
709, -2487.505663871765, 3, 4.090052127838135, 78, 100000, 10.478311538696289, 20728.72265625
710, 1587.0797894746065, 1, 18.655741930007935, 335, 100000, 11.385709762573242, 21038.83203125
711, -4715.612843751907, 2, 50.461790800094604, 376, 100000, 11.82922649383545, 21021.900390625
712, 2358.3550811707973, 1, 12.424036741256714, 90, 100000, 11.514912605285645, 20762.978515625
713, -2178.8134687542915, 2, 9.332300901412964, 54, 100000, 11.274084091186523, 20487.810546875
714, 2122.712563455105, 1, 31.71587371826172, 196, 100000, 11.687140464782715, 21135.7109375
715, 1461.788896560669, 1, 49.269895792007446, 312, 100000, 12.409116744995117, 21038.01953125
716, 1044.5652338266373, 1, 19.29056715965271, 242, 100000, 11.149469375610352, 20864.591796875
717, -2139.2615661621094, 3, 0.20931148529052734, 5, 100000, 3.4972457885742188, 12600.4111328125
718, 2271.4825048446655, 1, 11.398985624313354, 194, 100000, 10.42565631866455, 21033.71484375
719, 1782.2725477814674, 1, 20.31607174873352, 352, 100000, 11.744072914123535, 21092.71875
720, 1454.2137172818184, 1, 28.551433086395264, 484, 100000, 11.249430656433105, 21070.580078125
721, 1754.1972143054008, 1, 25.070549488067627, 447, 100000, 11.564190864562988, 21135.40234375
722, -5211.284546017647, 2, 36.47329545021057, 312, 100000, 11.712660789489746, 21139.521484375
723, 2141.177513539791, 1, 18.64911723136902, 154, 100000, 10.674846649169922, 21081.994140625
724, -3385.8560243844986, 4, 74.70751166343689, 998, 100000, 11.36531925201416, 21301.71484375
725, 2081.021457642317, 1, 15.942386388778687, 308, 100000, 11.286086082458496, 21118.013671875
726, 1608.719835281372, 1, 12.092929124832153, 241, 100000, 10.410083770751953, 21350.693359375
727, 1479.3508155047894, 1, 17.481141567230225, 336, 100000, 11.739225387573242, 21310.8203125
728, 1416.3067142665386, 1, 22.614336729049683, 417, 100000, 11.746932983398438, 21167.755859375
729, -4747.811746060848, 2, 20.470731258392334, 394, 100000, 11.201104164123535, 21236.541015625
730, 2392.784592449665, 1, 4.659027099609375, 92, 100000, 10.351410865783691, 20768.646484375
731, 884.3497380167246, 1, 22.78529143333435, 435, 100000, 11.083691596984863, 21127.751953125
732, 498.8959466665983, 1, 21.706011533737183, 414, 100000, 10.859908103942871, 21239.458984375
733, -89.09187811613083, 1, 32.36602425575256, 610, 100000, 11.372432708740234, 21268.63671875
734, 1761.5087168812752, 1, 16.52491068840027, 310, 100000, 12.055267333984375, 21129.09765625
735, -3101.7791835665703, 4, 54.30698084831238, 998, 100000, 11.258703231811523, 21240.216796875
736, 2218.9237694740295, 1, 10.194929838180542, 190, 100000, 11.254258155822754, 20999.169921875
737, -4044.6215504407883, 2, 14.903968334197998, 293, 100000, 11.241486549377441, 21181.6796875
738, -564.4330975413322, 1, 32.056862354278564, 613, 100000, 11.802652359008789, 21238.783203125
739, -4355.508472919464, 2, 6.22425651550293, 129, 100000, 11.070902824401855, 21205.248046875
740, 1757.1685104370117, 1, 16.03825306892395, 317, 100000, 11.843247413635254, 21285.423828125
741, -3164.2833260297775, 2, 19.015580415725708, 376, 100000, 11.978221893310547, 21388.91796875
742, 761.1332417726517, 1, 19.41063117980957, 385, 100000, 11.64122200012207, 21381.79296875
743, 1813.6796616315842, 1, 15.152074813842773, 285, 100000, 11.26213550567627, 21259.68359375
744, 2159.3354986310005, 1, 13.906038045883179, 265, 100000, 11.073446273803711, 21269.947265625
745, 364.25761207938194, 1, 19.85144805908203, 393, 100000, 11.176815032958984, 21087.41015625
746, 574.043375223875, 1, 35.4917254447937, 678, 100000, 11.938872337341309, 21200.275390625
747, -3926.631989210844, 4, 53.25447177886963, 998, 100000, 12.239222526550293, 21261.15625
748, 2139.789559841156, 1, 10.485012769699097, 210, 100000, 11.215761184692383, 21148.072265625
749, -2718.922632098198, 3, 6.285449981689453, 129, 100000, 11.102867126464844, 21218.74609375
750, -381.68089082837105, 1, 32.415680170059204, 620, 100000, 11.498344421386719, 21420.216796875
751, 1167.4171621352434, 1, 25.73726534843445, 499, 100000, 11.16260814666748, 21428.046875
752, 1230.204907566309, 1, 23.912786722183228, 460, 100000, 10.479564666748047, 21380.533203125
753, 2141.180647522211, 1, 16.835964918136597, 321, 100000, 11.598307609558105, 21430.134765625
754, 440.6618022918701, 1, 23.57091188430786, 454, 100000, 11.92498779296875, 21482.056640625
755, 1477.494990631938, 1, 25.260003805160522, 488, 100000, 10.915631294250488, 21378.76953125
756, 1282.0048271417618, 1, 17.295386791229248, 387, 100000, 12.026815414428711, 21452.91015625
757, 2032.3395493626595, 1, 12.573519945144653, 276, 100000, 12.054922103881836, 21417.134765625
758, 2255.0311154425144, 1, 9.426403522491455, 230, 100000, 11.04993724822998, 21391.384765625
759, 1474.712515681982, 1, 24.27904486656189, 517, 100000, 12.53742790222168, 21243.310546875
760, 1906.2028661370277, 1, 17.89725136756897, 328, 100000, 12.27146053314209, 21460.05859375
761, 994.4671363532543, 1, 29.17399024963379, 448, 100000, 11.662256240844727, 21396.294921875
762, 1893.5128827393055, 1, 27.788659811019897, 325, 100000, 12.069467544555664, 21310.13671875
763, 1970.8540374934673, 1, 40.758636474609375, 226, 100000, 11.490050315856934, 21097.4453125
764, 1217.7818267047405, 1, 42.588141679763794, 421, 100000, 11.405139923095703, 21297.53515625
765, -2370.72410517931, 2, 16.69072389602661, 111, 100000, 12.44713020324707, 21279.455078125
766, -2409.2787969112396, 3, 15.82552433013916, 135, 100000, 10.567606925964355, 21213.064453125
767, 2322.8666194677353, 1, 13.73871397972107, 115, 100000, 10.69048023223877, 21058.234375
768, 1382.4744210839272, 1, 36.05737853050232, 398, 100000, 11.819845199584961, 21390.62109375
769, -2882.6693898439407, 3, 9.41545557975769, 168, 100000, 11.901557922363281, 21042.8515625
770, 856.5729158520699, 1, 34.89686346054077, 492, 100000, 12.304933547973633, 21483.142578125
771, 1931.3684099316597, 1, 27.408509731292725, 249, 100000, 12.198501586914062, 21258.40625
772, -4995.332880735397, 2, 30.191383361816406, 422, 100000, 12.074851989746094, 21348.685546875
773, 2230.217416703701, 1, 7.413253545761108, 130, 100000, 11.4764986038208, 20985.51171875
774, 2044.3945751190186, 1, 14.041849136352539, 227, 100000, 11.572174072265625, 21420.423828125
775, 2254.615542769432, 1, 11.20001769065857, 175, 100000, 11.165151596069336, 21460.40234375
776, -3212.201737701893, 3, 42.81867718696594, 259, 100000, 11.803892135620117, 21536.990234375
777, 2358.6000566482544, 1, 18.80680751800537, 97, 100000, 11.701905250549316, 21167.294921875
778, -2974.533257842064, 2, 23.23330020904541, 118, 100000, 11.702937126159668, 21157.947265625
779, -3545.6509477496147, 3, 37.93808388710022, 315, 100000, 11.115595817565918, 21477.994140625
780, 2367.473921954632, 1, 18.15748643875122, 83, 100000, 12.89587116241455, 20939.201171875
781, 2037.7917137742043, 1, 22.397982597351074, 293, 100000, 13.028128623962402, 21556.25
782, -5793.078786432743, 2, 16.614980697631836, 311, 100000, 12.992467880249023, 21472.30859375
783, 2272.934036999941, 1, 6.8959760665893555, 137, 100000, 12.559748649597168, 21319.0703125
784, 1373.5301979780197, 1, 19.68283772468567, 381, 100000, 12.875800132751465, 21669.01171875
785, 1685.1946923434734, 1, 17.149576663970947, 322, 100000, 11.358964920043945, 21515.91015625
786, 961.6608866006136, 1, 25.052279233932495, 468, 100000, 12.108701705932617, 21714.751953125
787, 998.8879274427891, 1, 25.497910737991333, 481, 100000, 12.774803161621094, 21757.28515625
788, 1646.4157525599003, 1, 18.71426510810852, 365, 100000, 11.537335395812988, 21625.419921875
789, 1204.4182287752628, 1, 21.025819301605225, 406, 100000, 11.32679271697998, 21465.923828125
790, 422.1831874996424, 1, 49.41521596908569, 700, 100000, 12.201742172241211, 21602.841796875
791, -3664.3273174762726, 2, 15.397279977798462, 188, 100000, 12.736105918884277, 21783.203125
792, 1483.4089700877666, 1, 37.34183168411255, 312, 100000, 12.341169357299805, 21894.734375
793, 67.70325762033463, 1, 38.05818557739258, 395, 100000, 12.587747573852539, 21824.65234375
794, -3185.3071563243866, 3, 32.91106605529785, 422, 100000, 11.474451065063477, 21788.05859375
795, 2288.502721875906, 1, 17.127782583236694, 101, 100000, 14.881983757019043, 21416.005859375
796, 2241.6267876029015, 1, 17.455620288848877, 155, 100000, 11.91670036315918, 21568.3359375
797, 2013.9000715017319, 1, 33.42737889289856, 191, 100000, 12.494428634643555, 21494.92578125
798, 2148.4397336244583, 1, 27.227882623672485, 172, 100000, 12.200732231140137, 21631.83203125
799, 1687.5407247841358, 1, 26.56608819961548, 175, 100000, 12.501702308654785, 21831.205078125
800, 779.7656516432762, 1, 52.2134792804718, 338, 100000, 11.967632293701172, 21828.443359375
801, 1527.7809302210808, 1, 40.993857860565186, 304, 100000, 12.03661823272705, 21830.798828125
802, -2750.612347006798, 2, 12.289918184280396, 67, 100000, 13.131117820739746, 21547.05078125
803, 2438.0639585852623, 1, 6.494322776794434, 49, 100000, 12.335237503051758, 20933.5546875
804, -970.591277718544, 1, 49.20095491409302, 547, 100000, 12.754122734069824, 21764.888671875
805, 1316.917338207364, 1, 45.448837757110596, 317, 100000, 12.96916389465332, 21827.1015625
806, 1414.5820013284683, 1, 21.558626413345337, 396, 100000, 12.684124946594238, 21791.603515625
807, 2165.454874575138, 1, 9.38257098197937, 180, 100000, 9.95124340057373, 21488.115234375
808, 1984.2848954200745, 1, 11.89642071723938, 242, 100000, 13.025487899780273, 21671.888671875
809, 2229.9368465542793, 1, 9.117820978164673, 179, 100000, 12.880057334899902, 21372.712890625
810, 2160.9427705705166, 1, 11.622355937957764, 221, 100000, 13.400076866149902, 21527.001953125
811, 1467.7339958250523, 1, 15.833505153656006, 308, 100000, 12.484081268310547, 21694.5859375
812, 1665.194269478321, 1, 13.929052829742432, 265, 100000, 11.82591438293457, 21590.396484375
813, 2078.807075291872, 1, 16.62747597694397, 312, 100000, 13.41775131225586, 21508.5546875
814, 1313.4118155539036, 1, 24.201435327529907, 468, 100000, 12.438021659851074, 21786.10546875
815, -3561.8602899312973, 4, 52.49964261054993, 998, 100000, 12.622974395751953, 21673.955078125
816, 2258.1574503183365, 1, 6.331949472427368, 127, 100000, 11.309999465942383, 21070.67578125
817, 1738.7358658611774, 1, 9.740292072296143, 192, 100000, 13.233631134033203, 21373.30078125
818, 866.8225311338902, 1, 33.881372928619385, 637, 100000, 12.458775520324707, 21693.8984375
819, 845.2731882929802, 1, 30.882659912109375, 577, 100000, 13.08449935913086, 21739.728515625
820, 2186.112409353256, 1, 13.027809619903564, 244, 100000, 11.938447952270508, 21616.623046875
821, 1585.894908040762, 1, 24.619842290878296, 446, 100000, 11.91070556640625, 21672.57421875
822, -4963.9895188212395, 3, 19.547253847122192, 463, 100000, 12.94871997833252, 21619.123046875
823, -4411.0962245464325, 4, 101.50718808174133, 998, 100000, 13.05221176147461, 21766.232421875
824, 2189.117915302515, 1, 10.500271558761597, 181, 100000, 11.759818077087402, 21342.888671875
825, 1786.1366040110588, 1, 12.095526218414307, 230, 100000, 11.922009468078613, 21547.22265625
826, -2582.278751015663, 2, 4.008589267730713, 69, 100000, 12.742942810058594, 21312.650390625
827, 2285.9892031550407, 1, 10.525492668151855, 167, 100000, 12.395718574523926, 21496.607421875
828, 1439.8739447891712, 1, 18.901045083999634, 329, 100000, 12.97695541381836, 21593.796875
829, -2590.1266384124756, 2, 8.413878440856934, 95, 100000, 14.492584228515625, 21098.404296875
830, 470.52126705646515, 1, 36.22307991981506, 430, 100000, 13.475115776062012, 21569.369140625
831, -4177.004103958607, 2, 25.63538694381714, 417, 100000, 13.178750991821289, 21699.294921875
832, -4677.390338361263, 4, 72.67670607566833, 998, 100000, 12.993891716003418, 21705.869140625
833, -2552.0455278754234, 2, 13.200871229171753, 177, 100000, 12.519119262695312, 21590.677734375
834, 2287.751632809639, 1, 14.293718814849854, 139, 100000, 11.315021514892578, 21391.375
835, -2677.2195250988007, 2, 13.88411545753479, 204, 100000, 13.569283485412598, 21765.169921875
836, 2095.0343758761883, 1, 17.82876682281494, 216, 100000, 13.044618606567383, 21841.99609375
837, -5219.579554975033, 2, 111.37294721603394, 694, 100000, 12.889335632324219, 21723.484375
838, -2163.249222636223, 3, 19.931801319122314, 47, 100000, 11.577432632446289, 20834.486328125
839, 2365.1751649677753, 1, 18.23715305328369, 115, 100000, 13.159625053405762, 21576.236328125
840, 2298.899494111538, 1, 13.838600158691406, 119, 100000, 13.658988952636719, 21455.94140625
841, 1789.8062425255775, 1, 32.09196472167969, 308, 100000, 12.057689666748047, 21553.84375
842, -2653.682290315628, 3, 8.357092142105103, 97, 100000, 13.37878704071045, 21413.935546875
843, 2326.6236703395844, 1, 12.548866510391235, 127, 100000, 12.386012077331543, 21469.83984375
844, 1370.1311060488224, 1, 28.02901339530945, 275, 100000, 13.46010971069336, 21506.134765625
845, 1034.9389908909798, 1, 31.4627366065979, 309, 100000, 14.380147933959961, 21726.685546875
846, -2162.6965695619583, 3, 3.4882516860961914, 31, 100000, 12.525120735168457, 20585.384765625
847, 2297.629392385483, 1, 12.055802822113037, 132, 100000, 14.316438674926758, 21313.412109375
848, 1973.7705944478512, 1, 29.828282117843628, 271, 100000, 12.086249351501465, 21571.384765625
849, 406.91927590966225, 1, 65.79890370368958, 595, 100000, 14.112255096435547, 21805.7734375
850, -2669.9734909534454, 3, 25.151371240615845, 229, 100000, 13.338611602783203, 21533.080078125
851, 2339.820271462202, 1, 8.543441772460938, 77, 100000, 12.685446739196777, 21313.560546875
852, 2136.118089169264, 1, 20.451144695281982, 209, 100000, 12.691726684570312, 21450.7109375
853, 1872.2408224344254, 1, 23.673396825790405, 198, 100000, 14.338353157043457, 21689.73046875
854, 1762.7707484960556, 1, 19.75385093688965, 366, 100000, 13.479573249816895, 21630.880859375
855, -6040.457923531532, 3, 34.06244421005249, 801, 100000, 13.309309005737305, 21903.900390625
856, 1409.9612973928452, 1, 14.535620212554932, 353, 100000, 13.720605850219727, 21760.01171875
857, 1759.2744182944298, 1, 18.643802404403687, 440, 100000, 12.126091003417969, 21733.744140625
858, -3900.0707279145718, 4, 43.07510280609131, 998, 100000, 13.274771690368652, 21911.8046875
859, 2395.1140564084053, 1, 4.322406530380249, 108, 100000, 14.066205978393555, 21257.998046875
860, -377.0971181690693, 1, 28.80743718147278, 678, 100000, 13.240671157836914, 21884.41796875
861, -3001.7987756729126, 2, 3.7680022716522217, 95, 100000, 13.825826644897461, 21653.396484375
862, 2214.667628467083, 1, 6.888713598251343, 171, 100000, 14.363780975341797, 21813.5078125
863, 2127.907993853092, 1, 9.151984691619873, 221, 100000, 13.812699317932129, 21892.294921875
864, 1073.5990525484085, 1, 24.39813470840454, 576, 100000, 12.263920783996582, 21926.96484375
865, 833.0762578845024, 1, 27.865434169769287, 656, 100000, 12.937399864196777, 21665.33984375
866, 1276.3078503608704, 1, 17.311764240264893, 413, 100000, 12.605013847351074, 21609.34375
867, -5235.52009254694, 4, 42.59602165222168, 998, 100000, 13.496603012084961, 21646.548828125
868, 1589.13359862566, 1, 18.596834182739258, 446, 100000, 12.37878131866455, 21647.287109375
869, -1.9556598663330078, 1, 38.696531772613525, 905, 100000, 12.842965126037598, 21638.703125
870, 439.57624900341034, 1, 30.385510206222534, 715, 100000, 13.342320442199707, 21590.626953125
871, 778.0649305582047, 1, 21.196887731552124, 508, 100000, 12.626585006713867, 21560.69140625
872, 1722.2404137849808, 1, 19.294745445251465, 448, 100000, 13.310197830200195, 21615.376953125
873, -5254.385888814926, 2, 29.031641483306885, 688, 100000, 12.508039474487305, 21563.5
874, -4206.692569822073, 4, 43.834338426589966, 998, 100000, 12.775444030761719, 21696.55859375
875, 2262.8935247808695, 1, 9.263015985488892, 232, 100000, 14.771973609924316, 21744.673828125
876, -8629.876081347466, 4, 42.67536211013794, 998, 100000, 12.788697242736816, 21726.27734375
877, 1885.2596698403358, 1, 9.985231161117554, 235, 100000, 12.148236274719238, 21787.474609375
878, -6854.681936740875, 2, 35.16916227340698, 814, 100000, 12.57858943939209, 21720.11328125
879, 2142.2021414637566, 1, 6.983508110046387, 172, 100000, 11.872467994689941, 21400.01953125
880, 2186.6974889338017, 1, 7.862587213516235, 197, 100000, 13.874712944030762, 21565.568359375
881, 684.3534397780895, 1, 20.176045894622803, 486, 100000, 12.710490226745605, 21821.486328125
882, -3145.8752549290657, 4, 42.7646381855011, 998, 100000, 12.884603500366211, 21571.37109375
883, 55.77410930395126, 1, 30.989264488220215, 731, 100000, 13.270785331726074, 21332.521484375
884, 385.9365994185209, 1, 30.05638861656189, 715, 100000, 12.40335464477539, 21448.25390625
885, 1739.874107927084, 1, 19.00124979019165, 435, 100000, 12.821566581726074, 21209.0546875
886, -6092.6155614852905, 4, 57.572842836380005, 998, 100000, 12.580024719238281, 21306.78515625
887, 2329.3103824555874, 1, 12.974033832550049, 132, 100000, 11.44182014465332, 21254.068359375
888, 1663.259469166398, 1, 24.93734574317932, 243, 100000, 12.961620330810547, 21246.185546875
889, -2529.0694971084595, 3, 11.697654724121094, 132, 100000, 12.827742576599121, 21157.703125
890, 1989.2648838758469, 1, 17.93773865699768, 187, 100000, 13.917845726013184, 21066.26953125
891, 1959.9329388141632, 1, 32.75820207595825, 314, 100000, 13.398090362548828, 21306.55859375
892, 2148.018537133932, 1, 27.63857388496399, 219, 100000, 12.539645195007324, 21306.482421875
893, 2134.9999970793724, 1, 14.729168891906738, 112, 100000, 13.30828857421875, 20990.15625
894, 1750.9337244331837, 1, 26.360552549362183, 213, 100000, 12.424239158630371, 21253.625
895, 2255.770974457264, 1, 15.949045658111572, 135, 100000, 14.583789825439453, 21252.05859375
896, -2998.5484605431557, 4, 123.27903771400452, 998, 100000, 13.483073234558105, 21355.52734375
897, 1630.2955252826214, 1, 22.793010711669922, 178, 100000, 12.62740707397461, 21095.177734375
898, 1652.6814706027508, 1, 37.182796239852905, 292, 100000, 13.595436096191406, 21323.646484375
899, -2479.7534898221493, 3, 28.692797660827637, 225, 100000, 13.577653884887695, 21001.16015625
900, 2459.2299865484238, 1, 5.6908793449401855, 47, 100000, 12.135824203491211, 20253.615234375
901, -4469.065430745482, 4, 77.0012423992157, 998, 100000, 13.493420600891113, 21294.94921875
902, 2022.3617602586746, 1, 14.36681604385376, 347, 100000, 12.581555366516113, 21267.880859375
903, -1037.6062004864216, 1, 39.175206422805786, 893, 100000, 12.480790138244629, 21227.83203125
904, -2711.401554584503, 2, 2.8591227531433105, 74, 100000, 12.790900230407715, 20639.181640625
905, -2736.7969329357147, 4, 44.187012672424316, 998, 100000, 12.798190116882324, 21397.1328125
906, -4029.7076045274734, 2, 11.997666835784912, 296, 100000, 12.212753295898438, 21368.435546875
907, 2090.996466100216, 1, 7.598954439163208, 190, 100000, 13.126168251037598, 21301.51171875
908, 1396.0781557112932, 1, 24.60805058479309, 562, 100000, 12.858076095581055, 21292.701171875
909, 751.7248522788286, 1, 24.68184542655945, 583, 100000, 13.321892738342285, 21313.619140625
910, -3862.9906141757965, 2, 22.1164813041687, 510, 100000, 12.504537582397461, 21319.14453125
911, 2111.2638418078423, 1, 10.622789859771729, 260, 100000, 12.4972505569458, 20967.7109375
912, 2092.7004045546055, 1, 10.663151979446411, 252, 100000, 12.362384796142578, 21254.326171875
913, -4564.781695723534, 2, 26.952964305877686, 635, 100000, 13.256937026977539, 21333.353515625
914, -2716.92040681839, 4, 42.668389558792114, 998, 100000, 12.834083557128906, 21312.041015625
915, 1693.5629681050777, 1, 16.60967230796814, 335, 100000, 12.183568954467773, 21313.6171875
916, 2195.19952391088, 1, 13.198808193206787, 244, 100000, 13.661334991455078, 21113.822265625
917, 1142.031156361103, 1, 27.377565383911133, 259, 100000, 11.752754211425781, 21207.8359375
918, 2079.6514767706394, 1, 20.640647411346436, 171, 100000, 13.738675117492676, 21277.634765625
919, 1569.8108060956001, 1, 39.21561551094055, 219, 100000, 11.10647201538086, 21017.99609375
920, 2093.6262658834457, 1, 33.05862522125244, 195, 100000, 12.684785842895508, 20950.880859375
921, -3951.878557384014, 2, 59.3821017742157, 437, 100000, 12.754880905151367, 21167.203125
922, 2170.29953622818, 1, 21.605894804000854, 144, 100000, 12.963403701782227, 21055.849609375
923, 1213.7022384405136, 1, 40.193264961242676, 266, 100000, 13.208785057067871, 21229.974609375
924, 2235.6914992928505, 1, 25.733462810516357, 168, 100000, 11.964221000671387, 21284.84765625
925, -3077.910755634308, 3, 45.194074392318726, 332, 100000, 12.454182624816895, 21343.923828125
926, 1361.8768304288387, 1, 56.964152336120605, 373, 100000, 13.169443130493164, 21346.388671875
927, -2867.5360033512115, 3, 20.05780529975891, 158, 100000, 13.573809623718262, 21367.169921875
928, 741.3412776589394, 1, 38.252201318740845, 413, 100000, 12.842275619506836, 21495.19140625
929, 1293.7212047576904, 1, 22.31872248649597, 351, 100000, 13.329083442687988, 21328.876953125
930, 680.9959612190723, 1, 33.524643421173096, 618, 100000, 13.0172700881958, 21464.935546875
931, 1983.9468740522861, 1, 13.302568435668945, 257, 100000, 12.93215274810791, 21285.30078125
932, 1734.5217860937119, 1, 13.99842357635498, 261, 100000, 13.983087539672852, 21383.55078125
933, 2085.5676397681236, 1, 12.828306436538696, 237, 100000, 13.324569702148438, 21236.482421875
934, 2063.189209282398, 1, 16.254547357559204, 312, 100000, 12.498248100280762, 21208.6640625
935, 369.66189105808735, 1, 24.485033750534058, 449, 100000, 12.884248733520508, 21263.279296875
936, 2067.1791919469833, 1, 11.356150388717651, 223, 100000, 12.760690689086914, 21249.890625
937, 1885.685045182705, 1, 19.16158366203308, 355, 100000, 12.871682167053223, 21225.244140625
938, -2623.198634803295, 4, 53.70197081565857, 998, 100000, 12.981364250183105, 21330.4140625
939, 1601.031091094017, 1, 20.06987690925598, 390, 100000, 13.572653770446777, 21203.04296875
940, 1950.8434218466282, 1, 18.09765863418579, 342, 100000, 13.105572700500488, 21152.09765625
941, 2090.7595307826996, 1, 11.35352897644043, 210, 100000, 12.755128860473633, 21282.66015625
942, 1586.4575958251953, 1, 22.051546096801758, 407, 100000, 13.1282958984375, 21328.998046875
943, 1764.5917501449585, 1, 25.945379734039307, 459, 100000, 12.97182846069336, 21339.677734375
944, -2417.145962834358, 2, 4.401046991348267, 85, 100000, 11.768709182739258, 20715.3671875
945, -2541.916667342186, 2, 9.842624187469482, 193, 100000, 12.340126037597656, 21114.458984375
946, 933.9409200847149, 1, 31.953237056732178, 585, 100000, 12.537915229797363, 21228.888671875
947, 1518.2940738797188, 1, 12.481224536895752, 250, 100000, 13.325197219848633, 21115.58203125
948, 2123.4507799595594, 1, 14.85465669631958, 277, 100000, 13.360478401184082, 21275.943359375
949, -2734.161508977413, 2, 13.491902589797974, 263, 100000, 13.75667953491211, 21098.33984375
950, 2155.667553961277, 1, 11.117562294006348, 206, 100000, 12.685550689697266, 21015.2890625
951, 92.50215494632721, 1, 37.32823991775513, 669, 100000, 13.679586410522461, 21279.970703125
952, 1946.5676422715187, 1, 42.85378384590149, 238, 100000, 13.949915885925293, 21143.6015625
953, 1384.633149370551, 1, 47.31966757774353, 350, 100000, 11.927504539489746, 21241.7421875
954, 1764.3215559720993, 1, 30.223013877868652, 358, 100000, 11.972434043884277, 21101.76171875
955, 1873.960520297289, 1, 23.36089849472046, 246, 100000, 12.030404090881348, 21014.91796875
956, 2068.3417387008667, 1, 14.219334840774536, 235, 100000, 14.306958198547363, 20957.8984375
957, 1773.092291533947, 1, 31.604641914367676, 235, 100000, 12.711075782775879, 21039.478515625
958, 2217.4436708390713, 1, 18.925780534744263, 137, 100000, 11.638197898864746, 20720.64453125
959, -4870.669915735722, 2, 27.582157373428345, 451, 100000, 12.781672477722168, 21100.22265625
960, 2159.7986634522676, 1, 15.026555299758911, 257, 100000, 12.690407752990723, 20903.482421875
961, 289.45110484957695, 1, 43.78427290916443, 503, 100000, 12.74448299407959, 21144.384765625
962, 1872.317433834076, 1, 23.13293433189392, 321, 100000, 13.062358856201172, 20832.619140625
963, 2088.2567559480667, 1, 24.239376306533813, 236, 100000, 12.773141860961914, 20746.04296875
964, -4240.662847518921, 2, 22.404268264770508, 292, 100000, 13.220619201660156, 20928.390625
965, 2235.603583276272, 1, 12.541778564453125, 176, 100000, 13.220235824584961, 20976.033203125
966, 1609.8710593730211, 1, 32.43387031555176, 516, 100000, 12.666500091552734, 20869.4765625
967, 1850.2274031043053, 1, 15.051868438720703, 240, 100000, 11.239415168762207, 20887.427734375
968, 1345.1489674448967, 1, 34.27853798866272, 464, 100000, 13.315207481384277, 20992.861328125
969, 919.7635300159454, 1, 25.818440198898315, 408, 100000, 14.051578521728516, 20919.724609375
970, 2225.8843269348145, 1, 8.389869928359985, 134, 100000, 14.76891040802002, 20783.283203125
971, 1353.8980431556702, 1, 27.78829550743103, 404, 100000, 12.574087142944336, 20968.720703125
972, -621.1994286179543, 1, 63.90518927574158, 623, 100000, 12.219027519226074, 20951.25390625
973, 65.61985456943512, 1, 30.695838928222656, 474, 100000, 12.892765045166016, 20793.6875
974, -1211.7517538964748, 1, 56.2274329662323, 742, 100000, 13.166753768920898, 20878.224609375
975, 1852.7919491529465, 1, 23.476463794708252, 327, 100000, 13.926802635192871, 20830.890625
976, -3151.3966175615788, 3, 37.87031269073486, 326, 100000, 12.609024047851562, 20842.7734375
977, 2169.494363576174, 1, 18.308845043182373, 238, 100000, 11.587224960327148, 20638.91015625
978, 969.7698942124844, 1, 28.76550579071045, 441, 100000, 12.400321006774902, 20778.181640625
979, -3321.721209257841, 3, 22.2913339138031, 371, 100000, 12.204649925231934, 20787.17578125
980, 2057.0278587043285, 1, 16.013087511062622, 250, 100000, 12.881475448608398, 20647.537109375
981, -3421.5093398690224, 2, 28.594921350479126, 471, 100000, 13.249521255493164, 20687.453125
982, 978.2847534716129, 1, 18.02055835723877, 283, 100000, 12.667259216308594, 20654.388671875
983, 1209.0306369364262, 1, 24.802393674850464, 432, 100000, 13.267525672912598, 20767.83984375
984, 1876.2815909087658, 1, 21.582462310791016, 343, 100000, 12.741448402404785, 20750.212890625
985, -1155.9797038435936, 1, 45.42891240119934, 773, 100000, 12.932589530944824, 20592.939453125
986, 1929.8403913080692, 1, 16.610935926437378, 293, 100000, 12.325035095214844, 20578.45703125
987, -5536.231730043888, 2, 35.544984102249146, 631, 100000, 13.257442474365234, 20681.3828125
988, 1898.8093231022358, 1, 14.391922235488892, 255, 100000, 13.198566436767578, 20538.521484375
989, 1895.2756410837173, 1, 21.554599285125732, 326, 100000, 12.811820030212402, 20604.8828125
990, 1664.1683539152145, 1, 25.863747596740723, 375, 100000, 13.008852005004883, 20631.501953125
991, -3737.274150967598, 2, 11.162973165512085, 193, 100000, 13.372262954711914, 20581.625
992, 2277.0258889496326, 1, 12.58160662651062, 153, 100000, 13.439175605773926, 20451.751953125
993, 2001.2618412971497, 1, 13.615273237228394, 229, 100000, 14.384713172912598, 20624.529296875
994, 1629.7175059318542, 1, 20.985585927963257, 331, 100000, 13.535271644592285, 20713.8046875
995, 2108.486114695668, 1, 17.139556646347046, 294, 100000, 13.737222671508789, 20688.423828125
996, 2133.8932980298996, 1, 15.63093113899231, 221, 100000, 11.684443473815918, 20348.158203125
997, -2381.491392493248, 3, 7.9133460521698, 114, 100000, 12.967255592346191, 20559.66015625
998, -2704.444512963295, 2, 10.433384895324707, 177, 100000, 11.73170280456543, 20544.80859375
999, 2298.042937517166, 1, 6.734653949737549, 99, 100000, 12.414353370666504, 20337.294921875
1000, 2168.9098593592644, 1, 24.13508176803589, 194, 100000, 13.548449516296387, 20502.412109375
