episode, reward, success, duration, n_steps, epsilon, success_count, memory length, avg_critic_loss, avg_actor_loss
801, 7994.953102827072, True, 0.0186002254486084, 4, 0.44959874735743227, 0, 3, 0.0, 0.0
802, 8215.275092720054, True, 10.96474289894104, 281, 0.44959874735743227, 0, 283, 24.907182693481445, -7557.02294921875
803, -8096.427576518618, False, 7.378334045410156, 113, 0.44959874735743227, 0, 395, 44.84600067138672, 1508.9302978515625
804, -6950.571342624724, False, 13.876254081726074, 205, 0.44959874735743227, 0, 599, 56.01223373413086, 18420.021484375
805, 8082.477560639381, True, 6.645142078399658, 99, 0.44959874735743227, 0, 697, 58.55153274536133, 10664.90625
806, -7282.453833818436, False, 3.4515321254730225, 54, 0.44959874735743227, 0, 750, 52.73142623901367, 7970.19970703125
807, 7775.18109254539, True, 18.6854727268219, 258, 0.44959874735743227, 0, 1007, 58.694942474365234, 7930.55517578125
808, -7527.558733228594, False, 27.594423532485962, 365, 0.44959874735743227, 0, 1371, 51.568016052246094, 4938.09033203125
809, 7955.248863772606, True, 13.378583669662476, 188, 0.44959874735743227, 0, 1558, 61.63313293457031, 3607.390625
810, -8953.236921542615, False, 80.15871524810791, 1142, 0.44959874735743227, 0, 2699, 42.94844055175781, 1077.569091796875
811, 8079.302108740434, True, 6.773036479949951, 96, 0.44959874735743227, 0, 2794, 35.937225341796875, 477.0962829589844
812, -7444.406917646527, False, 3.6973493099212646, 54, 0.44959874735743227, 0, 2847, 33.69019317626953, -381.77935791015625
813, -7324.055226037744, False, 30.84720778465271, 451, 0.44959874735743227, 0, 3297, 38.09382629394531, 955.9585571289062
814, 7492.102399951313, True, 21.712888479232788, 317, 0.44959874735743227, 0, 3613, 35.64601135253906, 1189.474609375
815, 7141.7512595555745, True, 26.518019914627075, 371, 0.44959874735743227, 0, 3983, 41.071861267089844, 2635.900146484375
816, 5963.734276229577, True, 72.2847969532013, 1040, 0.44959874735743227, 0, 5022, 40.62984848022461, 2421.0732421875
817, 8283.186811815947, True, 15.57183837890625, 222, 0.44959874735743227, 0, 5243, 40.71213912963867, 2484.849365234375
818, -7219.993018305278, False, 5.839584112167358, 85, 0.44959874735743227, 0, 5327, 38.09236526489258, 1255.5955810546875
819, 8170.854958241805, True, 10.109484434127808, 143, 0.44959874735743227, 0, 5469, 40.6317253112793, 2080.432861328125
820, 7852.542673974065, True, 37.434059619903564, 542, 0.44959874735743227, 0, 6010, 41.617393493652344, 968.0831298828125
821, 8177.030564419925, True, 22.550844192504883, 323, 0.44959874735743227, 0, 6332, 42.8830451965332, 260.79443359375
822, -7365.4475484779105, False, 11.872254848480225, 166, 0.44959874735743227, 0, 6497, 45.928306579589844, -823.6121826171875
823, -7071.562370951753, False, 9.463622093200684, 136, 0.44959874735743227, 0, 6632, 47.01264190673828, -311.4709167480469
824, 8173.4738231079245, True, 11.299714803695679, 161, 0.44959874735743227, 0, 6792, 44.424102783203125, -505.9075622558594
825, 8032.7724528145045, True, 19.70768928527832, 293, 0.44959874735743227, 0, 7084, 42.43330383300781, -1147.5853271484375
826, 8318.036581367254, True, 12.577974319458008, 200, 0.44959874735743227, 0, 7283, 44.37508773803711, -2034.5926513671875
827, 7229.6239168872125, True, 21.544577836990356, 322, 0.44959874735743227, 0, 7604, 43.40760803222656, -2024.0262451171875
828, -7128.475154161453, False, 0.47168731689453125, 8, 0.44959874735743227, 0, 7611, 33.38404846191406, -4398.63916015625
829, 8091.879280172288, True, 23.7169406414032, 342, 0.44959874735743227, 0, 7952, 42.882408142089844, -2346.6865234375
830, 7707.417020309251, True, 33.50469923019409, 478, 0.44959874735743227, 0, 8429, 42.9495735168457, -3188.4990234375
831, 8197.767893245444, True, 13.271154642105103, 187, 0.44959874735743227, 0, 8615, 40.572452545166016, -4167.4775390625
832, 8004.385532008484, True, 11.669563293457031, 167, 0.44959874735743227, 0, 8781, 43.39482498168945, -4363.04833984375
833, -7270.871830709279, False, 1.3295464515686035, 20, 0.44959874735743227, 0, 8800, 51.34075164794922, -3730.95703125
834, -7614.079957871698, False, 16.491260766983032, 235, 0.44959874735743227, 0, 9034, 46.15388488769531, -3692.998291015625
835, 8002.157239072025, True, 7.448674917221069, 106, 0.44959874735743227, 0, 9139, 40.804473876953125, -4642.2890625
836, 8240.952030532062, True, 17.866873025894165, 251, 0.44959874735743227, 0, 9389, 49.5198974609375, -4203.4609375
837, -10112.87387466681, False, 64.38113760948181, 914, 0.44959874735743227, 0, 10302, 45.51741409301758, -4384.3125
838, 8084.129510506988, True, 6.973736524581909, 93, 0.44959874735743227, 0, 10394, 42.84511947631836, -3075.3134765625
839, 8174.2543887969805, True, 17.24332904815674, 205, 0.44959874735743227, 0, 10598, 45.02550506591797, -3533.95703125
840, -7531.805951472372, False, 13.202904224395752, 114, 0.44959874735743227, 0, 10711, 42.451210021972656, -4286.7060546875
841, -7128.073428124189, False, 10.850527048110962, 117, 0.44959874735743227, 0, 10827, 36.321434020996094, -3612.342041015625
842, 7717.746587106027, True, 22.67008352279663, 286, 0.44959874735743227, 0, 11112, 48.77350997924805, -3975.785400390625
843, -7039.661254069768, False, 11.57162594795227, 147, 0.44959874735743227, 0, 11258, 47.14232635498047, -3712.23095703125
844, 7975.1718872487545, True, 20.499743700027466, 256, 0.44959874735743227, 0, 11513, 46.811187744140625, -4182.28173828125
845, 7774.382390990853, True, 18.589610815048218, 243, 0.44959874735743227, 0, 11755, 43.64520263671875, -4893.595703125
846, 8316.350708273705, True, 22.156058311462402, 279, 0.44959874735743227, 0, 12033, 43.99565505981445, -5212.65576171875
847, -7532.381157568074, False, 30.646740436553955, 401, 0.44959874735743227, 0, 12433, 45.307525634765625, -5658.3876953125
848, -6869.802206255496, False, 9.736123323440552, 124, 0.44959874735743227, 0, 12556, 43.25145721435547, -5975.498046875
849, -8098.984370840713, False, 34.278753995895386, 437, 0.44959874735743227, 0, 12992, 44.040687561035156, -6071.7119140625
850, 8121.995268845931, True, 26.284263372421265, 340, 0.44959874735743227, 0, 13331, 48.251930236816406, -6246.779296875
851, 8083.3624877547845, True, 14.18589997291565, 182, 0.44959874735743227, 0, 13512, 45.30885314941406, -6125.39697265625
852, 8111.104729803279, True, 13.724576950073242, 169, 0.44959874735743227, 0, 13680, 42.183555603027344, -6342.99169921875
853, -6847.424733423628, False, 18.199241638183594, 230, 0.44959874735743227, 0, 13909, 43.634925842285156, -6771.26806640625
854, 7552.942949775606, True, 18.394977807998657, 236, 0.44959874735743227, 0, 14144, 47.64133834838867, -6805.0
855, -7045.294805681333, False, 16.100764513015747, 208, 0.44959874735743227, 0, 14351, 44.54108428955078, -6746.91650390625
856, 8071.84708151035, True, 6.429360628128052, 81, 0.44959874735743227, 0, 14431, 47.080833435058594, -6368.83447265625
857, 7627.095375904813, True, 11.968825340270996, 150, 0.44959874735743227, 0, 14580, 47.37363815307617, -7176.84814453125
858, 7748.394170582411, True, 29.502501726150513, 381, 0.44959874735743227, 0, 14960, 46.99298095703125, -6923.8662109375
859, 7796.484953170642, True, 22.522737741470337, 298, 0.44959874735743227, 0, 15257, 49.621925354003906, -7386.6318359375
860, 7814.549557733466, True, 24.92436933517456, 316, 0.44959874735743227, 0, 15572, 43.78657913208008, -7901.150390625
861, 3106.116601205431, True, 129.63708686828613, 1712, 0.44959874735743227, 0, 17283, 45.105430603027344, -8157.41455078125
862, -7705.6749793939525, False, 35.46303105354309, 452, 0.44959874735743227, 0, 17734, 44.260719299316406, -8146.212890625
863, 8039.339926520595, True, 12.834849119186401, 166, 0.44959874735743227, 0, 17899, 38.070037841796875, -8556.048828125
864, 7624.109941332659, True, 17.961935997009277, 234, 0.44959874735743227, 0, 18132, 37.16740798950195, -8344.1962890625
865, -7229.641930103302, False, 1.6335420608520508, 24, 0.44959874735743227, 0, 18155, 55.496883392333984, -8563.9794921875
866, 8143.150787103921, True, 10.84230637550354, 143, 0.44959874735743227, 0, 18297, 44.416160583496094, -8443.01171875
867, -7294.113156795502, False, 5.784986972808838, 74, 0.44959874735743227, 0, 18370, 42.25103759765625, -8786.75390625
868, -6957.81270557642, False, 9.513537645339966, 127, 0.44959874735743227, 0, 18496, 46.91377639770508, -8553.173828125
869, 8047.362330421805, True, 6.618324041366577, 89, 0.44959874735743227, 0, 18584, 48.80874252319336, -8823.8662109375
870, -8115.06263673678, False, 9.88705587387085, 130, 0.44959874735743227, 0, 18713, 42.99522018432617, -8810.90625
871, -6927.289058215916, False, 9.68556833267212, 125, 0.44959874735743227, 0, 18837, 51.48067092895508, -8751.212890625
872, 7811.826663745567, True, 18.39919114112854, 249, 0.44959874735743227, 0, 19085, 39.09516906738281, -8870.3486328125
873, 7940.756711351802, True, 27.27316403388977, 366, 0.44959874735743227, 0, 19450, 44.43288040161133, -9524.7900390625
874, -7085.431042955257, False, 22.13355588912964, 283, 0.44959874735743227, 0, 19732, 43.1269645690918, -9879.8701171875
875, 7830.556221716106, True, 11.819056510925293, 159, 0.44959874735743227, 0, 19890, 48.720481872558594, -10175.0185546875
876, 5523.253368264064, True, 39.135496616363525, 523, 0.44959874735743227, 0, 20412, 43.29540252685547, -9809.4404296875
877, 7477.347119277343, True, 28.65595817565918, 376, 0.44959874735743227, 0, 20787, 43.32295227050781, -9982.5234375
878, 8356.17654761672, True, 20.36950421333313, 267, 0.44959874735743227, 0, 21053, 43.658870697021484, -9935.8876953125
879, 8088.9608522949275, True, 12.87969183921814, 166, 0.44959874735743227, 0, 21218, 45.94266891479492, -10519.63671875
880, -7376.431486931862, False, 3.8655929565429688, 49, 0.44959874735743227, 0, 21266, 49.59013748168945, -10833.728515625
881, 7778.003730543889, True, 14.374408483505249, 188, 0.44959874735743227, 0, 21453, 38.12766647338867, -10590.9814453125
882, 8234.712232023478, True, 25.502229690551758, 342, 0.44959874735743227, 0, 21794, 40.08380126953125, -10748.5859375
883, -7286.224183566868, False, 5.505448579788208, 70, 0.44959874735743227, 0, 21863, 43.53970718383789, -10450.7529296875
884, 8167.46050291881, True, 10.111452579498291, 134, 0.44959874735743227, 0, 21996, 39.74304962158203, -10402.4521484375
885, -7174.660467453301, False, 6.909966230392456, 95, 0.44959874735743227, 0, 22090, 52.129390716552734, -10096.7587890625
886, 6598.820509061217, True, 16.31188464164734, 216, 0.44959874735743227, 0, 22305, 44.59690856933594, -10958.033203125
887, 8063.865296654403, True, 16.983830451965332, 232, 0.44959874735743227, 0, 22536, 36.734405517578125, -11447.763671875
888, 8199.361670578597, True, 31.71221137046814, 493, 0.44959874735743227, 0, 23028, 42.743499755859375, -11406.087890625
889, -7149.309686955996, False, 11.696837186813354, 284, 0.44959874735743227, 0, 23311, 38.64501953125, -11529.3994140625
890, 7941.0865363925695, True, 12.699003458023071, 290, 0.44959874735743227, 0, 23600, 42.15079879760742, -11700.2265625
891, 8449.710165404249, True, 22.84085726737976, 529, 0.44959874735743227, 0, 24128, 39.02730941772461, -11947.6796875
892, -7169.743239738047, False, 9.260701179504395, 222, 0.44959874735743227, 0, 24349, 44.95218276977539, -12185.154296875
893, 7941.8530912711285, True, 13.67705774307251, 315, 0.44959874735743227, 0, 24663, 40.508113861083984, -12097.3154296875
894, -15162.67440520972, False, 55.4125452041626, 1260, 0.44959874735743227, 0, 25922, 39.67437744140625, -12564.2646484375
895, 8290.337536272593, True, 9.981990814208984, 239, 0.44959874735743227, 0, 26160, 42.67402267456055, -11871.0185546875
896, 8260.90181808034, True, 24.300527334213257, 558, 0.44959874735743227, 0, 26717, 40.214454650878906, -11883.4619140625
897, -7093.440003668889, False, 13.587604761123657, 315, 0.44959874735743227, 0, 27031, 39.49165725708008, -12037.6708984375
898, -6926.3357907217, False, 10.791159629821777, 253, 0.44959874735743227, 0, 27283, 37.51131820678711, -12696.66796875
899, 7106.984928227961, True, 15.521527290344238, 363, 0.44959874735743227, 0, 27645, 38.491031646728516, -12728.1611328125
900, 8558.182446384337, True, 18.256659507751465, 422, 0.44959874735743227, 0, 28066, 36.218074798583984, -12782.3671875
901, -7196.699140324257, False, 3.6624505519866943, 88, 0.44959874735743227, 0, 28153, 30.77149772644043, -13168.8125
902, 7605.0001306091435, True, 11.216256856918335, 265, 0.44959874735743227, 0, 28417, 35.98262405395508, -13085.181640625
903, 6157.548035424203, True, 22.526296854019165, 522, 0.44959874735743227, 0, 28938, 38.3966064453125, -12844.15625
904, -7233.547173131257, False, 2.586848258972168, 62, 0.44959874735743227, 0, 28999, 38.83537292480469, -12260.150390625
905, 8097.185983538628, True, 7.862108469009399, 185, 0.44959874735743227, 0, 29183, 34.964630126953125, -12562.279296875
906, 7551.979641463608, True, 21.944395303726196, 509, 0.44959874735743227, 0, 29691, 39.872718811035156, -12725.6923828125
907, 8325.565804980695, True, 25.919628858566284, 599, 0.44959874735743227, 0, 30289, 41.73530578613281, -12889.3623046875
908, 8761.743198575452, True, 30.205037355422974, 704, 0.44959874735743227, 0, 30992, 38.66251754760742, -13406.57421875
909, -7107.790371688927, False, 1.9927263259887695, 50, 0.44959874735743227, 0, 31041, 30.329856872558594, -13384.59375
910, -6846.390881951898, False, 9.082359075546265, 218, 0.44959874735743227, 0, 31258, 33.23250198364258, -13456.3876953125
911, 8416.300197929144, True, 16.74971890449524, 397, 0.44959874735743227, 0, 31654, 41.58189392089844, -13535.568359375
912, 8241.43851723941, True, 13.242910861968994, 319, 0.44959874735743227, 0, 31972, 36.94308853149414, -13782.6943359375
913, 8100.606216311455, True, 22.109654664993286, 493, 0.44959874735743227, 0, 32464, 36.68240737915039, -13706.87890625
914, -7649.864608176053, False, 4.751386642456055, 116, 0.44959874735743227, 0, 32579, 34.90266418457031, -14120.4189453125
915, 8294.426322430372, True, 9.449885129928589, 223, 0.44959874735743227, 0, 32801, 36.105674743652344, -13751.380859375
916, 8621.366329751443, True, 23.902631759643555, 557, 0.44959874735743227, 0, 33357, 35.15336227416992, -14233.6845703125
917, -7207.473589878064, False, 13.606374263763428, 328, 0.44959874735743227, 0, 33684, 34.678314208984375, -13914.5380859375
918, 8349.889378082007, True, 8.93729829788208, 210, 0.44959874735743227, 0, 33893, 32.68752670288086, -14003.9658203125
919, -8700.027995992452, False, 24.261991024017334, 566, 0.44959874735743227, 0, 34458, 38.74929428100586, -13952.837890625
920, 7857.434709507506, True, 15.883333206176758, 377, 0.44959874735743227, 0, 34834, 39.46800994873047, -14004.953125
921, 7796.981925142929, True, 25.62298274040222, 601, 0.44959874735743227, 0, 35434, 38.415077209472656, -14110.0732421875
922, 7884.356924849562, True, 18.134502172470093, 421, 0.44959874735743227, 0, 35854, 37.521728515625, -14221.73046875
923, 8301.500681776553, True, 16.99277687072754, 401, 0.44959874735743227, 0, 36254, 32.62934112548828, -14420.037109375
924, -7392.367702513933, False, 7.060851335525513, 173, 0.44959874735743227, 0, 36426, 30.780527114868164, -14194.849609375
925, -7141.011954050278, False, 11.513054370880127, 268, 0.44959874735743227, 0, 36693, 36.163238525390625, -14337.40234375
926, 8315.008229710162, True, 9.197654962539673, 218, 0.44959874735743227, 0, 36910, 39.84975814819336, -14490.1328125
927, 7881.240493632853, True, 27.828145027160645, 645, 0.44959874735743227, 0, 37554, 36.94345474243164, -14779.013671875
928, 8093.95350832073, True, 12.570141315460205, 300, 0.44959874735743227, 0, 37853, 36.181602478027344, -14540.40625
929, 7735.861051600426, True, 13.709858417510986, 322, 0.44959874735743227, 0, 38174, 35.88883972167969, -14467.2392578125
930, -7544.738383576507, False, 8.159524202346802, 194, 0.44959874735743227, 0, 38367, 32.77987289428711, -14274.689453125
931, 8107.269605495094, True, 12.22335147857666, 284, 0.44959874735743227, 0, 38650, 36.42359161376953, -14361.7529296875
932, 2491.716274515493, True, 58.50651264190674, 1347, 0.44959874735743227, 0, 39996, 35.11711502075195, -14530.46484375
933, -7198.196572808549, False, 19.180285215377808, 450, 0.44959874735743227, 0, 40445, 34.025760650634766, -14616.4404296875
934, 8324.986175168306, True, 11.057756423950195, 260, 0.44959874735743227, 0, 40704, 32.85239028930664, -14471.8037109375
935, 6929.831673542038, True, 20.279870986938477, 466, 0.44959874735743227, 0, 41169, 37.255775451660156, -14411.015625
936, -7281.885003977921, False, 6.519494295120239, 150, 0.44959874735743227, 0, 41318, 31.74747657775879, -14205.203125
937, 8121.4597104899585, True, 7.465332984924316, 174, 0.44959874735743227, 0, 41491, 35.02997589111328, -15022.8115234375
938, 7925.228335559368, True, 18.4340341091156, 426, 0.44959874735743227, 0, 41916, 35.215721130371094, -14537.21875
939, 7866.54304234311, True, 25.62525177001953, 600, 0.44959874735743227, 0, 42515, 36.3572883605957, -14506.8798828125
940, -8326.174031484872, False, 6.155895948410034, 150, 0.44959874735743227, 0, 42664, 33.364097595214844, -14452.919921875
941, 8143.2678494031425, True, 6.808800220489502, 161, 0.44959874735743227, 0, 42824, 36.77381896972656, -14384.87109375
942, -7361.977563658089, False, 4.881802558898926, 118, 0.44959874735743227, 0, 42941, 35.01389694213867, -14795.4912109375
943, 8127.476549644023, True, 7.542524337768555, 175, 0.44959874735743227, 0, 43115, 35.349117279052734, -14297.9111328125
944, -6776.807360783219, False, 13.268234014511108, 313, 0.44959874735743227, 0, 43427, 39.78068161010742, -14400.38671875
945, -6987.850848183036, False, 11.275790929794312, 254, 0.44959874735743227, 0, 43680, 37.5806999206543, -14429.162109375
946, 8326.544569201767, True, 10.131764888763428, 243, 0.44959874735743227, 0, 43922, 32.869136810302734, -14556.5078125
947, 7734.3110499428585, True, 14.555691003799438, 338, 0.44959874735743227, 0, 44259, 35.295345306396484, -14381.7783203125
948, 6802.3596207425, True, 35.073866844177246, 808, 0.44959874735743227, 0, 45066, 34.584503173828125, -14709.1279296875
949, -7259.186698263511, False, 11.763643026351929, 280, 0.44959874735743227, 0, 45345, 32.58422088623047, -14664.1494140625
950, 8147.931603011675, True, 7.734210968017578, 185, 0.44959874735743227, 0, 45529, 39.38972473144531, -14830.4677734375
951, -10411.582960734144, False, 19.075584888458252, 453, 0.44959874735743227, 0, 45981, 35.65202713012695, -14972.8984375
952, -7340.1648654825985, False, 12.5923171043396, 301, 0.44959874735743227, 0, 46281, 37.16638946533203, -14658.3642578125
953, -8513.637575048022, False, 25.258724451065063, 569, 0.44959874735743227, 0, 46849, 35.86610794067383, -14742.6962890625
954, 8344.366009212099, True, 10.095205783843994, 245, 0.44959874735743227, 0, 47093, 33.036102294921875, -14750.783203125
955, -7869.455004520714, False, 4.569631814956665, 111, 0.44959874735743227, 0, 47203, 29.227298736572266, -14365.9931640625
956, 8336.640312074684, True, 10.61687445640564, 254, 0.44959874735743227, 0, 47456, 31.882186889648438, -14704.041015625
957, 6978.278738297522, True, 13.633962392807007, 326, 0.44959874735743227, 0, 47781, 36.79960250854492, -14801.373046875
958, 8455.992581278086, True, 19.01242733001709, 445, 0.44959874735743227, 0, 48225, 32.941749572753906, -15075.2333984375
959, 8395.79498895863, True, 20.341102600097656, 474, 0.44959874735743227, 0, 48698, 34.2078971862793, -14872.806640625
960, 7500.883097143844, True, 36.6393187046051, 843, 0.44959874735743227, 0, 49540, 33.05025863647461, -14853.7080078125
961, 5125.969903301477, True, 37.72762203216553, 874, 0.44959874735743227, 0, 50413, 35.80269241333008, -15037.1884765625
962, -7605.530849469826, False, 22.928481578826904, 529, 0.44959874735743227, 0, 50941, 31.042613983154297, -14972.6689453125
963, 8147.390063191066, True, 8.09846019744873, 193, 0.44959874735743227, 0, 51133, 35.99964904785156, -14994.0986328125
964, 8242.052967622876, True, 9.712285995483398, 223, 0.44959874735743227, 0, 51355, 35.74627685546875, -15073.8623046875
965, -7264.303778198082, False, 10.373462915420532, 246, 0.44959874735743227, 0, 51600, 33.083709716796875, -15041.1806640625
966, 8167.173888087273, True, 4.062401056289673, 95, 0.44959874735743227, 0, 51694, 29.7979679107666, -14749.8447265625
967, 6595.897468552925, True, 19.19108271598816, 436, 0.44959874735743227, 0, 52129, 32.34066390991211, -15120.0400390625
968, -7597.881314506754, False, 9.744665145874023, 233, 0.44959874735743227, 0, 52361, 34.89193344116211, -15156.517578125
969, 8165.339213132858, True, 4.0358335971832275, 96, 0.44959874735743227, 0, 52456, 30.67336082458496, -15000.4794921875
970, 7261.048331907019, True, 23.407236337661743, 544, 0.44959874735743227, 0, 52999, 35.434326171875, -15230.4609375
971, 6692.603225443512, True, 24.52386713027954, 576, 0.44959874735743227, 0, 53574, 32.77269744873047, -15109.798828125
972, 7036.4899740000255, True, 26.019490957260132, 606, 0.44959874735743227, 0, 54179, 32.748634338378906, -15066.255859375
973, -6892.34451588057, False, 20.843470573425293, 483, 0.44959874735743227, 0, 54661, 36.603790283203125, -15032.119140625
974, 8381.113454721868, True, 10.883912563323975, 260, 0.44959874735743227, 0, 54920, 30.74350929260254, -14828.9384765625
975, -7201.369580965489, False, 11.769968748092651, 278, 0.44959874735743227, 0, 55197, 35.98026657104492, -14794.25390625
976, -8097.529916474596, False, 11.392709493637085, 269, 0.44959874735743227, 0, 55465, 35.844505310058594, -15255.224609375
977, -7128.4755622036755, False, 10.095394849777222, 231, 0.44959874735743227, 0, 55695, 31.75103759765625, -15416.2958984375
978, 8255.381869025237, True, 11.064604043960571, 265, 0.44959874735743227, 0, 55959, 37.476070404052734, -15020.1796875
979, 7979.050046667457, True, 9.923107385635376, 231, 0.44959874735743227, 0, 56189, 36.7076301574707, -14965.1181640625
980, -8819.086112753954, False, 22.224079608917236, 518, 0.44959874735743227, 0, 56706, 35.39217758178711, -15247.2685546875
981, -6762.713469531853, False, 9.239055871963501, 221, 0.44959874735743227, 0, 56926, 34.42946243286133, -15339.40234375
982, 7214.221624612808, True, 10.614273309707642, 251, 0.44959874735743227, 0, 57176, 33.93057632446289, -15292.3291015625
983, 7813.177676029503, True, 12.264424324035645, 296, 0.44959874735743227, 0, 57471, 30.757505416870117, -15417.4931640625
984, 7816.693534430349, True, 19.931654453277588, 462, 0.44959874735743227, 0, 57932, 34.390071868896484, -15311.8828125
985, 7662.2701056795195, True, 15.059378147125244, 348, 0.44959874735743227, 0, 58279, 32.36363983154297, -15365.62890625
986, -9331.354977465002, False, 33.051841259002686, 757, 0.44959874735743227, 0, 59035, 34.99527359008789, -15213.1259765625
987, 6304.711018660571, True, 22.68910312652588, 532, 0.44959874735743227, 0, 59566, 33.75248336791992, -15351.666015625
988, 7789.989531525876, True, 24.166569232940674, 554, 0.44959874735743227, 0, 60119, 30.537221908569336, -15248.6337890625
989, 8395.749259714037, True, 20.921218156814575, 482, 0.44959874735743227, 0, 60600, 31.857038497924805, -15349.4140625
990, -7100.243455268443, False, 7.377180337905884, 176, 0.44959874735743227, 0, 60775, 35.55008316040039, -15429.9912109375
991, 8327.666544813663, True, 9.825519323348999, 226, 0.44959874735743227, 0, 61000, 34.47856140136719, -15363.580078125
992, 7446.592628836712, True, 16.18789029121399, 369, 0.44959874735743227, 0, 61368, 33.2786865234375, -15409.6259765625
993, -7123.242032065056, False, 15.718870878219604, 359, 0.44959874735743227, 0, 61726, 37.10255813598633, -15406.6279296875
994, -11620.176752457744, False, 35.617876052856445, 821, 0.44959874735743227, 0, 62546, 34.000118255615234, -15427.62109375
995, 6785.14567139931, True, 24.028361558914185, 561, 0.44959874735743227, 0, 63106, 33.17427444458008, -15421.3779296875
996, -7676.159912342555, False, 17.83251929283142, 417, 0.44959874735743227, 0, 63522, 32.19082260131836, -15412.8408203125
997, 8153.772993028164, True, 4.359429359436035, 103, 0.44959874735743227, 0, 63624, 29.731800079345703, -15567.2236328125
998, -7647.817946426934, False, 15.670151472091675, 363, 0.44959874735743227, 0, 63986, 30.989212036132812, -15307.822265625
999, -7079.429733463563, False, 12.124176263809204, 269, 0.44959874735743227, 0, 64254, 34.11833190917969, -15160.056640625
1000, 8330.318572062999, True, 10.372361421585083, 247, 0.44959874735743227, 0, 64500, 34.50423812866211, -15241.3134765625
1001, 8053.988972491585, True, 9.530506134033203, 227, 0.44959874735743227, 0, 64726, 30.477840423583984, -15511.3740234375
1002, 8067.387556659058, True, 9.855755805969238, 233, 0.44959874735743227, 0, 64958, 33.57487869262695, -15612.7548828125
1003, 7747.269641485065, True, 24.960439205169678, 570, 0.44959874735743227, 0, 65527, 35.167015075683594, -15409.1474609375
1004, 8080.055238837376, True, 19.513153314590454, 454, 0.44959874735743227, 0, 65980, 31.16118812561035, -15480.751953125
1005, 8257.862928570248, True, 11.948140144348145, 283, 0.44959874735743227, 0, 66262, 33.34584426879883, -15562.7841796875
1006, -7333.449007790536, False, 8.741317510604858, 208, 0.44959874735743227, 0, 66469, 29.260231018066406, -15594.4951171875
1007, -6908.065065100789, False, 9.40531063079834, 219, 0.44959874735743227, 0, 66687, 33.72013473510742, -15671.9931640625
1008, 8259.999267550185, True, 12.732816696166992, 300, 0.44959874735743227, 0, 66986, 34.918785095214844, -15635.4765625
1009, -7662.507137872279, False, 3.889415979385376, 92, 0.44959874735743227, 0, 67077, 31.089601516723633, -15679.2060546875
1010, -7047.636621907353, False, 13.713855981826782, 312, 0.44959874735743227, 0, 67388, 34.63105773925781, -15721.876953125
1011, 8316.27575917542, True, 11.278194427490234, 269, 0.44959874735743227, 0, 67656, 34.41115951538086, -15487.18359375
1012, -7255.102175951004, False, 18.495492219924927, 424, 0.44959874735743227, 0, 68079, 33.49374008178711, -16101.05859375
1013, 8385.524313762318, True, 10.898325681686401, 262, 0.44959874735743227, 0, 68340, 32.711647033691406, -16001.1240234375
1014, -7312.280003450811, False, 5.607395648956299, 132, 0.44959874735743227, 0, 68471, 35.711421966552734, -15932.9453125
1015, 8148.970088109374, True, 12.134615898132324, 281, 0.44959874735743227, 0, 68751, 33.9472541809082, -16222.1298828125
1016, 8050.484918377362, True, 11.31967830657959, 253, 0.44959874735743227, 0, 69003, 32.010799407958984, -16120.6083984375
1017, 8385.854107812047, True, 12.83338737487793, 305, 0.44959874735743227, 0, 69307, 34.85215759277344, -16117.3193359375
1018, -9467.53409454599, False, 23.292510747909546, 539, 0.44959874735743227, 0, 69845, 31.682357788085938, -16159.4658203125
1019, 8281.602034954354, True, 11.810107231140137, 281, 0.44959874735743227, 0, 70125, 31.316667556762695, -15958.6728515625
1020, 5404.3829736365005, True, 35.64187932014465, 827, 0.44959874735743227, 0, 70951, 32.5966911315918, -16013.8486328125
1021, -8135.791940415278, False, 17.06758213043213, 398, 0.44959874735743227, 0, 71348, 34.56534957885742, -16011.5224609375
1022, 6597.045175027764, True, 13.463756799697876, 318, 0.44959874735743227, 0, 71665, 34.06428909301758, -16220.0908203125
1023, 6774.966766059399, True, 28.091902494430542, 647, 0.44959874735743227, 0, 72311, 32.821739196777344, -15988.4638671875
1024, 8367.62082320312, True, 22.943629503250122, 530, 0.44959874735743227, 0, 72840, 32.232608795166016, -16032.4736328125
1025, 7520.58602838777, True, 27.645511627197266, 638, 0.44959874735743227, 0, 73477, 33.90456771850586, -16183.81640625
1026, -7014.72497060895, False, 8.451440811157227, 203, 0.44959874735743227, 0, 73679, 34.5943603515625, -16393.62109375
1027, 5158.357684742659, True, 25.9835844039917, 588, 0.44959874735743227, 0, 74266, 34.5681037902832, -16110.5849609375
1028, 5781.168371357024, True, 21.34057378768921, 493, 0.44959874735743227, 0, 74758, 34.167476654052734, -16213.8203125
1029, 5998.252727632178, True, 33.13376474380493, 749, 0.44959874735743227, 0, 75506, 31.365570068359375, -16198.8720703125
1030, -9788.749023722485, False, 19.456190586090088, 454, 0.44959874735743227, 0, 75959, 33.75985336303711, -16435.12890625
1031, 8138.209427118301, True, 4.311813116073608, 95, 0.44959874735743227, 0, 76053, 36.372398376464844, -16680.8046875
1032, 7183.0774741675705, True, 13.22912859916687, 308, 0.44959874735743227, 0, 76360, 34.619049072265625, -16434.935546875
1033, -8017.617690049112, False, 12.03628396987915, 270, 0.44959874735743227, 0, 76629, 31.518102645874023, -16262.8076171875
1034, 8322.318484455347, True, 9.8537015914917, 232, 0.44959874735743227, 0, 76860, 35.17353057861328, -16356.0947265625
1035, 8071.741678778315, True, 26.565664052963257, 605, 0.44959874735743227, 0, 77464, 34.11484146118164, -16418.671875
1036, -7886.367696552537, False, 22.75844120979309, 525, 0.44959874735743227, 0, 77988, 32.269588470458984, -16430.77734375
1037, 7507.267247320153, True, 11.588171482086182, 275, 0.44959874735743227, 0, 78262, 32.65549087524414, -16331.078125
1038, 7666.287472245749, True, 15.3286771774292, 353, 0.44959874735743227, 0, 78614, 34.07098388671875, -16259.5166015625
1039, -7427.57149387477, False, 16.85354232788086, 392, 0.44959874735743227, 0, 79005, 28.839744567871094, -16544.27734375
1040, 7171.678123841062, True, 16.679166793823242, 393, 0.44959874735743227, 0, 79397, 32.87859344482422, -16549.810546875
1041, -8907.690198450815, False, 7.310082912445068, 174, 0.44959874735743227, 0, 79570, 29.523550033569336, -16260.8134765625
1042, -7195.9050872507505, False, 8.721359729766846, 201, 0.44959874735743227, 0, 79770, 35.3819694519043, -16197.599609375
1043, 8339.23432667926, True, 10.388484239578247, 245, 0.44959874735743227, 0, 80014, 29.975574493408203, -16339.4462890625
1044, -7132.337978538126, False, 12.98339557647705, 297, 0.44959874735743227, 0, 80310, 33.72854995727539, -16261.6513671875
1045, 8189.364319802262, True, 7.5433735847473145, 179, 0.44959874735743227, 0, 80488, 31.03770637512207, -16323.0166015625
1046, -7243.486322388053, False, 5.0166850090026855, 118, 0.44959874735743227, 0, 80605, 28.5914306640625, -16744.001953125
1047, 7645.750433605164, True, 20.25860595703125, 467, 0.44959874735743227, 0, 81071, 32.2291145324707, -16588.6875
1048, -7991.758582624607, False, 22.525577068328857, 520, 0.44959874735743227, 0, 81590, 34.520103454589844, -16673.31640625
1049, 8111.578152520116, True, 7.328370809555054, 172, 0.44959874735743227, 0, 81761, 29.865549087524414, -16381.845703125
1050, 8196.332719378173, True, 9.887149333953857, 226, 0.44959874735743227, 0, 81986, 36.28086853027344, -16331.5244140625
1051, -8399.807628538925, False, 19.75465416908264, 455, 0.44959874735743227, 0, 82440, 31.532289505004883, -16594.990234375
1052, 7889.885283713229, True, 10.292794227600098, 245, 0.44959874735743227, 0, 82684, 33.66139221191406, -16704.45703125
1053, -7406.160602994263, False, 15.76237440109253, 368, 0.44959874735743227, 0, 83051, 30.66500473022461, -16450.60546875
1054, 8329.797626279294, True, 9.777995824813843, 231, 0.44959874735743227, 0, 83281, 32.74993896484375, -16555.5703125
1055, 7141.639267601073, True, 17.395889282226562, 404, 0.44959874735743227, 0, 83684, 30.322128295898438, -16567.900390625
1056, -8574.5980437845, False, 3.3665335178375244, 82, 0.44959874735743227, 0, 83765, 32.140892028808594, -16397.21875
1057, 8174.736726284027, True, 4.011297225952148, 94, 0.44959874735743227, 0, 83858, 34.28772735595703, -16799.51953125
1058, -7220.896007493138, False, 7.546666860580444, 178, 0.44959874735743227, 0, 84035, 33.493804931640625, -16588.2265625
1059, -7293.4460109993815, False, 8.679362773895264, 199, 0.44959874735743227, 0, 84233, 33.92106628417969, -16276.5576171875
1060, 8169.542583449511, True, 7.429630517959595, 174, 0.44959874735743227, 0, 84406, 30.38883399963379, -16422.82421875
1061, 6958.4844004660845, True, 9.97460412979126, 233, 0.44959874735743227, 0, 84638, 31.55679702758789, -16813.482421875
1062, -7870.561061244458, False, 8.514592409133911, 201, 0.44959874735743227, 0, 84838, 28.150543212890625, -16594.533203125
1063, 8175.79301404953, True, 4.0573530197143555, 96, 0.44959874735743227, 0, 84933, 34.730281829833984, -16400.06640625
1064, -7732.5331513891, False, 3.3615200519561768, 80, 0.44959874735743227, 0, 85012, 32.483177185058594, -16456.88671875
1065, -6884.126580223441, False, 9.340022802352905, 219, 0.44959874735743227, 0, 85230, 34.108314514160156, -16876.59375
1066, 7328.955922295339, True, 13.310413599014282, 305, 0.44959874735743227, 0, 85534, 32.45161056518555, -16777.052734375
1067, -7724.191695047077, False, 10.880404949188232, 256, 0.44959874735743227, 0, 85789, 35.90625, -16390.26953125
1068, 8383.273510068655, True, 8.999592065811157, 208, 0.44959874735743227, 0, 85996, 37.07760238647461, -16391.4140625
1069, 8544.627171583474, True, 31.97376847267151, 738, 0.44959874735743227, 0, 86733, 33.44197082519531, -16609.337890625
1070, -21424.936411350965, False, 25.26370096206665, 593, 0.44959874735743227, 0, 87325, 33.30131149291992, -16497.248046875
1071, 8177.587528500706, True, 7.367331504821777, 171, 0.44959874735743227, 0, 87495, 31.397369384765625, -15769.779296875
1072, 7798.716802779585, True, 14.398988962173462, 335, 0.44959874735743227, 0, 87829, 27.966039657592773, -16174.5400390625
1073, -7475.3114798543975, False, 7.588870525360107, 167, 0.44959874735743227, 0, 87995, 34.561767578125, -16056.9501953125
1074, 8185.6732822060585, True, 4.023471832275391, 100, 0.44959874735743227, 0, 88094, 30.62594223022461, -16179.294921875
1075, -7411.456418651156, False, 2.7790820598602295, 67, 0.44959874735743227, 0, 88160, 34.053260803222656, -16076.62109375
1076, -7425.5649408116005, False, 12.626795291900635, 297, 0.44959874735743227, 0, 88456, 31.38959312438965, -16039.416015625
1077, 8175.146752143279, True, 6.964242219924927, 164, 0.44959874735743227, 0, 88619, 28.504718780517578, -15989.4287109375
1078, 8155.492252994329, True, 19.068632125854492, 436, 0.44959874735743227, 0, 89054, 33.47218704223633, -15925.357421875
1079, -7053.322574735794, False, 16.85872793197632, 394, 0.44959874735743227, 0, 89447, 36.01845169067383, -16151.6982421875
1080, 7763.681832626462, True, 11.246213912963867, 264, 0.44959874735743227, 0, 89710, 32.508392333984375, -16082.06640625
1081, -17756.967338713817, False, 30.03766655921936, 691, 0.44959874735743227, 0, 90400, 32.812801361083984, -15992.470703125
1082, 7577.694045461714, True, 19.95236587524414, 455, 0.44959874735743227, 0, 90854, 34.457679748535156, -15997.9638671875
1083, 7269.240011167989, True, 41.32576537132263, 928, 0.44959874735743227, 0, 91781, 31.751041412353516, -15755.3896484375
1084, -12978.408970415592, False, 20.363722801208496, 482, 0.44959874735743227, 0, 92262, 32.957679748535156, -15554.203125
1085, 8237.44207001198, True, 9.993930578231812, 236, 0.44959874735743227, 0, 92497, 36.855716705322266, -15520.333984375
1086, 8139.241674723104, True, 17.921239852905273, 407, 0.44959874735743227, 0, 92903, 31.52804183959961, -15387.94921875
1087, -10118.572503816336, False, 14.958760499954224, 354, 0.44959874735743227, 0, 93256, 36.030147552490234, -15460.921875
1088, -8020.940408217488, False, 9.712918281555176, 227, 0.44959874735743227, 0, 93482, 36.617637634277344, -15241.630859375
1089, 8176.535369217396, True, 4.145089149475098, 98, 0.44959874735743227, 0, 93579, 31.393272399902344, -14986.830078125
1090, 7261.2284887470305, True, 9.487359762191772, 224, 0.44959874735743227, 0, 93802, 32.945350646972656, -15374.224609375
1091, -9099.641913813248, False, 28.597883701324463, 655, 0.44959874735743227, 0, 94456, 34.77356719970703, -15354.392578125
1092, 8181.524035087787, True, 7.15516471862793, 170, 0.44959874735743227, 0, 94625, 29.710458755493164, -15305.21484375
1093, 7870.868624465074, True, 25.969327449798584, 589, 0.44959874735743227, 0, 95213, 35.44554138183594, -15455.4365234375
1094, -6761.863475045189, False, 21.657126903533936, 493, 0.44959874735743227, 0, 95705, 31.69005012512207, -15573.4140625
1095, 7515.232749352697, True, 13.597453117370605, 321, 0.44959874735743227, 0, 96025, 34.90438461303711, -15667.5546875
1096, -7280.822085483, False, 18.366380214691162, 420, 0.44959874735743227, 0, 96444, 36.1161994934082, -15425.2783203125
1097, 8353.573094603606, True, 10.422343492507935, 242, 0.44959874735743227, 0, 96685, 33.3077507019043, -15390.3798828125
1098, 7967.285797409713, True, 19.83652973175049, 447, 0.44959874735743227, 0, 97131, 36.09960174560547, -15684.591796875
1099, 8131.149033410475, True, 10.277805089950562, 239, 0.44959874735743227, 0, 97369, 36.3764762878418, -15589.6748046875
1100, 7872.907562470995, True, 9.894966125488281, 231, 0.44959874735743227, 0, 97599, 33.962501525878906, -15639.32421875
1101, -7125.510690666735, False, 1.2014906406402588, 29, 0.44959874735743227, 0, 97627, 31.88435173034668, -15666.458984375
1102, -7606.531182442792, False, 9.356029033660889, 219, 0.44959874735743227, 0, 97845, 34.29405212402344, -15593.17578125
1103, 8343.522993326187, True, 10.539225816726685, 243, 0.44959874735743227, 0, 98087, 35.4700813293457, -15467.0185546875
1104, 8160.201198050752, True, 25.32223129272461, 574, 0.44959874735743227, 0, 98660, 32.2674674987793, -15617.2265625
1105, -10462.279220025986, False, 14.812828302383423, 352, 0.44959874735743227, 0, 99011, 35.90504455566406, -15748.13671875
1106, 8174.009163562208, True, 6.791119337081909, 159, 0.44959874735743227, 0, 99169, 34.644046783447266, -15445.1552734375
1107, 7237.035463394481, True, 22.32574152946472, 505, 0.44959874735743227, 0, 99673, 35.868980407714844, -15753.7197265625
1108, 8346.067980622873, True, 8.372352838516235, 196, 0.44959874735743227, 0, 99868, 27.72111701965332, -15653.3115234375
1109, 7086.921131317533, True, 32.25485014915466, 736, 0.44959874735743227, 0, 100000, 33.87167739868164, -15905.75390625
1110, -8786.326388046145, False, 7.186699867248535, 169, 0.44959874735743227, 0, 100000, 36.728607177734375, -15623.658203125
1111, -7120.287011261651, False, 8.261309146881104, 192, 0.44959874735743227, 0, 100000, 30.984710693359375, -16074.8857421875
1112, 8190.78711390635, True, 7.639505863189697, 176, 0.44959874735743227, 0, 100000, 30.217504501342773, -15966.9755859375
1113, 7906.246975854039, True, 19.364309549331665, 445, 0.44959874735743227, 0, 100000, 34.616172790527344, -15987.291015625
1114, 8298.609446272254, True, 11.82321047782898, 283, 0.44959874735743227, 0, 100000, 32.711669921875, -15956.1240234375
1115, 8211.016628956422, True, 17.338480472564697, 395, 0.44959874735743227, 0, 100000, 32.79179000854492, -16147.3125
1116, -7943.972198188305, False, 3.0860376358032227, 77, 0.44959874735743227, 0, 100000, 34.85102462768555, -15758.828125
1117, 8129.745082655922, True, 6.237758636474609, 147, 0.44959874735743227, 0, 100000, 33.32140350341797, -15946.5322265625
1118, -7086.419624820352, False, 5.1572349071502686, 123, 0.44959874735743227, 0, 100000, 31.81543731689453, -15839.435546875
1119, -13130.282419368625, False, 15.963467359542847, 367, 0.44959874735743227, 0, 100000, 30.24275779724121, -16117.0
1120, -7017.182904233778, False, 11.693199634552002, 268, 0.44959874735743227, 0, 100000, 31.346210479736328, -15831.1943359375
1121, -7088.628998681903, False, 9.316732168197632, 216, 0.44959874735743227, 0, 100000, 33.48705291748047, -15980.0302734375
1122, -7845.928910881281, False, 15.345961809158325, 352, 0.44959874735743227, 0, 100000, 33.80680465698242, -16073.515625
1123, 8168.754823565483, True, 4.1800618171691895, 98, 0.44959874735743227, 0, 100000, 34.975528717041016, -15751.5888671875
1124, 7795.893959344961, True, 17.16869330406189, 394, 0.44959874735743227, 0, 100000, 30.688552856445312, -15908.990234375
1125, 8551.939401039155, True, 27.233912706375122, 620, 0.44959874735743227, 0, 100000, 34.118770599365234, -16169.4873046875
1126, 8654.498291645199, True, 18.718653917312622, 430, 0.44959874735743227, 0, 100000, 30.645387649536133, -16193.189453125
1127, 8617.387438723817, True, 20.877145528793335, 472, 0.44959874735743227, 0, 100000, 32.35248565673828, -16272.646484375
1128, 7938.854790750891, True, 12.76278567314148, 294, 0.44959874735743227, 0, 100000, 33.7374267578125, -16346.9931640625
1129, 8015.385058358312, True, 10.066673040390015, 226, 0.44959874735743227, 0, 100000, 36.202178955078125, -15937.0068359375
1130, 8468.083669851068, True, 17.401029109954834, 391, 0.44959874735743227, 0, 100000, 29.42105484008789, -16304.7099609375
1131, 8017.591987829655, True, 9.846248388290405, 226, 0.44959874735743227, 0, 100000, 27.074312210083008, -16116.80859375
1132, 8474.6605670657, True, 16.890936613082886, 378, 0.44959874735743227, 0, 100000, 35.208831787109375, -16449.80859375
1133, 7598.101478919503, True, 27.89687442779541, 631, 0.44959874735743227, 0, 100000, 37.90422439575195, -16241.203125
1134, 7386.897396218032, True, 19.957678079605103, 452, 0.44959874735743227, 0, 100000, 33.26276779174805, -16272.91796875
1135, -7017.397878141142, False, 9.98405647277832, 234, 0.44959874735743227, 0, 100000, 32.52452087402344, -16486.822265625
1136, 8371.901124678552, True, 11.085297107696533, 251, 0.44959874735743227, 0, 100000, 34.23301696777344, -16144.15625
1137, 8620.084332704544, True, 21.010722398757935, 469, 0.44959874735743227, 0, 100000, 28.614240646362305, -16328.3359375
1138, 6305.641631591134, True, 28.600913524627686, 651, 0.44959874735743227, 0, 100000, 32.980682373046875, -16247.544921875
1139, -8158.660510520218, False, 11.181792974472046, 262, 0.44959874735743227, 0, 100000, 33.95707321166992, -16458.955078125
1140, 8152.875350167509, True, 7.356176376342773, 168, 0.44959874735743227, 0, 100000, 31.184526443481445, -16220.3076171875
1141, 8185.587164864875, True, 8.005044937133789, 189, 0.44959874735743227, 0, 100000, 35.28813934326172, -16528.23828125
1142, -7754.045814805664, False, 10.217753887176514, 238, 0.44959874735743227, 0, 100000, 32.38996887207031, -16385.09375
1143, 8172.732638984919, True, 4.09235692024231, 93, 0.44959874735743227, 0, 100000, 34.21250534057617, -15839.38671875
1144, 7729.566465727985, True, 13.928401231765747, 323, 0.44959874735743227, 0, 100000, 28.22095489501953, -16515.04296875
1145, 7979.736825695727, True, 11.100553274154663, 262, 0.44959874735743227, 0, 100000, 31.994140625, -16487.630859375
1146, -7085.7091738116, False, 19.36054754257202, 440, 0.44959874735743227, 0, 100000, 33.23280334472656, -16400.322265625
1147, 8147.332946918905, True, 6.71151328086853, 157, 0.44959874735743227, 0, 100000, 29.357633590698242, -15937.7998046875
1148, -9235.095277047716, False, 9.284076690673828, 217, 0.44959874735743227, 0, 100000, 33.26963424682617, -16433.736328125
1149, 7933.362243779004, True, 10.282407283782959, 235, 0.44959874735743227, 0, 100000, 36.48355484008789, -16378.9091796875
1150, 7029.816569222254, True, 24.33316159248352, 549, 0.44959874735743227, 0, 100000, 31.455732345581055, -16417.958984375
1151, 8168.811104544438, True, 9.64013123512268, 219, 0.44959874735743227, 0, 100000, 33.42171096801758, -15980.1865234375
1152, 8180.966562537476, True, 9.606014728546143, 218, 0.44959874735743227, 0, 100000, 33.2110595703125, -16124.26171875
1153, 7331.6928506195545, True, 32.26984763145447, 723, 0.44959874735743227, 0, 100000, 31.70977020263672, -16422.2578125
1154, 8026.7726092636585, True, 11.162445545196533, 264, 0.44959874735743227, 0, 100000, 31.709184646606445, -16387.001953125
1155, -7693.41296016518, False, 14.673778533935547, 332, 0.44959874735743227, 0, 100000, 29.256582260131836, -16343.2021484375
1156, 7693.393628805876, True, 10.101033210754395, 238, 0.44959874735743227, 0, 100000, 32.45176315307617, -16305.78125
1157, -8137.236727543932, False, 23.331472873687744, 526, 0.44959874735743227, 0, 100000, 30.22709846496582, -16186.5625
1158, 7504.169286616147, True, 13.140072107315063, 310, 0.44959874735743227, 0, 100000, 36.4576416015625, -16584.138671875
1159, -10000.933927678503, False, 28.740572690963745, 626, 0.44959874735743227, 0, 100000, 34.64116287231445, -16274.587890625
1160, -7189.982577336952, False, 11.443903923034668, 268, 0.44959874735743227, 0, 100000, 33.595340728759766, -16261.9443359375
1161, 8362.00487215817, True, 8.875983476638794, 205, 0.44959874735743227, 0, 100000, 33.48160171508789, -16313.951171875
1162, 8117.244938528165, True, 25.99923849105835, 592, 0.44959874735743227, 0, 100000, 32.29304122924805, -16191.337890625
1163, 8670.31812183978, True, 23.032875061035156, 518, 0.44959874735743227, 0, 100000, 33.81639099121094, -16247.9169921875
1164, -7224.345659188926, False, 13.0307035446167, 293, 0.44959874735743227, 0, 100000, 34.901878356933594, -16296.7216796875
1165, 8304.84265601635, True, 9.609694242477417, 217, 0.44959874735743227, 0, 100000, 31.824094772338867, -16296.36328125
1166, -7134.406726849731, False, 7.915294647216797, 187, 0.44959874735743227, 0, 100000, 28.588302612304688, -16252.83984375
1167, 8329.189715832472, True, 10.537546157836914, 240, 0.44959874735743227, 0, 100000, 35.73823165893555, -16234.4443359375
1168, -7534.330206740182, False, 13.519386053085327, 302, 0.44959874735743227, 0, 100000, 32.784767150878906, -16446.521484375
1169, 8095.489958953112, True, 7.307298421859741, 170, 0.44959874735743227, 0, 100000, 31.79181480407715, -16023.767578125
1170, 8148.475228846073, True, 15.248332738876343, 345, 0.44959874735743227, 0, 100000, 32.001705169677734, -16333.1220703125
1171, 8208.739963775806, True, 17.58363676071167, 405, 0.44959874735743227, 0, 100000, 35.07761764526367, -16406.001953125
1172, 7687.0600185102085, True, 26.425883054733276, 596, 0.44959874735743227, 0, 100000, 31.73426055908203, -16589.900390625
1173, -8946.444762200117, False, 26.10882806777954, 586, 0.44959874735743227, 0, 100000, 33.03788757324219, -16221.314453125
1174, 7698.102965908125, True, 9.88074016571045, 231, 0.44959874735743227, 0, 100000, 33.98128890991211, -16228.3623046875
1175, 7996.1209479011595, True, 9.155438899993896, 211, 0.44959874735743227, 0, 100000, 30.17241859436035, -16296.3046875
1176, 8389.936916708946, True, 13.3514244556427, 308, 0.44959874735743227, 0, 100000, 31.03705596923828, -16316.8388671875
1177, -7494.425255728187, False, 20.343685388565063, 462, 0.44959874735743227, 0, 100000, 31.754220962524414, -16299.4638671875
1178, 8337.071976359002, True, 10.379265546798706, 240, 0.44959874735743227, 0, 100000, 33.01352310180664, -16278.0478515625
1179, 7315.915911543183, True, 18.38982605934143, 416, 0.44959874735743227, 0, 100000, 31.142169952392578, -16226.6650390625
1180, -10397.018690744415, False, 32.14359521865845, 725, 0.44959874735743227, 0, 100000, 31.70431900024414, -16225.5927734375
1181, 7883.444180363207, True, 16.13948345184326, 370, 0.44959874735743227, 0, 100000, 33.00807189941406, -16149.0625
1182, 7495.626071135979, True, 29.96682095527649, 672, 0.44959874735743227, 0, 100000, 31.182905197143555, -16065.873046875
1183, 7688.5771967251785, True, 24.85883116722107, 564, 0.44959874735743227, 0, 100000, 32.38739013671875, -15966.7822265625
1184, -7047.046718983271, False, 3.47160267829895, 84, 0.44959874735743227, 0, 100000, 28.30743980407715, -15882.857421875
1185, 8322.86178618716, True, 11.059934616088867, 255, 0.44959874735743227, 0, 100000, 32.517051696777344, -16295.0205078125
1186, 8287.152191562578, True, 15.200348615646362, 332, 0.44959874735743227, 0, 100000, 32.1483039855957, -16044.1796875
1187, 7875.276034384966, True, 18.212199687957764, 417, 0.44959874735743227, 0, 100000, 32.787139892578125, -16343.7890625
1188, -7548.073213905096, False, 8.833389043807983, 209, 0.44959874735743227, 0, 100000, 29.67454719543457, -16431.576171875
1189, 8279.114800696872, True, 16.302714824676514, 374, 0.44959874735743227, 0, 100000, 32.531822204589844, -16320.076171875
1190, -7981.101148724556, False, 29.82317042350769, 670, 0.44959874735743227, 0, 100000, 31.562942504882812, -16249.6376953125
1191, 8358.835740383714, True, 9.848646879196167, 233, 0.44959874735743227, 0, 100000, 30.444032669067383, -16308.2607421875
1192, 8330.082111999393, True, 20.684609174728394, 463, 0.44959874735743227, 0, 100000, 30.389612197875977, -16162.8173828125
1193, -7742.458074508002, False, 20.79073691368103, 473, 0.44959874735743227, 0, 100000, 30.27601432800293, -16151.25390625
1194, 8371.562923163176, True, 8.702283143997192, 203, 0.44959874735743227, 0, 100000, 31.164430618286133, -15958.6796875
1195, 7834.6939334524795, True, 15.85650110244751, 359, 0.44959874735743227, 0, 100000, 28.44133186340332, -15984.015625
1196, 8221.166562283412, True, 28.339303016662598, 635, 0.44959874735743227, 0, 100000, 31.33193016052246, -16245.9169921875
1197, 8161.644052071148, True, 17.056792974472046, 394, 0.44959874735743227, 0, 100000, 31.682435989379883, -15971.7158203125
1198, -6876.91151500307, False, 19.057730436325073, 428, 0.44959874735743227, 0, 100000, 30.96546745300293, -15622.3525390625
1199, 8370.551409200765, True, 15.015381336212158, 346, 0.44959874735743227, 0, 100000, 35.15274429321289, -15811.7734375
1200, -7262.819792525843, False, 30.647948265075684, 678, 0.44959874735743227, 0, 100000, 31.025007247924805, -15775.13671875
1201, 8353.657420406118, True, 10.167840719223022, 239, 0.44959874735743227, 0, 100000, 32.67793273925781, -15808.2373046875
1202, -7389.2756447941065, False, 6.20836329460144, 142, 0.44959874735743227, 0, 100000, 36.62025833129883, -15792.859375
1203, 8333.382314159535, True, 9.845967531204224, 226, 0.44959874735743227, 0, 100000, 34.12150573730469, -16186.5517578125
1204, 6948.18037699908, True, 11.993903636932373, 281, 0.44959874735743227, 0, 100000, 31.45831298828125, -15961.0322265625
1205, 7799.9396266869735, True, 22.30593776702881, 506, 0.44959874735743227, 0, 100000, 30.20811653137207, -16157.8486328125
1206, 7056.204574717092, True, 29.612720489501953, 666, 0.44959874735743227, 0, 100000, 29.4101505279541, -16001.7421875
1207, -8527.063572862186, False, 3.796971082687378, 90, 0.44959874735743227, 0, 100000, 33.700618743896484, -15895.892578125
1208, 8373.21494333318, True, 16.621726989746094, 377, 0.44959874735743227, 0, 100000, 33.86235809326172, -16044.3046875
1209, 8301.894919169135, True, 34.09502196311951, 766, 0.44959874735743227, 0, 100000, 33.42327117919922, -16192.16796875
1210, -6720.887069582939, False, 14.793929100036621, 340, 0.44959874735743227, 0, 100000, 33.057823181152344, -16270.2666015625
1211, -6860.639880839735, False, 12.089287519454956, 281, 0.44959874735743227, 0, 100000, 34.43058776855469, -16245.625
1212, 8356.371695309877, True, 10.019800186157227, 231, 0.44959874735743227, 0, 100000, 31.587047576904297, -16144.7587890625
1213, 8419.945896431804, True, 12.133569478988647, 282, 0.44959874735743227, 0, 100000, 30.540475845336914, -15987.869140625
1214, 8607.993866752833, True, 20.838392972946167, 469, 0.44959874735743227, 0, 100000, 33.783573150634766, -16041.63671875
1215, -11553.444340709597, False, 8.555827617645264, 204, 0.44959874735743227, 0, 100000, 30.58049774169922, -16128.4365234375
1216, 7869.943398482166, True, 12.629045009613037, 286, 0.44959874735743227, 0, 100000, 30.32879066467285, -16112.2880859375
1217, 5303.191063220496, True, 26.29744815826416, 593, 0.44959874735743227, 0, 100000, 32.5340576171875, -15873.8310546875
1218, -7864.178831484634, False, 6.530189514160156, 154, 0.44959874735743227, 0, 100000, 33.86246109008789, -15738.0146484375
1219, 8072.0948732718825, True, 10.743218421936035, 250, 0.44959874735743227, 0, 100000, 33.11781311035156, -16123.7138671875
1220, -7233.82797572948, False, 7.1237404346466064, 165, 0.44959874735743227, 0, 100000, 32.28908157348633, -16193.0830078125
1221, 8351.131567716599, True, 8.785099744796753, 203, 0.44959874735743227, 0, 100000, 31.724611282348633, -15947.8310546875
1222, 7798.7569363410585, True, 15.29676365852356, 346, 0.44959874735743227, 0, 100000, 33.86356735229492, -15975.060546875
1223, -11834.710818105843, False, 19.620460748672485, 454, 0.44959874735743227, 0, 100000, 32.215450286865234, -16180.5771484375
1224, 8178.312210120261, True, 7.914304971694946, 172, 0.44959874735743227, 0, 100000, 33.83547592163086, -16377.31640625
1225, 8233.877358525991, True, 7.47288966178894, 177, 0.44959874735743227, 0, 100000, 38.51956558227539, -16357.3173828125
1226, 8679.261923313607, True, 28.864917993545532, 651, 0.44959874735743227, 0, 100000, 34.757328033447266, -16206.865234375
1227, 8241.33799527958, True, 11.209521293640137, 262, 0.44959874735743227, 0, 100000, 29.227676391601562, -16284.1875
1228, 8643.848504848778, True, 18.357558488845825, 414, 0.44959874735743227, 0, 100000, 32.669517517089844, -16246.021484375
1229, 8174.951487772632, True, 20.775266885757446, 459, 0.44959874735743227, 0, 100000, 31.537092208862305, -16415.6015625
1230, 8427.535247719032, True, 18.477970123291016, 432, 0.44959874735743227, 0, 100000, 33.563350677490234, -16638.49609375
1231, 6801.5093758802395, True, 37.13007164001465, 825, 0.44959874735743227, 0, 100000, 33.793758392333984, -16514.66015625
1232, 8643.712607644498, True, 20.80373454093933, 470, 0.44959874735743227, 0, 100000, 36.044471740722656, -16295.98046875
1233, -7893.832473308779, False, 16.149998426437378, 371, 0.44959874735743227, 0, 100000, 34.78701400756836, -16778.9140625
1234, 8369.180793074891, True, 10.279974937438965, 230, 0.44959874735743227, 0, 100000, 32.04310607910156, -16296.970703125
1235, 8445.431998245418, True, 20.915451765060425, 467, 0.44959874735743227, 0, 100000, 33.347225189208984, -16326.2919921875
1236, 8624.546107888222, True, 20.19557237625122, 453, 0.44959874735743227, 0, 100000, 31.75011444091797, -16491.32421875
1237, 7863.322464036755, True, 22.192598581314087, 498, 0.44959874735743227, 0, 100000, 32.097110748291016, -16422.5546875
1238, -13571.175470855902, False, 22.95538091659546, 525, 0.44959874735743227, 0, 100000, 31.51849365234375, -16544.6171875
1239, 7730.990275176708, True, 12.849662065505981, 301, 0.44959874735743227, 0, 100000, 31.242998123168945, -16108.7138671875
1240, 8405.468292180449, True, 12.974889993667603, 293, 0.44959874735743227, 0, 100000, 29.812803268432617, -16210.1845703125
1241, -6977.801741214469, False, 10.116265296936035, 228, 0.44959874735743227, 0, 100000, 30.64750099182129, -16190.8662109375
1242, -6834.4919464557315, False, 10.79548168182373, 248, 0.44959874735743227, 0, 100000, 31.936307907104492, -16064.1474609375
1243, 7627.627304720692, True, 16.207165956497192, 365, 0.44959874735743227, 0, 100000, 30.137481689453125, -16230.23828125
1244, 8666.411807339638, True, 22.219791412353516, 501, 0.44959874735743227, 0, 100000, 31.9715576171875, -16330.439453125
1245, 8328.916551441886, True, 15.612082481384277, 345, 0.44959874735743227, 0, 100000, 32.14375686645508, -16327.130859375
1246, 7925.924481336027, True, 10.976077556610107, 255, 0.44959874735743227, 0, 100000, 28.928312301635742, -16204.1435546875
1247, 8379.556659445167, True, 14.925374746322632, 332, 0.44959874735743227, 0, 100000, 32.573020935058594, -16099.3173828125
1248, 8257.62993147131, True, 12.142755508422852, 268, 0.44959874735743227, 0, 100000, 32.901615142822266, -16393.22265625
1249, 8356.93360736221, True, 13.933373928070068, 312, 0.44959874735743227, 0, 100000, 35.84642791748047, -16304.8447265625
1250, -7023.7967961849645, False, 9.48110580444336, 214, 0.44959874735743227, 0, 100000, 32.488380432128906, -16344.3134765625
1251, 8136.162721604109, True, 9.223452091217041, 212, 0.44959874735743227, 0, 100000, 28.25648307800293, -16255.6064453125
1252, -7414.386791719124, False, 15.279875993728638, 345, 0.44959874735743227, 0, 100000, 34.34923553466797, -16205.24609375
1253, -6872.933519117534, False, 10.990666627883911, 257, 0.44959874735743227, 0, 100000, 31.992704391479492, -16006.8994140625
1254, 8369.695384077728, True, 10.800963163375854, 245, 0.44959874735743227, 0, 100000, 31.741802215576172, -16516.64453125
1255, 8133.318973259069, True, 19.686697006225586, 448, 0.44959874735743227, 0, 100000, 35.2165641784668, -16621.560546875
1256, 8659.491091753705, True, 22.54522204399109, 509, 0.44959874735743227, 0, 100000, 33.295955657958984, -16556.029296875
1257, -6831.071260780096, False, 13.761162757873535, 316, 0.44959874735743227, 0, 100000, 32.26851272583008, -16480.75390625
1258, 8056.36278963089, True, 11.699573516845703, 270, 0.44959874735743227, 0, 100000, 35.17388153076172, -16307.1259765625
1259, -8019.022641364485, False, 6.320783853530884, 147, 0.44959874735743227, 0, 100000, 28.720375061035156, -16231.115234375
1260, 8123.288117788732, True, 9.698416948318481, 225, 0.44959874735743227, 0, 100000, 33.12898254394531, -16208.9931640625
1261, 8193.606659062207, True, 9.152420043945312, 211, 0.44959874735743227, 0, 100000, 27.610984802246094, -16386.7890625
1262, 8097.044944867492, True, 8.79756236076355, 204, 0.44959874735743227, 0, 100000, 30.913496017456055, -16391.095703125
1263, -16210.640861420427, False, 24.651846170425415, 560, 0.44959874735743227, 0, 100000, 34.99503707885742, -16490.068359375
1264, 8149.00116404891, True, 3.985299587249756, 93, 0.44959874735743227, 0, 100000, 30.320911407470703, -16186.2216796875
1265, 7388.559229803272, True, 15.766722917556763, 357, 0.44959874735743227, 0, 100000, 30.313129425048828, -16538.82421875
1266, -6738.386139668524, False, 16.490915775299072, 376, 0.44959874735743227, 0, 100000, 29.698139190673828, -16384.35546875
1267, 8392.819826295832, True, 15.505301237106323, 356, 0.44959874735743227, 0, 100000, 33.77941131591797, -16495.955078125
1268, -8355.00454642903, False, 11.491877317428589, 267, 0.44959874735743227, 0, 100000, 33.387088775634766, -16307.8388671875
1269, 7455.778580488812, True, 68.25791215896606, 1531, 0.44959874735743227, 0, 100000, 31.428258895874023, -16256.662109375
1270, -7378.813521057367, False, 4.282301902770996, 98, 0.44959874735743227, 0, 100000, 31.98522186279297, -15717.330078125
1271, 8131.081678034272, True, 11.522707223892212, 266, 0.44959874735743227, 0, 100000, 33.287567138671875, -16130.75390625
1272, 8083.99095864594, True, 11.892489194869995, 270, 0.44959874735743227, 0, 100000, 31.401634216308594, -15906.849609375
1273, -7098.5162549465895, False, 10.040150165557861, 225, 0.44959874735743227, 0, 100000, 28.39454460144043, -16356.3037109375
1274, -11466.906462155282, False, 17.595419883728027, 403, 0.44959874735743227, 0, 100000, 34.23948669433594, -16039.6328125
1275, 8049.018482729793, True, 9.644571304321289, 224, 0.44959874735743227, 0, 100000, 33.168052673339844, -16081.8134765625
1276, 8336.637727205642, True, 18.87651538848877, 430, 0.44959874735743227, 0, 100000, 34.44296646118164, -16069.779296875
1277, 7676.76823723875, True, 11.43335223197937, 255, 0.44959874735743227, 0, 100000, 33.9410400390625, -16340.14453125
1278, 7970.335895512253, True, 19.15222668647766, 434, 0.44959874735743227, 0, 100000, 32.741512298583984, -16281.37109375
1279, -7163.288719420205, False, 2.0635602474212646, 50, 0.44959874735743227, 0, 100000, 31.560819625854492, -16429.119140625
1280, -12686.3842394948, False, 15.72052550315857, 358, 0.44959874735743227, 0, 100000, 32.024139404296875, -16175.8828125
1281, 8058.439635049144, True, 14.570647478103638, 336, 0.44959874735743227, 0, 100000, 34.504913330078125, -16241.9482421875
1282, -7025.847271572566, False, 21.496675729751587, 481, 0.44959874735743227, 0, 100000, 31.111949920654297, -16167.8798828125
1283, 8140.199331627227, True, 7.183122158050537, 167, 0.44959874735743227, 0, 100000, 33.499454498291016, -16387.875
1284, 8058.76038219349, True, 11.236292123794556, 259, 0.44959874735743227, 0, 100000, 32.1265754699707, -15925.62109375
1285, 8576.531234109774, True, 23.81564688682556, 529, 0.44959874735743227, 0, 100000, 31.47705078125, -15943.06640625
1286, -7079.528809398413, False, 15.568196773529053, 356, 0.44959874735743227, 0, 100000, 34.18466567993164, -15976.7041015625
1287, 8327.57762937108, True, 17.152031421661377, 389, 0.44959874735743227, 0, 100000, 32.84447479248047, -16034.560546875
1288, -6837.36075915955, False, 15.98825716972351, 364, 0.44959874735743227, 0, 100000, 32.599456787109375, -16045.8994140625
1289, 8085.040496900678, True, 6.110479354858398, 132, 0.44959874735743227, 0, 100000, 34.85842514038086, -16532.447265625
1290, -7080.039124235511, False, 4.879093408584595, 114, 0.44959874735743227, 0, 100000, 30.039623260498047, -16373.9638671875
1291, 8165.423986256123, True, 4.13948130607605, 95, 0.44959874735743227, 0, 100000, 30.23006248474121, -15864.5341796875
1292, -7299.374745756388, False, 3.0211338996887207, 71, 0.44959874735743227, 0, 100000, 32.36677169799805, -15814.3115234375
1293, 8432.2003703058, True, 15.907287359237671, 367, 0.44959874735743227, 0, 100000, 32.04104995727539, -16566.30859375
1294, -7430.525750413537, False, 21.033151149749756, 463, 0.44959874735743227, 0, 100000, 34.620872497558594, -16460.75
1295, 8244.800462991, True, 10.175078392028809, 234, 0.44959874735743227, 0, 100000, 32.795814514160156, -16344.22265625
1296, -7029.046998704784, False, 15.769470930099487, 360, 0.44959874735743227, 0, 100000, 31.309703826904297, -16889.802734375
1297, 8355.672037395649, True, 10.1709144115448, 234, 0.44959874735743227, 0, 100000, 34.055049896240234, -16416.58203125
1298, -8944.570642008737, False, 74.87353110313416, 1672, 0.44959874735743227, 0, 100000, 33.320987701416016, -16554.20703125
1299, 8150.107009610161, True, 6.655310869216919, 158, 0.44959874735743227, 0, 100000, 30.553396224975586, -15867.3857421875
1300, 8129.786325834226, True, 21.04299283027649, 476, 0.44959874735743227, 0, 100000, 36.44975280761719, -16478.458984375
1301, 8488.185226656497, True, 28.4706072807312, 627, 0.44959874735743227, 0, 100000, 32.92030715942383, -16524.78515625
1302, 8181.402141319122, True, 21.424731254577637, 480, 0.44959874735743227, 0, 100000, 32.248531341552734, -16483.240234375
1303, -7009.007825172041, False, 21.29739022254944, 480, 0.44959874735743227, 0, 100000, 32.54199981689453, -16489.61328125
1304, 8360.56390798185, True, 15.982016801834106, 363, 0.44959874735743227, 0, 100000, 33.290443420410156, -16371.6103515625
1305, -25758.0093636862, False, 66.31223273277283, 1474, 0.44959874735743227, 0, 100000, 33.944759368896484, -16342.7763671875
1306, -18630.35013400903, False, 51.20691514015198, 1084, 0.44959874735743227, 0, 100000, 33.40109634399414, -16137.0576171875
1307, 8144.337443470955, True, 4.138273000717163, 75, 0.44959874735743227, 0, 100000, 28.7619686126709, -16096.611328125
1308, 8060.002104997635, True, 9.356028079986572, 182, 0.44959874735743227, 0, 100000, 38.299861907958984, -16120.361328125
1309, -7113.276233991608, False, 1.2083110809326172, 27, 0.44959874735743227, 0, 100000, 37.512271881103516, -15179.6474609375
1310, 7932.177846862309, True, 16.27398443222046, 330, 0.44959874735743227, 0, 100000, 31.01593589782715, -15992.2607421875
1311, -14238.400943398476, False, 30.19167399406433, 630, 0.44959874735743227, 0, 100000, 31.82628631591797, -15947.5234375
1312, -6870.4180512316525, False, 10.693866729736328, 246, 0.44959874735743227, 0, 100000, 34.96255111694336, -15921.013671875
1313, 8338.305545732379, True, 9.057974815368652, 201, 0.44959874735743227, 0, 100000, 33.80586242675781, -16236.830078125
1314, -7580.864680745057, False, 12.839432001113892, 277, 0.44959874735743227, 0, 100000, 31.071189880371094, -15904.40625
1315, 8063.9991075098515, True, 12.156268119812012, 274, 0.44959874735743227, 0, 100000, 33.61140823364258, -15444.107421875
1316, -7630.742270975374, False, 19.086673974990845, 432, 0.44959874735743227, 0, 100000, 36.20139694213867, -15799.2021484375
1317, 8070.029589608312, True, 13.811234474182129, 319, 0.44959874735743227, 0, 100000, 34.39005661010742, -15713.6630859375
1318, 8243.216777779162, True, 9.898522138595581, 216, 0.44959874735743227, 0, 100000, 31.488428115844727, -15971.373046875
1319, 8380.838707521558, True, 17.852402210235596, 393, 0.44959874735743227, 0, 100000, 32.88015365600586, -15775.1591796875
1320, -7170.947979934514, False, 5.558367967605591, 131, 0.44959874735743227, 0, 100000, 31.855253219604492, -15920.80078125
1321, 7250.941752948798, True, 13.592716693878174, 305, 0.44959874735743227, 0, 100000, 33.502620697021484, -15966.396484375
1322, 8228.885035784915, True, 9.209417343139648, 209, 0.44959874735743227, 0, 100000, 37.64070510864258, -15613.744140625
1323, 8523.963466644287, True, 13.308087587356567, 298, 0.44959874735743227, 0, 100000, 29.839948654174805, -15956.033203125
1324, -7405.913530056365, False, 6.270667552947998, 140, 0.44959874735743227, 0, 100000, 27.99726676940918, -15931.224609375
1325, -6868.550004478544, False, 11.167730569839478, 257, 0.44959874735743227, 0, 100000, 35.66377639770508, -15755.28515625
1326, 8294.209642359987, True, 14.702838897705078, 329, 0.44959874735743227, 0, 100000, 35.67028045654297, -15926.4228515625
1327, -7562.941834267229, False, 30.534446716308594, 682, 0.44959874735743227, 0, 100000, 34.674232482910156, -16064.6201171875
1328, -9318.476149349357, False, 40.22690033912659, 868, 0.44959874735743227, 0, 100000, 35.17611312866211, -15918.75390625
1329, 8306.235939003527, True, 9.765200853347778, 227, 0.44959874735743227, 0, 100000, 31.864416122436523, -15778.7431640625
1330, 8092.038215860724, True, 27.152489185333252, 594, 0.44959874735743227, 0, 100000, 30.321269989013672, -15933.572265625
1331, 8273.86747212382, True, 9.515737771987915, 219, 0.44959874735743227, 0, 100000, 31.36973762512207, -16504.94140625
1332, 8325.022818531841, True, 12.305585861206055, 265, 0.44959874735743227, 0, 100000, 35.957218170166016, -16095.2041015625
1333, -7115.186299458146, False, 2.0383028984069824, 47, 0.44959874735743227, 0, 100000, 20.640342712402344, -15933.9453125
1334, 8125.158142433502, True, 8.326986312866211, 179, 0.44959874735743227, 0, 100000, 32.046241760253906, -16139.0498046875
1335, -7559.11497399176, False, 4.2480080127716064, 96, 0.44959874735743227, 0, 100000, 34.08427810668945, -15996.90625
1336, 8132.157835263759, True, 7.391016244888306, 169, 0.44959874735743227, 0, 100000, 34.026458740234375, -15835.611328125
1337, 7959.301607195288, True, 14.94700312614441, 329, 0.44959874735743227, 0, 100000, 32.4753303527832, -16548.310546875
1338, 6675.932932994328, True, 21.5690655708313, 471, 0.44959874735743227, 0, 100000, 34.5406494140625, -15974.10546875
1339, 8212.973631843925, True, 18.22954773902893, 409, 0.44959874735743227, 0, 100000, 33.11365509033203, -16390.234375
1340, 8463.009101711214, True, 19.291082859039307, 408, 0.44959874735743227, 0, 100000, 34.161136627197266, -16312.1357421875
1341, -7582.334752856754, False, 21.041170358657837, 469, 0.44959874735743227, 0, 100000, 34.6895637512207, -16257.779296875
1342, -6891.121592387557, False, 9.09604024887085, 200, 0.44959874735743227, 0, 100000, 30.48095703125, -16038.7451171875
1343, 8159.188429534435, True, 6.965310573577881, 154, 0.44959874735743227, 0, 100000, 30.272987365722656, -16172.423828125
1344, 8062.42865614593, True, 7.915812253952026, 177, 0.44959874735743227, 0, 100000, 31.95212173461914, -16270.9326171875
1345, -7642.477614199743, False, 6.0556089878082275, 135, 0.44959874735743227, 0, 100000, 31.1568546295166, -16230.7255859375
1346, 8341.087188652251, True, 9.76222538948059, 224, 0.44959874735743227, 0, 100000, 31.640233993530273, -15892.955078125
1347, 8414.91117001549, True, 20.795541286468506, 454, 0.44959874735743227, 0, 100000, 37.031612396240234, -16290.0751953125
1348, -7788.980923954397, False, 14.60880732536316, 315, 0.44959874735743227, 0, 100000, 35.979896545410156, -16452.861328125
1349, 8166.125826179981, True, 4.090506076812744, 92, 0.44959874735743227, 0, 100000, 38.8734016418457, -16563.3203125
1350, 8214.11912408378, True, 26.021172046661377, 572, 0.44959874735743227, 0, 100000, 35.02150344848633, -16376.25
1351, 7788.8743197359145, True, 13.103427171707153, 309, 0.44959874735743227, 0, 100000, 33.70903778076172, -16539.83984375
1352, 8465.657684515929, True, 22.53253746032715, 477, 0.44959874735743227, 0, 100000, 32.53227233886719, -16508.044921875
1353, 8433.610413618386, True, 19.034576654434204, 430, 0.44959874735743227, 0, 100000, 34.19989013671875, -16724.880859375
1354, 7919.405981120653, True, 14.162990808486938, 317, 0.44959874735743227, 0, 100000, 35.784732818603516, -16729.83203125
1355, -7341.445695126662, False, 2.2580249309539795, 53, 0.44959874735743227, 0, 100000, 33.88892364501953, -16137.6142578125
1356, 8191.347823114134, True, 16.215558528900146, 359, 0.44959874735743227, 0, 100000, 33.23503494262695, -16646.857421875
1357, -7138.142501400085, False, 10.434911727905273, 241, 0.44959874735743227, 0, 100000, 33.97352981567383, -16600.701171875
1358, 8149.867465551943, True, 6.291348457336426, 143, 0.44959874735743227, 0, 100000, 29.203763961791992, -16429.48046875
1359, -7326.889057517052, False, 6.173853874206543, 141, 0.44959874735743227, 0, 100000, 35.238616943359375, -16271.8046875
1360, 8175.412698917091, True, 3.9899282455444336, 92, 0.44959874735743227, 0, 100000, 31.909177780151367, -16420.78125
1361, 7641.074887135997, True, 11.937521934509277, 265, 0.44959874735743227, 0, 100000, 30.977222442626953, -16490.755859375
1362, -7167.122818112373, False, 0.6531658172607422, 17, 0.44959874735743227, 0, 100000, 29.1616153717041, -15858.1474609375
1363, -6982.624538563192, False, 11.68678069114685, 267, 0.44959874735743227, 0, 100000, 32.816558837890625, -17015.361328125
1364, 7620.106418125331, True, 14.740076065063477, 314, 0.44959874735743227, 0, 100000, 32.310733795166016, -17105.16796875
1365, -9855.8942010412, False, 13.67344880104065, 317, 0.44959874735743227, 0, 100000, 34.410274505615234, -17255.328125
1366, -6841.111034967005, False, 9.413548946380615, 215, 0.44959874735743227, 0, 100000, 33.50130081176758, -16942.294921875
1367, 8206.03171881102, True, 14.598769187927246, 329, 0.44959874735743227, 0, 100000, 32.18565368652344, -17181.69921875
1368, 8254.030187413096, True, 9.61939525604248, 213, 0.44959874735743227, 0, 100000, 36.73202896118164, -16671.88671875
1369, 7607.591968941502, True, 14.145520448684692, 305, 0.44959874735743227, 0, 100000, 32.95591354370117, -17077.056640625
1370, -8260.104322921485, False, 5.4767982959747314, 127, 0.44959874735743227, 0, 100000, 28.748125076293945, -16861.00390625
1371, 8275.941064470448, True, 10.227293014526367, 224, 0.44959874735743227, 0, 100000, 32.53820037841797, -17266.408203125
1372, -7081.291455750819, False, 15.859645128250122, 340, 0.44959874735743227, 0, 100000, 33.61859893798828, -17417.462890625
1373, -6834.244003944099, False, 8.818989276885986, 194, 0.44959874735743227, 0, 100000, 33.7359619140625, -17192.53125
1374, 8311.151746570133, True, 10.040916442871094, 230, 0.44959874735743227, 0, 100000, 31.217065811157227, -17111.33984375
1375, -8851.120445056818, False, 19.280130863189697, 427, 0.44959874735743227, 0, 100000, 34.07892608642578, -17476.634765625
1376, 8343.07700394839, True, 9.578050374984741, 225, 0.44959874735743227, 0, 100000, 29.021297454833984, -17504.859375
1377, -7399.02433240501, False, 5.120903253555298, 119, 0.44959874735743227, 0, 100000, 31.463327407836914, -17776.8359375
1378, 8267.843208478764, True, 14.77140474319458, 336, 0.44959874735743227, 0, 100000, 31.73974609375, -17711.37890625
1379, -6949.718977164943, False, 14.226804256439209, 318, 0.44959874735743227, 0, 100000, 33.64388656616211, -17365.49609375
1380, -6915.462205304764, False, 11.579623460769653, 268, 0.44959874735743227, 0, 100000, 31.583892822265625, -17894.376953125
1381, 8353.63227339089, True, 10.17493748664856, 217, 0.44959874735743227, 0, 100000, 32.484352111816406, -17806.912109375
1382, -6906.209725040942, False, 12.371612787246704, 275, 0.44959874735743227, 0, 100000, 31.421096801757812, -18177.986328125
1383, 8172.03469568491, True, 6.851047515869141, 157, 0.44959874735743227, 0, 100000, 38.56715774536133, -17976.474609375
1384, -7269.224218727555, False, 12.69616436958313, 278, 0.44959874735743227, 0, 100000, 33.181922912597656, -18129.73046875
1385, 8249.469191979617, True, 12.931628942489624, 287, 0.44959874735743227, 0, 100000, 34.58749008178711, -17896.587890625
1386, -7784.868956916733, False, 11.086259841918945, 244, 0.44959874735743227, 0, 100000, 36.03103256225586, -18144.826171875
1387, -6978.1605086703785, False, 12.928603649139404, 287, 0.44959874735743227, 0, 100000, 33.426475524902344, -18010.544921875
1388, 8174.861331475433, True, 7.602306842803955, 169, 0.44959874735743227, 0, 100000, 34.379737854003906, -18014.73046875
1389, -7543.708891559159, False, 2.3314590454101562, 53, 0.44959874735743227, 0, 100000, 27.29369354248047, -17689.72265625
1390, 8078.881805077195, True, 9.55500316619873, 216, 0.44959874735743227, 0, 100000, 31.952796936035156, -18362.271484375
1391, 8112.290099046193, True, 21.84347653388977, 491, 0.44959874735743227, 0, 100000, 33.702667236328125, -18189.720703125
1392, -7627.595513164997, False, 2.9059364795684814, 70, 0.44959874735743227, 0, 100000, 26.873641967773438, -17865.634765625
1393, 8131.624610550702, True, 5.840672969818115, 138, 0.44959874735743227, 0, 100000, 35.261539459228516, -18276.42578125
1394, 7590.7319137835875, True, 15.837498903274536, 350, 0.44959874735743227, 0, 100000, 33.25712203979492, -18517.21875
1395, 7791.791793719865, True, 11.248453617095947, 261, 0.44959874735743227, 0, 100000, 33.464229583740234, -18291.689453125
1396, -7894.337944086641, False, 16.59994912147522, 371, 0.44959874735743227, 0, 100000, 32.00825881958008, -18147.44140625
1397, 8275.619088806212, True, 10.012075662612915, 233, 0.44959874735743227, 0, 100000, 36.00771713256836, -18140.283203125
1398, 8065.366599294124, True, 15.820971488952637, 351, 0.44959874735743227, 0, 100000, 34.90638732910156, -18144.48828125
1399, -7965.484806666616, False, 4.618184804916382, 106, 0.44959874735743227, 0, 100000, 36.40102767944336, -17939.28515625
1400, -7014.642372401431, False, 11.674102783203125, 265, 0.44959874735743227, 0, 100000, 32.04863739013672, -18234.931640625
1401, -6890.670092776418, False, 9.319826364517212, 208, 0.44959874735743227, 0, 100000, 31.081357955932617, -18397.86328125
1402, 8123.71508438047, True, 13.88044810295105, 314, 0.44959874735743227, 0, 100000, 34.99934387207031, -18199.130859375
1403, 7768.24665127974, True, 24.73341655731201, 559, 0.44959874735743227, 0, 100000, 36.26420974731445, -18291.59375
1404, -9980.709533118177, False, 17.69856834411621, 408, 0.44959874735743227, 0, 100000, 33.37018585205078, -18195.880859375
1405, 8337.237315282226, True, 10.333696365356445, 236, 0.44959874735743227, 0, 100000, 35.20186996459961, -18048.26953125
1406, 7953.248913213611, True, 14.124417781829834, 325, 0.44959874735743227, 0, 100000, 31.923080444335938, -18156.3515625
1407, -19068.3991160905, False, 42.13874363899231, 941, 0.44959874735743227, 0, 100000, 35.76272201538086, -18377.58984375
1408, 8328.566816270351, True, 10.11614990234375, 226, 0.44959874735743227, 0, 100000, 34.19578170776367, -17468.287109375
1409, -7075.056984059513, False, 5.675663709640503, 128, 0.44959874735743227, 0, 100000, 36.275123596191406, -17962.29296875
1410, 8081.674983205739, True, 12.438665390014648, 286, 0.44959874735743227, 0, 100000, 35.30558776855469, -18474.640625
1411, -7370.265456699068, False, 4.862264633178711, 112, 0.44959874735743227, 0, 100000, 35.97465515136719, -17715.26171875
1412, 8329.023454934359, True, 9.934625387191772, 220, 0.44959874735743227, 0, 100000, 38.27958679199219, -18208.107421875
1413, 8531.8737830678, True, 20.18911600112915, 453, 0.44959874735743227, 0, 100000, 34.541019439697266, -18098.673828125
1414, -7868.582612911239, False, 5.689783096313477, 134, 0.44959874735743227, 0, 100000, 29.2355899810791, -18017.494140625
1415, 8422.734423303977, True, 15.476026058197021, 348, 0.44959874735743227, 0, 100000, 37.022003173828125, -18296.208984375
1416, 8430.675912056118, True, 31.11235737800598, 668, 0.44959874735743227, 0, 100000, 32.52994155883789, -18354.50390625
1417, 7417.643575025722, True, 33.320812463760376, 741, 0.44959874735743227, 0, 100000, 33.538291931152344, -18310.09375
1418, -7853.084717944264, False, 27.337151765823364, 602, 0.44959874735743227, 0, 100000, 34.21804428100586, -18476.955078125
1419, 8354.64294026792, True, 10.285970211029053, 241, 0.44959874735743227, 0, 100000, 38.21540832519531, -18583.939453125
1420, -6995.026379287243, False, 12.80195951461792, 269, 0.44959874735743227, 0, 100000, 33.15254592895508, -18425.595703125
1421, 8177.535007476923, True, 7.116398572921753, 159, 0.44959874735743227, 0, 100000, 33.1743278503418, -18735.23046875
1422, -7203.2630575874355, False, 11.703532934188843, 263, 0.44959874735743227, 0, 100000, 31.245376586914062, -18777.12890625
1423, -6954.667166473344, False, 11.465757846832275, 266, 0.44959874735743227, 0, 100000, 33.303218841552734, -18636.01953125
1424, 8387.810456908774, True, 13.629076957702637, 297, 0.44959874735743227, 0, 100000, 39.18070602416992, -18857.12890625
1425, 8181.460854686797, True, 24.83285641670227, 538, 0.44959874735743227, 0, 100000, 32.669132232666016, -18582.28515625
1426, -7955.528450335376, False, 12.259759187698364, 283, 0.44959874735743227, 0, 100000, 32.885746002197266, -18745.134765625
1427, 8120.890891971067, True, 6.264714241027832, 144, 0.44959874735743227, 0, 100000, 36.17561340332031, -18666.41796875
1428, -6966.811776161194, False, 4.643125057220459, 103, 0.44959874735743227, 0, 100000, 34.22848129272461, -18299.025390625
1429, 8154.20323786512, True, 14.012150287628174, 317, 0.44959874735743227, 0, 100000, 33.99217987060547, -18661.416015625
1430, 8240.139670811594, True, 9.513799905776978, 217, 0.44959874735743227, 0, 100000, 32.55784225463867, -18685.96484375
1431, 8122.24946719408, True, 8.761748552322388, 200, 0.44959874735743227, 0, 100000, 34.41096115112305, -18444.765625
1432, 8473.07722094655, True, 28.797553062438965, 633, 0.44959874735743227, 0, 100000, 33.055259704589844, -18612.017578125
1433, -7043.090750185773, False, 11.52086353302002, 258, 0.44959874735743227, 0, 100000, 31.51021957397461, -18810.462890625
1434, 8143.905212139711, True, 6.760274171829224, 150, 0.44959874735743227, 0, 100000, 36.7911262512207, -18631.2734375
1435, 7825.665712640621, True, 9.398867130279541, 205, 0.44959874735743227, 0, 100000, 33.50682830810547, -18626.79296875
1436, -7010.917359753279, False, 21.11222791671753, 469, 0.44959874735743227, 0, 100000, 33.824222564697266, -18897.998046875
1437, 8115.867041742196, True, 6.115169525146484, 142, 0.44959874735743227, 0, 100000, 29.348255157470703, -18641.728515625
1438, -6953.338254749775, False, 4.701077938079834, 108, 0.44959874735743227, 0, 100000, 37.730865478515625, -18294.841796875
1439, 7620.850910849869, True, 10.334301948547363, 235, 0.44959874735743227, 0, 100000, 37.84738540649414, -18766.8515625
1440, 8141.2371240109205, True, 8.731912612915039, 199, 0.44959874735743227, 0, 100000, 33.636322021484375, -18636.8046875
1441, -7839.807908542454, False, 11.443236351013184, 260, 0.44959874735743227, 0, 100000, 34.64784622192383, -18292.09375
1442, 8165.63810172677, True, 4.03992772102356, 91, 0.44959874735743227, 0, 100000, 30.852863311767578, -18639.556640625
1443, 8311.322449121624, True, 9.772539138793945, 222, 0.44959874735743227, 0, 100000, 29.227176666259766, -18634.39453125
1444, -7979.6178999962285, False, 27.74104928970337, 616, 0.44959874735743227, 0, 100000, 34.758941650390625, -18755.302734375
1445, -8429.402483373065, False, 274.83505511283875, 1932, 0.44959874735743227, 0, 100000, 33.62113571166992, -18681.130859375
1446, -7001.4234211966395, False, 7.940528869628906, 128, 0.44959874735743227, 0, 100000, 33.75241470336914, -18194.224609375
1447, -7553.993532950291, False, 25.33381414413452, 505, 0.44959874735743227, 0, 100000, 32.73101806640625, -18635.681640625
1448, 8289.21894343011, True, 9.80590009689331, 214, 0.44959874735743227, 0, 100000, 35.35471725463867, -18489.888671875
1449, -7347.0025875316205, False, 7.261973857879639, 162, 0.44959874735743227, 0, 100000, 36.630210876464844, -18544.845703125
1450, -9087.284060961916, False, 12.987574100494385, 291, 0.44959874735743227, 0, 100000, 31.50187873840332, -18527.982421875
1451, 8343.620012321044, True, 15.491827964782715, 347, 0.44959874735743227, 0, 100000, 33.99272155761719, -18620.94921875
1452, -10787.495707018534, False, 31.97748613357544, 670, 0.44959874735743227, 0, 100000, 34.76915740966797, -18669.814453125
1453, -6906.178411215544, False, 11.218818426132202, 263, 0.44959874735743227, 0, 100000, 36.01738357543945, -18370.052734375
1454, 8052.303693972528, True, 13.236277103424072, 306, 0.44959874735743227, 0, 100000, 32.00407791137695, -18413.36328125
1455, -7647.4992218874395, False, 12.180328369140625, 283, 0.44959874735743227, 0, 100000, 32.48197937011719, -18518.33984375
1456, 8329.574332203716, True, 9.682059049606323, 224, 0.44959874735743227, 0, 100000, 33.943016052246094, -18527.79296875
1457, 8525.948254324496, True, 20.083036184310913, 453, 0.44959874735743227, 0, 100000, 33.4987678527832, -18679.796875
1458, -7552.752495707013, False, 13.559570550918579, 314, 0.44959874735743227, 0, 100000, 33.33211898803711, -18902.2890625
1459, 8166.86259329319, True, 4.082697153091431, 96, 0.44959874735743227, 0, 100000, 31.927404403686523, -18195.12109375
