episode, reward, duration, n_steps, epsilon, success_count, memory length, avg_critic_loss, avg_actor_loss
1, 510.7079553604126, 0.03521871566772461, 4, 1.0, 0, 3, 0.0, 0.0
2, 502.7709077373147, 3.5675861835479736, 145, 0.999, 0, 147, 0.5897164344787598, -4.798661231994629
3, -1149.7146806793753, 44.49768829345703, 598, 0.998001, 0, 744, 2.7645835876464844, -125.69683837890625
4, -1166.9145993009442, 43.88436555862427, 598, 0.997002999, 0, 1341, 2.3478565216064453, -225.93284606933594
5, -1160.2547055114992, 43.886642932891846, 598, 0.996005996001, 0, 1938, 2.469050168991089, -303.09307861328125
6, -1153.4810252259485, 43.65866041183472, 598, 0.995009990004999, 0, 2535, 2.3805975914001465, -374.2601013183594
7, -1146.0616092964774, 47.37547421455383, 598, 0.994014980014994, 0, 3132, 2.774501323699951, -431.4290771484375
8, 805.5091071395436, 39.63168239593506, 537, 0.993020965034979, 0, 3668, 2.785693407058716, -476.1427917480469
9, -1138.1659130435437, 57.14767932891846, 598, 0.9920279440699441, 0, 4265, 2.418853759765625, -517.1538696289062
10, -1150.2982498575002, 53.78674793243408, 598, 0.9910359161258742, 0, 4862, 2.2290754318237305, -554.5107421875
11, -1156.8474546710495, 52.448405742645264, 598, 0.9900448802097482, 0, 5459, 2.4408676624298096, -591.1182861328125
12, -1137.2595461042365, 55.74313712120056, 598, 0.9890548353295385, 0, 6056, 2.5023202896118164, -629.9747314453125
13, -1149.391944073839, 55.37868928909302, 598, 0.988065780494209, 0, 6653, 2.682177782058716, -667.7611694335938
14, -1159.8153025899082, 54.68148994445801, 598, 0.9870777147137147, 0, 7250, 2.5054242610931396, -705.777587890625
15, -1151.8246524817077, 54.944411516189575, 598, 0.986090636999001, 0, 7847, 2.341569662094116, -731.2528686523438
16, -1151.5755013434682, 56.12639546394348, 598, 0.9851045463620021, 0, 8444, 2.5738492012023926, -767.2953491210938
17, -1162.4385596630163, 54.83643555641174, 598, 0.98411944181564, 0, 9041, 2.4458789825439453, -801.4189453125
18, -1187.1187461665832, 55.224536657333374, 598, 0.9831353223738244, 0, 9638, 2.2553162574768066, -831.5138549804688
19, -1131.338305332698, 55.12794327735901, 598, 0.9821521870514506, 0, 10235, 2.409341812133789, -861.2705078125
20, -1170.6430863826536, 46.846272230148315, 598, 0.9811700348643991, 0, 10832, 2.193709135055542, -901.9552612304688
21, -1171.154646949144, 40.75160884857178, 598, 0.9801888648295347, 0, 11429, 2.2788901329040527, -919.8192138671875
22, -1135.2104594744742, 41.56514883041382, 598, 0.9792086759647052, 0, 12026, 2.304380178451538, -953.988525390625
23, -1155.9848878196208, 41.61356282234192, 598, 0.9782294672887405, 0, 12623, 2.581568956375122, -987.8773803710938
24, -1169.8905832110904, 41.68178200721741, 598, 0.9772512378214517, 0, 13220, 2.4274911880493164, -1019.1258544921875
25, -1193.1009042183869, 41.50125455856323, 598, 0.9762739865836303, 0, 13817, 2.3066763877868652, -1046.358642578125
26, -1136.5921310503036, 41.180946588516235, 598, 0.9752977125970467, 0, 14414, 1.8960319757461548, -1083.946533203125
27, -1141.1368672517128, 40.69245481491089, 598, 0.9743224148844496, 0, 15011, 2.1857242584228516, -1113.4586181640625
28, -1142.7365928948857, 41.30127239227295, 598, 0.9733480924695651, 0, 15608, 3.0043435096740723, -1147.8765869140625
29, -1175.095208654413, 41.1833610534668, 598, 0.9723747443770956, 0, 16205, 2.4800167083740234, -1185.5233154296875
30, -1161.753688005032, 42.538389921188354, 598, 0.9714023696327185, 0, 16802, 2.503059148788452, -1221.6585693359375
31, -1144.184553682804, 41.926066637039185, 598, 0.9704309672630859, 0, 17399, 2.494433641433716, -1251.953857421875
32, -1156.8414952435414, 40.6101861000061, 598, 0.9694605362958227, 0, 17996, 3.007082223892212, -1293.6749267578125
33, -1184.3759263645188, 42.14501976966858, 598, 0.9684910757595269, 0, 18593, 2.178403615951538, -1316.2110595703125
34, -1148.954219788313, 41.598243951797485, 598, 0.9675225846837673, 0, 19190, 2.377762794494629, -1361.2913818359375
35, -1143.2781206305372, 41.47053599357605, 598, 0.9665550620990835, 0, 19787, 2.561774969100952, -1395.8995361328125
36, -1149.6603471337585, 41.25173807144165, 598, 0.9655885070369844, 0, 20384, 3.099233627319336, -1425.3358154296875
37, -1180.508204550948, 41.22915244102478, 598, 0.9646229185299474, 0, 20981, 2.728027820587158, -1455.239501953125
38, -1187.028563478496, 41.396657943725586, 598, 0.9636582956114175, 0, 21578, 2.8655459880828857, -1485.881103515625
39, -1174.1767829993041, 41.49874830245972, 598, 0.9626946373158061, 0, 22175, 2.248337507247925, -1515.3876953125
40, -1142.0734804484528, 41.35405230522156, 598, 0.9617319426784903, 0, 22772, 2.407074451446533, -1556.85205078125
41, -1129.024054164067, 42.01404333114624, 598, 0.9607702107358118, 0, 23369, 2.963212728500366, -1589.0367431640625
42, -1144.3065724743938, 42.64452815055847, 598, 0.959809440525076, 0, 23966, 2.499601125717163, -1629.4556884765625
43, -1143.469117399305, 40.5279655456543, 598, 0.9588496310845509, 0, 24563, 2.4428625106811523, -1657.771240234375
44, -1153.1433686327655, 41.69589853286743, 598, 0.9578907814534664, 0, 25160, 2.387730360031128, -1694.7637939453125
45, -1139.396998417098, 40.749510765075684, 598, 0.9569328906720129, 0, 25757, 2.6621177196502686, -1716.5838623046875
46, -1181.2920584813692, 42.30858135223389, 598, 0.9559759577813409, 0, 26354, 2.4397270679473877, -1753.309814453125
47, -1158.7290106860455, 40.64361333847046, 598, 0.9550199818235596, 0, 26951, 2.586409091949463, -1787.73974609375
48, -1148.7606622661697, 40.30391883850098, 598, 0.9540649618417361, 0, 27548, 2.395747423171997, -1813.9381103515625
49, -1154.4382544842665, 40.41853666305542, 598, 0.9531108968798944, 0, 28145, 2.6779844760894775, -1847.8165283203125
50, -1132.7268866393715, 40.81080889701843, 598, 0.9521577859830145, 0, 28742, 2.5308170318603516, -1875.3770751953125
51, -1176.4775260153692, 40.89553666114807, 598, 0.9512056281970315, 0, 29339, 2.1682252883911133, -1919.091552734375
52, -1154.646929795621, 40.20991587638855, 598, 0.9502544225688344, 0, 29936, 2.4713222980499268, -1946.1011962890625
53, -1157.611543376348, 40.47468543052673, 598, 0.9493041681462656, 0, 30533, 2.832444906234741, -1974.4674072265625
54, -1140.1358137326315, 40.27123475074768, 598, 0.9483548639781193, 0, 31130, 2.829094171524048, -2010.041015625
55, -1168.2721916463906, 40.229063272476196, 598, 0.9474065091141411, 0, 31727, 2.6083221435546875, -2039.583984375
56, -1172.462912555493, 40.725534439086914, 598, 0.946459102605027, 0, 32324, 2.6777775287628174, -2067.868408203125
57, -1180.6171922947979, 40.40664339065552, 598, 0.9455126435024219, 0, 32921, 2.4573497772216797, -2101.857666015625
58, -1158.8398585548857, 41.099632263183594, 598, 0.9445671308589195, 0, 33518, 2.8058295249938965, -2133.220703125
59, -1146.6856244783849, 40.94631743431091, 598, 0.9436225637280606, 0, 34115, 2.2936322689056396, -2165.255126953125
60, -1173.1780851630028, 41.127037525177, 598, 0.9426789411643326, 0, 34712, 2.5521645545959473, -2194.900146484375
61, -1165.1486510993564, 41.02208065986633, 598, 0.9417362622231683, 0, 35309, 2.6154210567474365, -2223.368408203125
62, -1157.6349317906424, 40.818233251571655, 598, 0.9407945259609451, 0, 35906, 2.375190496444702, -2253.42041015625
63, -1137.0894933860982, 40.7105188369751, 598, 0.9398537314349842, 0, 36503, 2.446237564086914, -2280.3076171875
64, -1175.969090584782, 41.40922164916992, 598, 0.9389138777035492, 0, 37100, 2.326550245285034, -2312.626220703125
65, -1169.8585485299118, 41.85382890701294, 598, 0.9379749638258457, 0, 37697, 2.5832479000091553, -2342.233154296875
66, -1138.5733966324478, 41.08457279205322, 598, 0.9370369888620198, 0, 38294, 2.7685387134552, -2364.643798828125
67, -1181.373831101344, 40.9652681350708, 598, 0.9360999518731578, 0, 38891, 2.7391765117645264, -2397.709716796875
68, -1155.449971827562, 42.216824531555176, 598, 0.9351638519212846, 0, 39488, 2.444538116455078, -2423.48193359375
69, -1174.5902555021457, 40.90071678161621, 598, 0.9342286880693633, 0, 40085, 2.696192979812622, -2452.5048828125
70, -1143.2706242706627, 42.29195857048035, 598, 0.933294459381294, 0, 40682, 2.7298521995544434, -2478.38232421875
71, -1150.677989933407, 42.410778284072876, 598, 0.9323611649219127, 0, 41279, 2.4608867168426514, -2508.651123046875
72, -1141.4621638774406, 42.5054292678833, 598, 0.9314288037569908, 0, 41876, 2.323931932449341, -2532.12646484375
73, -1186.1014377032407, 41.06102132797241, 598, 0.9304973749532338, 0, 42473, 2.6138010025024414, -2560.901123046875
74, -1144.3953931869619, 42.539398193359375, 598, 0.9295668775782806, 0, 43070, 2.269474744796753, -2589.365966796875
75, -1145.0205039125285, 42.183714628219604, 598, 0.9286373107007023, 0, 43667, 2.953181505203247, -2614.36376953125
76, -1181.3391137868166, 41.76119112968445, 598, 0.9277086733900016, 0, 44264, 2.720691442489624, -2637.421875
77, -1141.3028302624007, 41.86706352233887, 598, 0.9267809647166116, 0, 44861, 2.4096944332122803, -2664.72900390625
78, -1177.5711182677187, 41.8246111869812, 598, 0.925854183751895, 0, 45458, 2.579662561416626, -2693.801513671875
79, -1134.8492507666815, 41.73444128036499, 598, 0.9249283295681431, 0, 46055, 2.8486273288726807, -2715.548583984375
80, -1155.2836565057337, 41.5340735912323, 598, 0.9240034012385749, 0, 46652, 2.647104501724243, -2745.201416015625
81, -1149.7818273867088, 41.84191036224365, 598, 0.9230793978373364, 0, 47249, 2.7738149166107178, -2768.52978515625
82, -1180.2494674948975, 42.4059054851532, 598, 0.9221563184394991, 0, 47846, 2.635874032974243, -2795.06103515625
83, -1190.996781612048, 41.96075963973999, 598, 0.9212341621210596, 0, 48443, 2.239633798599243, -2823.506591796875
84, -1139.042564398842, 41.72679042816162, 598, 0.9203129279589385, 0, 49040, 2.5333523750305176, -2851.18896484375
85, -1152.6667675024364, 41.62710189819336, 598, 0.9193926150309796, 0, 49637, 2.7293286323547363, -2876.846435546875
86, -1143.4061662238091, 41.60400724411011, 598, 0.9184732224159486, 0, 50234, 3.125004291534424, -2898.636474609375
87, -1139.7232125110459, 41.92910695075989, 598, 0.9175547491935327, 0, 50831, 2.2446999549865723, -2926.537109375
88, -1153.4671511366032, 41.20340299606323, 598, 0.9166371944443392, 0, 51428, 2.3148419857025146, -2951.06005859375
89, -1164.1998881725594, 42.95679712295532, 598, 0.9157205572498949, 0, 52025, 2.613523244857788, -2977.8544921875
90, -1166.5709227385232, 42.85040807723999, 598, 0.914804836692645, 0, 52622, 2.998521089553833, -2999.91162109375
91, -1161.833019270096, 42.79570913314819, 598, 0.9138900318559524, 0, 53219, 2.636336326599121, -3025.992919921875
92, -1152.5593371663708, 42.5980179309845, 598, 0.9129761418240965, 0, 53816, 2.5436630249023438, -3049.490966796875
93, -1156.8866424134467, 43.07891225814819, 598, 0.9120631656822724, 0, 54413, 2.2720699310302734, -3084.69091796875
94, -1144.28194493521, 43.420494556427, 598, 0.9111511025165902, 0, 55010, 2.5870535373687744, -3102.4736328125
95, -1151.2632508830866, 42.510112047195435, 598, 0.9102399514140735, 0, 55607, 2.456237554550171, -3123.1826171875
96, -1171.2156229955144, 42.789663791656494, 598, 0.9093297114626595, 0, 56204, 2.2991745471954346, -3151.836669921875
97, -1145.6265994701535, 43.13394069671631, 598, 0.9084203817511969, 0, 56801, 2.4640252590179443, -3175.12158203125
98, -1168.9071073840605, 44.19466209411621, 598, 0.9075119613694457, 0, 57398, 2.853520631790161, -3203.673095703125
99, -1155.916884095408, 42.90297341346741, 598, 0.9066044494080763, 0, 57995, 2.8030362129211426, -3224.83349609375
100, -1199.2783406577073, 43.33246994018555, 598, 0.9056978449586682, 0, 58592, 2.6367549896240234, -3253.050048828125
101, -1157.2536380453967, 42.525596618652344, 598, 0.9047921471137096, 0, 59189, 2.4890296459198, -3267.578857421875
102, -1152.1040140519908, 42.81839680671692, 598, 0.9038873549665959, 0, 59786, 2.733569860458374, -3297.906982421875
103, -1143.320747798778, 43.63486838340759, 598, 0.9029834676116293, 0, 60383, 2.280623435974121, -3322.3095703125
104, -1154.1007524914457, 43.137629985809326, 598, 0.9020804841440176, 0, 60980, 2.722332000732422, -3346.751708984375
105, -1147.7829937390052, 44.28617882728577, 598, 0.9011784036598737, 0, 61577, 2.493879795074463, -3368.943359375
106, -1141.411602084234, 45.51267957687378, 598, 0.9002772252562138, 0, 62174, 2.4945430755615234, -3384.557861328125
107, -1158.8432311306242, 44.10097694396973, 598, 0.8993769480309576, 0, 62771, 2.6689305305480957, -3418.379638671875
108, -1182.2574781884323, 43.89548301696777, 598, 0.8984775710829266, 0, 63368, 2.829841136932373, -3437.22119140625
109, -1136.2583581629442, 44.569520711898804, 598, 0.8975790935118436, 0, 63965, 2.5669093132019043, -3458.1005859375
110, -1164.5981959687779, 44.39008116722107, 598, 0.8966815144183318, 0, 64562, 2.4962990283966064, -3483.92529296875
111, -1166.7406402511988, 44.268848180770874, 598, 0.8957848329039134, 0, 65159, 2.432555913925171, -3506.92578125
112, -1154.8101343857707, 45.40571308135986, 598, 0.8948890480710096, 0, 65756, 2.7354955673217773, -3526.689697265625
113, -1173.7505937498063, 45.3275785446167, 598, 0.8939941590229386, 0, 66353, 2.637385845184326, -3556.585693359375
114, -1165.7466638931073, 45.149001359939575, 598, 0.8931001648639156, 0, 66950, 2.7595179080963135, -3572.432373046875
115, -1159.0934167337837, 45.49375104904175, 598, 0.8922070646990518, 0, 67547, 2.6533446311950684, -3583.82568359375
116, -1142.8319874947192, 45.88755702972412, 598, 0.8913148576343527, 0, 68144, 2.6049585342407227, -3609.091552734375
117, -1149.1073522216175, 45.644545793533325, 598, 0.8904235427767183, 0, 68741, 2.8130574226379395, -3640.97412109375
118, -1142.665491095373, 46.24543833732605, 598, 0.8895331192339416, 0, 69338, 2.242044448852539, -3653.5517578125
119, -1136.3013025289401, 47.17782115936279, 598, 0.8886435861147077, 0, 69935, 2.388418674468994, -3673.32568359375
120, -1168.1048881458119, 46.42330837249756, 598, 0.887754942528593, 0, 70532, 2.245516777038574, -3705.989501953125
121, -1166.5982511524344, 46.842912435531616, 598, 0.8868671875860644, 0, 71129, 2.409484624862671, -3724.150146484375
122, -1153.9418513187557, 46.55026316642761, 598, 0.8859803203984784, 0, 71726, 2.7810561656951904, -3741.425537109375
123, -1157.295328732871, 44.61511969566345, 598, 0.88509434007808, 0, 72323, 2.887084484100342, -3760.1826171875
124, -1152.823219747981, 45.401599407196045, 598, 0.8842092457380019, 0, 72920, 2.482142925262451, -3781.778076171875
125, -1151.5795490900055, 46.03121542930603, 598, 0.8833250364922639, 0, 73517, 2.343402624130249, -3803.944091796875
126, -1150.1166874165647, 46.3657751083374, 598, 0.8824417114557717, 0, 74114, 2.408848285675049, -3819.77587890625
127, -1151.997296393849, 45.86074662208557, 598, 0.8815592697443159, 0, 74711, 2.426692008972168, -3841.035888671875
128, -1146.2066113282926, 46.129143953323364, 598, 0.8806777104745716, 0, 75308, 2.2591261863708496, -3871.080322265625
129, -1148.9223747296637, 45.91795825958252, 598, 0.8797970327640969, 0, 75905, 2.6828434467315674, -3886.352783203125
130, -1162.9333520766813, 46.53441882133484, 598, 0.8789172357313328, 0, 76502, 2.5148143768310547, -3901.518310546875
131, -1155.7822151880246, 47.2399537563324, 598, 0.8780383184956015, 0, 77099, 2.698240280151367, -3919.826171875
132, -1145.8109994886909, 46.28198313713074, 598, 0.8771602801771059, 0, 77696, 2.5650906562805176, -3940.326904296875
133, -1174.4340750081465, 46.85050845146179, 598, 0.8762831198969288, 0, 78293, 2.45805025100708, -3962.68359375
134, -1141.2295211173332, 47.65519976615906, 598, 0.8754068367770318, 0, 78890, 2.8711001873016357, -3980.6884765625
135, -1165.5441594338045, 46.946863889694214, 598, 0.8745314299402548, 0, 79487, 2.625678062438965, -4003.310546875
136, -1157.203916205559, 47.33172154426575, 598, 0.8736568985103146, 0, 80084, 2.526068925857544, -4021.562255859375
137, -1155.417424471234, 47.66836738586426, 598, 0.8727832416118043, 0, 80681, 2.479663133621216, -4039.94140625
138, -1157.6856611631229, 46.888683795928955, 598, 0.8719104583701925, 0, 81278, 2.627441883087158, -4062.786376953125
139, -1148.1167483960744, 47.43903207778931, 598, 0.8710385479118223, 0, 81875, 2.5561630725860596, -4075.391357421875
140, -1157.7210128840525, 48.295297145843506, 598, 0.8701675093639105, 0, 82472, 2.298046588897705, -4093.530029296875
141, -1161.5908432914875, 46.87068772315979, 598, 0.8692973418545467, 0, 83069, 2.0457684993743896, -4116.0849609375
142, -1140.6172964758007, 47.496381521224976, 598, 0.8684280445126921, 0, 83666, 2.663259744644165, -4130.3271484375
143, -1164.948660035152, 47.618815898895264, 598, 0.8675596164681794, 0, 84263, 2.4672200679779053, -4145.59716796875
144, -1159.8712210482336, 47.88616633415222, 598, 0.8666920568517111, 0, 84860, 2.4675445556640625, -4167.1640625
145, -1133.6015971838497, 47.542906761169434, 598, 0.8658253647948594, 0, 85457, 2.7337875366210938, -4184.9072265625
146, -1136.7012631194666, 48.77914071083069, 598, 0.8649595394300645, 0, 86054, 2.5246872901916504, -4205.1796875
147, -1173.9717527152388, 48.4845495223999, 598, 0.8640945798906344, 0, 86651, 2.4781601428985596, -4220.9169921875
148, -1172.054574722657, 47.484753131866455, 598, 0.8632304853107438, 0, 87248, 2.346710205078125, -4237.67041015625
149, -1163.4526119945222, 47.50140142440796, 598, 0.862367254825433, 0, 87845, 2.4630205631256104, -4252.3974609375
150, -1179.6272975215688, 47.1517288684845, 598, 0.8615048875706075, 0, 88442, 2.814185619354248, -4274.9755859375
151, -1162.6577942641452, 48.185795307159424, 598, 0.8606433826830369, 0, 89039, 2.8164446353912354, -4291.9951171875
152, -1141.581191067933, 47.71964883804321, 598, 0.8597827393003539, 0, 89636, 2.7898507118225098, -4310.154296875
153, -1140.1914794136537, 47.14797401428223, 598, 0.8589229565610536, 0, 90233, 2.7112648487091064, -4325.85009765625
154, -1172.9901676746085, 48.68695878982544, 598, 0.8580640336044925, 0, 90830, 2.418257713317871, -4342.26953125
155, -1145.890809596458, 47.498356103897095, 598, 0.857205969570888, 0, 91427, 2.2764599323272705, -4359.783203125
156, -1153.4552222665516, 47.6406466960907, 598, 0.8563487636013172, 0, 92024, 2.546511650085449, -4382.20849609375
157, -1158.2698058956303, 47.39968943595886, 598, 0.8554924148377159, 0, 92621, 2.802966594696045, -4397.234375
158, -1158.184983428102, 47.789165019989014, 598, 0.8546369224228781, 0, 93218, 2.3795783519744873, -4417.92138671875
159, -1146.4230151866213, 47.82368779182434, 598, 0.8537822855004553, 0, 93815, 2.3298726081848145, -4429.4365234375
160, -1151.9141482030973, 48.84938979148865, 598, 0.8529285032149548, 0, 94412, 2.325639009475708, -4452.52587890625
161, -1157.856723920675, 47.606741189956665, 598, 0.8520755747117399, 0, 95009, 2.43328595161438, -4461.96044921875
162, -1148.9304153926205, 48.78367209434509, 598, 0.8512234991370281, 0, 95606, 3.0738298892974854, -4485.6708984375
163, -1151.5303970419918, 48.05132794380188, 598, 0.8503722756378911, 0, 96203, 2.5051236152648926, -4501.14990234375
164, -1140.934200153686, 49.12897038459778, 598, 0.8495219033622532, 0, 96800, 2.49475359916687, -4514.876953125
165, -1134.915626087226, 49.201207876205444, 598, 0.8486723814588909, 0, 97397, 2.4720308780670166, -4536.615234375
166, -1132.365856656339, 49.1825897693634, 598, 0.847823709077432, 0, 97994, 2.493473768234253, -4554.369140625
167, -1147.3821264361031, 49.813053369522095, 598, 0.8469758853683546, 0, 98591, 2.4340834617614746, -4567.1796875
168, -1145.6269233077765, 49.218072175979614, 598, 0.8461289094829862, 0, 99188, 2.257171630859375, -4582.7880859375
169, -1159.402254848741, 48.13414001464844, 598, 0.8452827805735033, 0, 99785, 2.745934247970581, -4596.40283203125
170, -1133.2877823458402, 49.503700494766235, 598, 0.8444374977929298, 0, 100000, 2.079749584197998, -4618.90087890625
171, -1168.7949640183942, 49.811445236206055, 598, 0.8435930602951368, 0, 100000, 2.263873815536499, -4629.24755859375
172, -1156.5938480789773, 49.1405508518219, 598, 0.8427494672348417, 0, 100000, 2.9869790077209473, -4650.55859375
173, -1143.78058746038, 48.9176607131958, 598, 0.8419067177676068, 0, 100000, 2.431678295135498, -4664.34033203125
174, -1140.9817501083016, 48.93861961364746, 598, 0.8410648110498392, 0, 100000, 2.2618918418884277, -4682.43408203125
175, -1167.4220761680044, 48.90976119041443, 598, 0.8402237462387894, 0, 100000, 2.695061683654785, -4694.19970703125
176, -1132.8811652672885, 48.62267446517944, 598, 0.8393835224925505, 0, 100000, 2.8710896968841553, -4715.1240234375
177, -1149.5236178769846, 48.91072177886963, 598, 0.838544138970058, 0, 100000, 2.442824125289917, -4722.3330078125
178, -1146.3364998779725, 49.76816391944885, 598, 0.8377055948310879, 0, 100000, 2.5442516803741455, -4739.701171875
179, -1148.4954844470485, 49.38114070892334, 598, 0.8368678892362568, 0, 100000, 2.6444098949432373, -4756.59765625
180, -1148.6583521638531, 49.65071129798889, 598, 0.8360310213470206, 0, 100000, 2.4653165340423584, -4771.87939453125
181, -1149.0501175847312, 49.98419666290283, 598, 0.8351949903256736, 0, 100000, 2.2032065391540527, -4783.18505859375
182, -1158.9835649423767, 49.28017067909241, 598, 0.8343597953353479, 0, 100000, 2.405412435531616, -4806.17333984375
183, -1161.3301675410476, 49.270726442337036, 598, 0.8335254355400126, 0, 100000, 2.9883933067321777, -4812.95263671875
184, -1160.6001235828735, 49.23800301551819, 598, 0.8326919101044725, 0, 100000, 2.7280168533325195, -4831.685546875
185, -1142.199812874198, 49.430232524871826, 598, 0.831859218194368, 0, 100000, 2.8282723426818848, -4843.458984375
186, -1154.6847636208404, 49.731616258621216, 598, 0.8310273589761736, 0, 100000, 2.445920944213867, -4859.83935546875
187, -1150.378437846899, 49.56425166130066, 598, 0.8301963316171974, 0, 100000, 3.0497918128967285, -4870.107421875
188, -1126.16416642908, 50.360788106918335, 598, 0.8293661352855802, 0, 100000, 2.5469181537628174, -4889.87548828125
189, -1148.5041758776642, 49.30031085014343, 598, 0.8285367691502946, 0, 100000, 2.708785057067871, -4905.6748046875
190, -1149.2688868639234, 50.08842396736145, 598, 0.8277082323811443, 0, 100000, 2.6884043216705322, -4919.9892578125
191, -1172.4778492831392, 49.47444128990173, 598, 0.8268805241487632, 0, 100000, 2.488189697265625, -4932.32177734375
192, -1153.6062349737622, 50.68570280075073, 598, 0.8260536436246144, 0, 100000, 2.5082578659057617, -4946.46435546875
193, -1154.9095779974014, 49.69467496871948, 598, 0.8252275899809898, 0, 100000, 2.247072458267212, -4965.42236328125
194, -1144.2737503889948, 48.837307929992676, 598, 0.8244023623910088, 0, 100000, 2.6880428791046143, -4973.966796875
195, -1156.7397037199698, 48.23211169242859, 598, 0.8235779600286178, 0, 100000, 2.510277032852173, -4986.76220703125
196, -1165.6396370064467, 48.49947500228882, 598, 0.8227543820685892, 0, 100000, 2.589132308959961, -5000.2529296875
197, -1165.9702463665744, 48.31112051010132, 598, 0.8219316276865206, 0, 100000, 2.5499188899993896, -5013.447265625
198, -1131.3105180918938, 48.98079228401184, 598, 0.8211096960588341, 0, 100000, 2.850371837615967, -5032.27978515625
199, -1137.6616175262025, 49.65196919441223, 598, 0.8202885863627752, 0, 100000, 2.507643938064575, -5042.03955078125
200, -1184.0114229299725, 48.648287296295166, 598, 0.8194682977764125, 0, 100000, 2.728165864944458, -5055.17578125
201, -1118.8543556841323, 48.17612671852112, 598, 0.818648829478636, 0, 100000, 2.228445291519165, -5065.41748046875
202, -1157.2374193028663, 48.33684158325195, 598, 0.8178301806491574, 0, 100000, 2.6674811840057373, -5082.15576171875
203, -1170.0763264849083, 49.50757122039795, 598, 0.8170123504685082, 0, 100000, 2.911898612976074, -5097.51025390625
204, -1155.1664658610243, 48.653972864151, 598, 0.8161953381180397, 0, 100000, 2.6480705738067627, -5114.40087890625
205, -1147.977396962, 48.78355836868286, 598, 0.8153791427799216, 0, 100000, 2.4881465435028076, -5124.16650390625
206, -1157.6899658907496, 48.93679356575012, 598, 0.8145637636371417, 0, 100000, 2.4665286540985107, -5134.27197265625
207, -1159.2386770016456, 48.32817339897156, 598, 0.8137491998735046, 0, 100000, 2.690045118331909, -5146.36572265625
208, -1164.5845183869824, 49.30639719963074, 598, 0.812935450673631, 0, 100000, 2.5068442821502686, -5162.86767578125
209, -1157.7597040045075, 49.34837460517883, 598, 0.8121225152229574, 0, 100000, 2.386082172393799, -5169.41259765625
210, -1155.4455615219194, 49.30524230003357, 598, 0.8113103927077344, 0, 100000, 2.5664680004119873, -5186.44580078125
211, -1151.1044549439102, 50.42439389228821, 598, 0.8104990823150267, 0, 100000, 2.5850820541381836, -5195.41796875
212, -1153.4562703591073, 50.5688419342041, 598, 0.8096885832327116, 0, 100000, 2.427614212036133, -5212.66748046875
213, -1154.3282219050452, 51.119879722595215, 598, 0.8088788946494789, 0, 100000, 2.4247336387634277, -5223.3759765625
214, -1160.0605286667123, 51.04022145271301, 598, 0.8080700157548294, 0, 100000, 2.666743040084839, -5227.1181640625
215, -1161.6320960296143, 49.344340562820435, 598, 0.8072619457390746, 0, 100000, 2.546099901199341, -5243.08349609375
216, -1146.8394848692697, 49.225276708602905, 598, 0.8064546837933355, 0, 100000, 2.645789623260498, -5256.27001953125
217, -1174.8009899104945, 48.80797624588013, 598, 0.8056482291095421, 0, 100000, 2.5247950553894043, -5268.87841796875
218, -1173.0268505879212, 49.65838050842285, 598, 0.8048425808804326, 0, 100000, 2.748967409133911, -5284.564453125
219, -1148.4833263594774, 49.29152274131775, 598, 0.8040377382995522, 0, 100000, 2.582157611846924, -5294.55126953125
220, -1158.3155473102815, 48.554948568344116, 598, 0.8032337005612527, 0, 100000, 2.6056554317474365, -5306.73779296875
221, -1136.2836830532178, 49.41654062271118, 598, 0.8024304668606914, 0, 100000, 2.4244749546051025, -5321.27685546875
222, -1153.328907161951, 49.4652214050293, 598, 0.8016280363938307, 0, 100000, 2.8673644065856934, -5330.892578125
223, -1151.7228102197405, 49.71212887763977, 598, 0.8008264083574369, 0, 100000, 2.784771680831909, -5346.6669921875
224, -1155.7293406684767, 49.859328746795654, 598, 0.8000255819490795, 0, 100000, 2.404123544692993, -5355.87353515625
225, -1143.912203449756, 49.5409140586853, 598, 0.7992255563671304, 0, 100000, 2.7049691677093506, -5363.0791015625
226, -1155.1807527930941, 50.17210555076599, 598, 0.7984263308107633, 0, 100000, 2.5215377807617188, -5377.56787109375
227, -1155.3492160128662, 50.33062672615051, 598, 0.7976279044799526, 0, 100000, 2.9450650215148926, -5386.55517578125
228, -1140.1523956260644, 49.94150710105896, 598, 0.7968302765754727, 0, 100000, 2.942988157272339, -5398.48974609375
229, -1168.3584701068467, 50.52604365348816, 598, 0.7960334462988972, 0, 100000, 3.2072391510009766, -5410.78955078125
230, -1182.587977981777, 49.67635631561279, 598, 0.7952374128525983, 0, 100000, 2.6664981842041016, -5420.970703125
231, -1169.1886392005254, 49.45313787460327, 598, 0.7944421754397457, 0, 100000, 2.723572015762329, -5435.34130859375
232, -1155.1333709280298, 50.29697346687317, 598, 0.7936477332643059, 0, 100000, 2.079399347305298, -5443.7919921875
233, -1159.8628826308995, 50.112916469573975, 598, 0.7928540855310416, 0, 100000, 2.703418493270874, -5449.70703125
234, -1167.961255949689, 51.04256868362427, 598, 0.7920612314455105, 0, 100000, 2.4224495887756348, -5466.74169921875
235, -1143.8226458749268, 50.7934296131134, 598, 0.7912691702140651, 0, 100000, 2.242447853088379, -5477.86181640625
236, -1157.662566717714, 50.20256853103638, 598, 0.790477901043851, 0, 100000, 2.3420021533966064, -5491.21630859375
237, -1146.4146704373125, 48.63636112213135, 598, 0.7896874231428072, 0, 100000, 2.8689115047454834, -5495.54638671875
238, -1141.0200683302246, 49.884636878967285, 598, 0.7888977357196644, 0, 100000, 2.3630471229553223, -5512.78955078125
239, -1152.3365650218911, 49.44105887413025, 598, 0.7881088379839447, 0, 100000, 3.0482077598571777, -5525.09521484375
240, -1158.7211013715714, 49.38927674293518, 598, 0.7873207291459607, 0, 100000, 2.7868382930755615, -5530.953125
241, -1148.8586112569901, 52.371137619018555, 598, 0.7865334084168147, 0, 100000, 2.6053848266601562, -5545.12158203125
242, -1139.1163838814246, 50.45642375946045, 598, 0.7857468750083979, 0, 100000, 2.5462327003479004, -5550.619140625
243, -1174.0424447481055, 48.042151927948, 598, 0.7849611281333895, 0, 100000, 3.070418357849121, -5567.0146484375
244, -1144.9311585542746, 49.70731163024902, 598, 0.784176167005256, 0, 100000, 2.465459108352661, -5572.22802734375
245, -1174.5130292367248, 49.197699308395386, 598, 0.7833919908382508, 0, 100000, 2.7268636226654053, -5587.7392578125
246, -1147.8707063137554, 48.98273730278015, 598, 0.7826085988474126, 0, 100000, 2.3863980770111084, -5598.623046875
247, -1166.3687087030266, 48.70958137512207, 598, 0.7818259902485653, 0, 100000, 2.305140972137451, -5606.39892578125
248, -1156.157368303975, 49.5701642036438, 598, 0.7810441642583167, 0, 100000, 2.990062952041626, -5620.71142578125
249, -1150.9893540677149, 48.66571235656738, 598, 0.7802631200940584, 0, 100000, 2.244534969329834, -5627.97607421875
250, -1155.601003544405, 49.38896703720093, 598, 0.7794828569739644, 0, 100000, 2.769402027130127, -5646.37939453125
251, -1146.4715770676266, 49.95816707611084, 598, 0.7787033741169904, 0, 100000, 2.609701156616211, -5649.67333984375
252, -1185.7293354021385, 49.91536211967468, 598, 0.7779246707428734, 0, 100000, 2.5662360191345215, -5651.169921875
253, -1165.022434580198, 50.35032081604004, 598, 0.7771467460721305, 0, 100000, 2.5881950855255127, -5671.01611328125
254, -1162.9131864691735, 49.213929891586304, 598, 0.7763695993260584, 0, 100000, 2.3266422748565674, -5674.3935546875
255, -1176.5177597820293, 50.66800618171692, 598, 0.7755932297267324, 0, 100000, 2.6278414726257324, -5689.5595703125
256, -1154.546671519929, 50.275943756103516, 598, 0.7748176364970056, 0, 100000, 2.288003921508789, -5692.49951171875
257, -1159.2726302631654, 50.13118052482605, 598, 0.7740428188605086, 0, 100000, 2.3658034801483154, -5704.00146484375
258, -1163.7324019863736, 53.33038949966431, 598, 0.7732687760416481, 0, 100000, 2.870760202407837, -5717.47216796875
259, -1167.5359330340289, 52.39095067977905, 598, 0.7724955072656065, 0, 100000, 2.6909191608428955, -5718.17578125
260, -1183.8682962556486, 50.03858971595764, 598, 0.7717230117583408, 0, 100000, 2.8143129348754883, -5741.98095703125
261, -1144.398316053208, 49.13893008232117, 598, 0.7709512887465825, 0, 100000, 2.8919670581817627, -5744.90576171875
262, -1145.0377705125138, 49.78499794006348, 598, 0.7701803374578359, 0, 100000, 2.5292534828186035, -5751.3017578125
263, -1157.7496055029333, 49.14738202095032, 598, 0.7694101571203781, 0, 100000, 2.7534749507904053, -5767.94970703125
264, -1145.2878871299326, 50.33651351928711, 598, 0.7686407469632577, 0, 100000, 2.167797803878784, -5777.03662109375
265, -1174.534691405017, 50.72019004821777, 598, 0.7678721062162944, 0, 100000, 2.510974168777466, -5779.17724609375
266, -1150.7522545534448, 50.132099628448486, 598, 0.7671042341100781, 0, 100000, 2.510296106338501, -5790.208984375
267, -1160.3280834672041, 50.13530516624451, 598, 0.766337129875968, 0, 100000, 2.753559112548828, -5800.63525390625
268, -1163.2783509974106, 50.501028537750244, 598, 0.7655707927460921, 0, 100000, 2.511751890182495, -5811.3408203125
269, -1150.4150441322709, 50.91081166267395, 598, 0.764805221953346, 0, 100000, 2.915203094482422, -5813.25732421875
270, -1176.6621402211022, 50.80338525772095, 598, 0.7640404167313927, 0, 100000, 2.8747141361236572, -5824.47705078125
271, -1154.9692055288178, 49.543657064437866, 598, 0.7632763763146613, 0, 100000, 2.330073356628418, -5830.9287109375
272, -1176.2756259976304, 50.72896075248718, 598, 0.7625130999383466, 0, 100000, 2.2487220764160156, -5837.49169921875
273, -1142.117034777999, 50.51018285751343, 598, 0.7617505868384082, 0, 100000, 2.853754758834839, -5851.08935546875
274, -1154.0400878274813, 50.1833598613739, 598, 0.7609888362515699, 0, 100000, 2.411529302597046, -5862.85595703125
275, -1163.8499876786373, 49.01404881477356, 598, 0.7602278474153183, 0, 100000, 2.7542500495910645, -5862.4638671875
276, -1153.4928981064586, 50.06578302383423, 598, 0.759467619567903, 0, 100000, 2.572258234024048, -5877.7490234375
277, -1152.9649165618466, 49.68457245826721, 598, 0.7587081519483351, 0, 100000, 2.4098989963531494, -5887.1533203125
278, -1180.7459639072986, 50.56878161430359, 598, 0.7579494437963867, 0, 100000, 3.135850667953491, -5893.2392578125
279, -1141.8146606488153, 50.398483991622925, 598, 0.7571914943525904, 0, 100000, 2.8350470066070557, -5900.66650390625
280, -1162.2897204994224, 49.77057194709778, 598, 0.7564343028582378, 0, 100000, 2.569124698638916, -5912.115234375
281, -1170.9123584390618, 49.407002687454224, 598, 0.7556778685553796, 0, 100000, 2.65084171295166, -5922.384765625
282, -1160.2497249259613, 49.1816565990448, 598, 0.7549221906868242, 0, 100000, 2.328991174697876, -5926.716796875
283, -1160.7856006110087, 49.510071992874146, 598, 0.7541672684961374, 0, 100000, 2.5088579654693604, -5939.533203125
284, -1144.3663930433322, 49.332454681396484, 598, 0.7534131012276413, 0, 100000, 2.9729416370391846, -5941.3876953125
285, -1159.1717681705486, 49.71933555603027, 598, 0.7526596881264136, 0, 100000, 2.690706491470337, -5952.39794921875
286, -1153.021765211597, 49.79884886741638, 598, 0.7519070284382872, 0, 100000, 2.6737053394317627, -5964.34033203125
287, -1166.3194779108744, 50.313952684402466, 598, 0.7511551214098489, 0, 100000, 2.5483086109161377, -5971.2109375
288, -1143.4616392612224, 49.54245901107788, 598, 0.750403966288439, 0, 100000, 2.569995403289795, -5973.64111328125
289, -1162.542155358009, 49.94903373718262, 598, 0.7496535623221505, 0, 100000, 2.307300329208374, -5984.0595703125
290, -1133.9282049234025, 49.709532022476196, 598, 0.7489039087598284, 0, 100000, 2.589756727218628, -5994.236328125
291, -1140.644044079323, 50.15767168998718, 598, 0.7481550048510686, 0, 100000, 3.0759880542755127, -6000.435546875
292, -1152.7234616418136, 50.08309745788574, 598, 0.7474068498462175, 0, 100000, 2.2872562408447266, -6009.89794921875
293, -1154.6875021506567, 49.91206908226013, 598, 0.7466594429963713, 0, 100000, 2.8516194820404053, -6012.70556640625
294, -1131.9417643498746, 49.73269534111023, 598, 0.745912783553375, 0, 100000, 2.2274177074432373, -6024.4072265625
295, -1169.0630851807073, 49.8836190700531, 598, 0.7451668707698216, 0, 100000, 2.630488634109497, -6032.51220703125
296, -1182.8931772168726, 49.765050649642944, 598, 0.7444217038990517, 0, 100000, 2.6309258937835693, -6037.056640625
297, -1154.8736557289958, 49.80859732627869, 598, 0.7436772821951526, 0, 100000, 2.5690865516662598, -6048.12451171875
298, -1170.682985511492, 50.64316916465759, 598, 0.7429336049129575, 0, 100000, 2.448228359222412, -6053.205078125
299, -1159.2564308628207, 50.459590673446655, 598, 0.7421906713080445, 0, 100000, 2.711024284362793, -6059.25439453125
300, -1177.0885873278312, 50.333094358444214, 598, 0.7414484806367364, 0, 100000, 2.7104012966156006, -6068.5693359375
301, -1163.7418669634499, 50.98607277870178, 598, 0.7407070321560997, 0, 100000, 2.549457311630249, -6070.59716796875
302, -1144.9448022679426, 50.77640628814697, 598, 0.7399663251239436, 0, 100000, 2.3280134201049805, -6083.11767578125
303, -1177.4090253999457, 51.02232217788696, 598, 0.7392263587988196, 0, 100000, 3.0136215686798096, -6095.05419921875
304, -1133.9270369906299, 51.74779176712036, 598, 0.7384871324400207, 0, 100000, 2.4892630577087402, -6099.8662109375
305, -1171.7235517734662, 51.187437295913696, 598, 0.7377486453075807, 0, 100000, 2.7309768199920654, -6107.40283203125
306, -1153.1611205515364, 51.708658933639526, 598, 0.737010896662273, 0, 100000, 2.569662570953369, -6113.54931640625
307, -1145.1599562147167, 50.69074034690857, 598, 0.7362738857656108, 0, 100000, 2.631687641143799, -6121.8134765625
308, -1168.8330259784707, 50.6754584312439, 598, 0.7355376118798452, 0, 100000, 2.166773557662964, -6124.21728515625
309, -1139.3452741764486, 51.15785360336304, 598, 0.7348020742679654, 0, 100000, 2.65177059173584, -6133.3798828125
310, -1165.4953735799063, 49.750378370285034, 598, 0.7340672721936974, 0, 100000, 2.6943323612213135, -6143.03125
311, -1137.9305741284334, 50.721593141555786, 598, 0.7333332049215037, 0, 100000, 2.6712214946746826, -6146.7919921875
312, -1135.4785312972963, 50.65031957626343, 598, 0.7325998717165821, 0, 100000, 2.5485193729400635, -6155.81298828125
313, -1166.0749147541355, 50.65713405609131, 598, 0.7318672718448656, 0, 100000, 2.8336331844329834, -6166.7998046875
314, -1160.0148369579401, 50.673048973083496, 598, 0.7311354045730207, 0, 100000, 2.672961711883545, -6165.14111328125
315, -1152.3539247884764, 51.19412684440613, 598, 0.7304042691684477, 0, 100000, 3.1986098289489746, -6177.60595703125
316, -1166.0624071122147, 50.57109069824219, 598, 0.7296738648992792, 0, 100000, 2.673151731491089, -6182.94140625
317, -1141.7989010576057, 51.07957410812378, 598, 0.7289441910343799, 0, 100000, 2.6719465255737305, -6188.6171875
318, -1159.6109141695779, 50.65556216239929, 598, 0.7282152468433455, 0, 100000, 2.9154229164123535, -6197.87548828125
319, -1164.5751028419472, 50.76120162010193, 598, 0.7274870315965022, 0, 100000, 2.6332345008850098, -6203.59130859375
320, -1155.0199412577786, 51.91998314857483, 598, 0.7267595445649057, 0, 100000, 2.3294878005981445, -6207.734375
321, -1160.7798212837806, 51.011274099349976, 598, 0.7260327850203407, 0, 100000, 2.6541225910186768, -6216.24560546875
322, -1152.8464378379285, 51.349525690078735, 598, 0.7253067522353204, 0, 100000, 2.572523593902588, -6223.06201171875
323, -1148.5779689002375, 50.806734800338745, 598, 0.724581445483085, 0, 100000, 3.078927755355835, -6224.681640625
324, -1164.942656014813, 50.30829930305481, 598, 0.723856864037602, 0, 100000, 2.9398353099823, -6235.76806640625
325, -1147.168122280622, 49.60585165023804, 598, 0.7231330071735643, 0, 100000, 2.895862340927124, -6243.28271484375
326, -1129.047731458908, 51.03703308105469, 598, 0.7224098741663908, 0, 100000, 2.2896575927734375, -6248.87548828125
327, -1173.9004164349171, 51.86852169036865, 598, 0.7216874642922244, 0, 100000, 2.290515184402466, -6256.60595703125
328, -1132.2386595909484, 51.62783074378967, 598, 0.7209657768279322, 0, 100000, 2.269242286682129, -6259.09716796875
329, -1143.0887932446785, 49.98394250869751, 598, 0.7202448110511043, 0, 100000, 2.3699915409088135, -6267.9501953125
330, -1174.1849262220203, 50.00098204612732, 598, 0.7195245662400531, 0, 100000, 2.615185260772705, -6276.7822265625
331, -1189.1808926437516, 50.78476572036743, 598, 0.7188050416738131, 0, 100000, 3.0374972820281982, -6284.98876953125
332, -1178.6483966577798, 50.89941334724426, 598, 0.7180862366321393, 0, 100000, 2.332573890686035, -6287.4716796875
333, -1160.1655855863355, 51.418567419052124, 598, 0.7173681503955072, 0, 100000, 2.452258825302124, -6295.22119140625
334, -1158.9536343609652, 51.187546491622925, 598, 0.7166507822451117, 0, 100000, 2.6767959594726562, -6298.01123046875
335, -1159.9528266103007, 51.51532459259033, 598, 0.7159341314628666, 0, 100000, 2.574342966079712, -6302.81982421875
336, -1163.3796286071884, 50.9391884803772, 598, 0.7152181973314037, 0, 100000, 2.512723922729492, -6309.998046875
337, -1145.1778127513826, 50.722737312316895, 598, 0.7145029791340722, 0, 100000, 2.310884952545166, -6315.12646484375
338, -1172.883523223456, 51.90186357498169, 598, 0.7137884761549381, 0, 100000, 2.7364161014556885, -6324.25732421875
339, -1154.367807794828, 51.99488663673401, 598, 0.7130746876787832, 0, 100000, 2.5151314735412598, -6327.2109375
340, -1173.540679189202, 51.027230978012085, 598, 0.7123616129911045, 0, 100000, 2.311230421066284, -6332.52783203125
341, -1144.345369456336, 51.73093271255493, 598, 0.7116492513781133, 0, 100000, 2.7805473804473877, -6338.4501953125
342, -1148.4179212180898, 50.819650650024414, 598, 0.7109376021267352, 0, 100000, 2.3332929611206055, -6349.59814453125
343, -1167.3641473262105, 51.327253580093384, 598, 0.7102266645246085, 0, 100000, 2.6765830516815186, -6355.24755859375
344, -1158.408355670981, 50.33573007583618, 598, 0.7095164378600839, 0, 100000, 2.2735371589660645, -6359.8427734375
345, -1161.8756205593236, 51.32774782180786, 598, 0.7088069214222238, 0, 100000, 2.6768276691436768, -6361.939453125
346, -1173.0770122003742, 52.03245258331299, 598, 0.7080981145008015, 0, 100000, 2.2913713455200195, -6366.32666015625
347, -1167.9450315721333, 51.268211126327515, 598, 0.7073900163863007, 0, 100000, 2.5154101848602295, -6370.51025390625
348, -1147.1901108010206, 51.074806213378906, 598, 0.7066826263699144, 0, 100000, 2.696429967880249, -6383.8271484375
349, -1167.631372326985, 51.024040937423706, 598, 0.7059759437435444, 0, 100000, 2.697613000869751, -6384.06982421875
350, -1158.1960578525905, 51.13060259819031, 598, 0.7052699677998009, 0, 100000, 2.555084228515625, -6390.3505859375
351, -1143.614901113906, 52.59100866317749, 598, 0.704564697832001, 0, 100000, 2.414538621902466, -6402.13671875
352, -1178.9217162744026, 51.47376871109009, 598, 0.7038601331341691, 0, 100000, 2.2514474391937256, -6393.02197265625
353, -1168.1192920969333, 51.29582500457764, 598, 0.7031562730010349, 0, 100000, 2.980694532394409, -6406.17724609375
354, -1151.398197841132, 51.61935067176819, 598, 0.7024531167280339, 0, 100000, 2.372246742248535, -6411.03515625
355, -1166.6272604647093, 51.01982116699219, 598, 0.7017506636113059, 0, 100000, 2.658893585205078, -6420.10595703125
356, -1156.664544989355, 51.399823904037476, 598, 0.7010489129476946, 0, 100000, 2.594594955444336, -6422.0068359375
357, -1135.9207498094765, 52.42765784263611, 598, 0.7003478640347469, 0, 100000, 3.0626220703125, -6427.853515625
358, -1169.1063809826155, 53.28276801109314, 598, 0.6996475161707122, 0, 100000, 2.2707009315490723, -6431.73291015625
359, -1136.5022161302622, 52.088817834854126, 598, 0.6989478686545415, 0, 100000, 2.5961666107177734, -6443.93212890625
360, -1146.6277316147462, 49.95294642448425, 598, 0.698248920785887, 0, 100000, 2.8167922496795654, -6443.5693359375
361, -1146.6574690553825, 49.62431025505066, 598, 0.6975506718651011, 0, 100000, 2.678046464920044, -6456.97802734375
362, -1147.8050435563782, 49.94124174118042, 598, 0.6968531211932361, 0, 100000, 2.4747443199157715, -6457.9375
363, -1151.5530234125908, 50.313440799713135, 598, 0.6961562680720428, 0, 100000, 2.331998586654663, -6458.693359375
364, -1163.824893658595, 50.61069369316101, 598, 0.6954601118039707, 0, 100000, 2.899369716644287, -6461.666015625
365, -1151.2772189835086, 50.32074999809265, 598, 0.6947646516921667, 0, 100000, 2.6370346546173096, -6474.6484375
366, -1161.5456550775561, 50.82016324996948, 598, 0.6940698870404746, 0, 100000, 2.919832944869995, -6473.95654296875
367, -1170.8496579607017, 50.89796853065491, 598, 0.6933758171534341, 0, 100000, 3.3253860473632812, -6482.4384765625
368, -1185.7258497318253, 51.677095890045166, 598, 0.6926824413362807, 0, 100000, 2.776870012283325, -6485.69482421875
369, -1131.1158742010593, 50.717878103256226, 598, 0.6919897588949444, 0, 100000, 2.594301462173462, -6495.5927734375
370, -1137.8928831144003, 51.374107837677, 598, 0.6912977691360495, 0, 100000, 2.7582616806030273, -6492.7470703125
371, -1150.301029373426, 51.21577739715576, 598, 0.6906064713669134, 0, 100000, 2.777775526046753, -6502.1337890625
372, -1131.2369955156464, 51.13041138648987, 598, 0.6899158648955466, 0, 100000, 2.3517675399780273, -6504.96435546875
373, -1148.2858685095562, 51.46628952026367, 598, 0.689225949030651, 0, 100000, 2.6358869075775146, -6510.84912109375
374, -1145.9628543188446, 52.62763428688049, 598, 0.6885367230816204, 0, 100000, 2.636505365371704, -6517.4052734375
375, -1170.8729590822477, 52.172319173812866, 598, 0.6878481863585387, 0, 100000, 2.6363842487335205, -6520.9326171875
376, -1133.1973342621932, 51.68833637237549, 598, 0.6871603381721801, 0, 100000, 3.021489381790161, -6525.2197265625
377, -1159.9029321674025, 51.60699200630188, 598, 0.686473177834008, 0, 100000, 2.9216372966766357, -6530.98095703125
378, -1144.2313198727788, 51.47642540931702, 598, 0.685786704656174, 0, 100000, 2.310581684112549, -6532.5361328125
379, -1137.4987558177672, 51.7970666885376, 598, 0.6851009179515178, 0, 100000, 2.981755495071411, -6540.30126953125
380, -1150.874248463675, 52.56454610824585, 598, 0.6844158170335664, 0, 100000, 2.657745361328125, -6545.41796875
381, -1187.0495953203645, 52.34430122375488, 598, 0.6837314012165328, 0, 100000, 2.7393574714660645, -6553.3056640625
382, -1131.1993076267827, 51.660884380340576, 598, 0.6830476698153162, 0, 100000, 3.0205509662628174, -6554.71044921875
383, -1125.56166049483, 52.09039354324341, 598, 0.6823646221455009, 0, 100000, 2.5156490802764893, -6558.34716796875
384, -1176.3447724364232, 52.711183071136475, 598, 0.6816822575233553, 0, 100000, 3.023505449295044, -6560.73095703125
385, -1137.2196913822554, 52.425028800964355, 598, 0.6810005752658319, 0, 100000, 2.6571600437164307, -6569.58447265625
386, -1175.904637351734, 52.342920780181885, 598, 0.680319574690566, 0, 100000, 2.8396897315979004, -6569.28466796875
387, -1144.971424466653, 52.568509101867676, 598, 0.6796392551158754, 0, 100000, 2.9832494258880615, -6578.8583984375
388, -1148.8838791456074, 52.60001611709595, 598, 0.6789596158607596, 0, 100000, 2.6795291900634766, -6576.419921875
389, -1141.9024725665804, 52.5966420173645, 598, 0.6782806562448989, 0, 100000, 2.67856764793396, -6586.736328125
390, -1150.5917380871251, 52.24288892745972, 598, 0.677602375588654, 0, 100000, 2.537886619567871, -6589.99560546875
391, -1156.4313764902763, 53.03542971611023, 598, 0.6769247732130653, 0, 100000, 2.5551552772521973, -6593.8798828125
392, -1146.7821020288393, 52.40908598899841, 598, 0.6762478484398523, 0, 100000, 2.698936700820923, -6601.9228515625
393, -1178.8240859665093, 51.75655007362366, 598, 0.6755716005914124, 0, 100000, 2.3343868255615234, -6601.8154296875
394, -1148.090031666914, 52.39096713066101, 598, 0.674896028990821, 0, 100000, 2.617215633392334, -6603.0166015625
395, -1163.4618165516295, 53.95262932777405, 598, 0.6742211329618302, 0, 100000, 3.024766445159912, -6618.66015625
396, -1157.272608407773, 52.64202165603638, 598, 0.6735469118288684, 0, 100000, 2.516270637512207, -6617.04638671875
397, -1163.5012674781028, 52.66590189933777, 598, 0.6728733649170395, 0, 100000, 2.5164763927459717, -6616.283203125
398, -1166.7667123350548, 53.45113134384155, 598, 0.6722004915521225, 0, 100000, 2.3971567153930664, -6624.04345703125
399, -1174.7022546259686, 52.1874098777771, 598, 0.6715282910605703, 0, 100000, 2.4553186893463135, -6630.39697265625
400, -1148.4803636884317, 52.76195240020752, 598, 0.6708567627695098, 0, 100000, 2.7398855686187744, -6634.0615234375
401, -1157.9643750600517, 53.29082942008972, 598, 0.6701859060067403, 0, 100000, 2.1728358268737793, -6636.412109375
402, -1167.004940934945, 53.084813833236694, 598, 0.6695157201007336, 0, 100000, 2.639051675796509, -6641.9228515625
403, -1162.4812807689887, 53.572492837905884, 598, 0.6688462043806328, 0, 100000, 2.5162389278411865, -6648.76025390625
404, -1157.4745857286034, 52.93086862564087, 598, 0.6681773581762521, 0, 100000, 2.192545175552368, -6648.904296875
405, -1146.3474494406255, 51.39392066001892, 598, 0.6675091808180759, 0, 100000, 2.395244598388672, -6652.7294921875
406, -1160.703606788069, 50.19815731048584, 598, 0.6668416716372578, 0, 100000, 2.8610997200012207, -6659.10107421875
407, -1153.366558816051, 50.34439301490784, 598, 0.6661748299656206, 0, 100000, 2.740379810333252, -6656.427734375
408, -1155.090433159843, 49.41258883476257, 598, 0.6655086551356549, 0, 100000, 2.5775322914123535, -6668.83544921875
409, -1173.3021315252408, 49.85187792778015, 598, 0.6648431464805192, 0, 100000, 3.042757034301758, -6669.6142578125
410, -1177.258656310325, 50.3266441822052, 598, 0.6641783033340387, 0, 100000, 2.597438335418701, -6671.537109375
411, -1151.5429385602365, 50.63355016708374, 598, 0.6635141250307047, 0, 100000, 2.476994752883911, -6676.34423828125
412, -1151.332875310327, 50.47472524642944, 598, 0.662850610905674, 0, 100000, 2.537468433380127, -6676.50146484375
413, -1149.8208396160044, 50.527122497558594, 598, 0.6621877602947683, 0, 100000, 2.5569469928741455, -6672.78515625
414, -1159.8954181787558, 49.39439272880554, 598, 0.6615255725344735, 0, 100000, 2.9614861011505127, -6684.07080078125
415, -1149.151252677606, 51.3662531375885, 598, 0.660864046961939, 0, 100000, 2.8195762634277344, -6693.2587890625
416, -1155.5452630715445, 50.490466594696045, 598, 0.660203182914977, 0, 100000, 2.6188254356384277, -6696.39404296875
417, -1165.2313630261924, 50.239643573760986, 598, 0.6595429797320621, 0, 100000, 2.5963683128356934, -6697.96484375
418, -1166.3801138247363, 50.057950258255005, 598, 0.6588834367523301, 0, 100000, 2.861449718475342, -6697.68115234375
419, -1161.4836743678898, 50.886977195739746, 598, 0.6582245533155777, 0, 100000, 2.579059600830078, -6706.9833984375
420, -1137.2312773952726, 64.80172181129456, 598, 0.6575663287622622, 0, 100000, 2.597071409225464, -6707.404296875
421, -1143.7551660398021, 58.085670709609985, 598, 0.6569087624334999, 0, 100000, 2.516920328140259, -6714.30712890625
422, -1159.855011865031, 51.08847379684448, 598, 0.6562518536710664, 0, 100000, 2.983944892883301, -6712.546875
423, -1150.8889486540575, 55.11563277244568, 598, 0.6555956018173954, 0, 100000, 2.5787034034729004, -6722.7978515625
424, -1157.025996452663, 50.58212375640869, 598, 0.654940006215578, 0, 100000, 2.6194119453430176, -6729.3330078125
425, -1145.7035981692607, 51.297632455825806, 598, 0.6542850662093624, 0, 100000, 2.6591312885284424, -6722.802734375
426, -1158.1213772335905, 51.753363847732544, 598, 0.6536307811431531, 0, 100000, 2.660646915435791, -6735.32275390625
427, -1166.5165245929966, 51.730722427368164, 598, 0.65297715036201, 0, 100000, 2.802365303039551, -6737.9208984375
428, -1153.8080380583997, 51.526792764663696, 598, 0.6523241732116479, 0, 100000, 2.6180880069732666, -6736.16455078125
429, -1147.894015259575, 51.94865798950195, 598, 0.6516718490384363, 0, 100000, 2.741135597229004, -6739.2861328125
430, -1162.5745651689358, 51.251391649246216, 598, 0.6510201771893979, 0, 100000, 2.8020541667938232, -6742.5419921875
431, -1150.857677752152, 51.88526511192322, 598, 0.6503691570122084, 0, 100000, 2.436459541320801, -6750.498046875
432, -1139.326280362613, 51.37532186508179, 598, 0.6497187878551962, 0, 100000, 2.7817540168762207, -6751.81298828125
433, -1140.6488964407545, 51.26514148712158, 598, 0.649069069067341, 0, 100000, 2.740211009979248, -6752.4013671875
434, -1142.3458711765707, 51.505561113357544, 598, 0.6484199999982736, 0, 100000, 2.5171079635620117, -6757.50830078125
435, -1160.4207010135287, 50.604286193847656, 598, 0.6477715799982753, 0, 100000, 2.719921112060547, -6762.39013671875
436, -1150.328059000647, 51.5232949256897, 598, 0.647123808418277, 0, 100000, 2.760389566421509, -6765.39208984375
437, -1161.083196402993, 51.3954393863678, 598, 0.6464766846098587, 0, 100000, 2.718707323074341, -6766.6123046875
438, -1159.9629088388756, 51.71417713165283, 598, 0.6458302079252489, 0, 100000, 2.539889335632324, -6770.9375
439, -1166.7015656137955, 50.88451886177063, 598, 0.6451843777173236, 0, 100000, 2.84175443649292, -6776.263671875
440, -1147.009623090853, 50.872846364974976, 598, 0.6445391933396063, 0, 100000, 2.8832521438598633, -6776.60693359375
441, -1148.509185705363, 51.129093408584595, 598, 0.6438946541462667, 0, 100000, 2.3956820964813232, -6780.958984375
442, -1147.7934481600532, 52.60902166366577, 598, 0.6432507594921204, 0, 100000, 2.5387356281280518, -6785.2900390625
443, -1170.4292962476611, 51.204265117645264, 598, 0.6426075087326283, 0, 100000, 2.4962141513824463, -6787.0107421875
444, -1160.0103730729243, 55.00977540016174, 598, 0.6419649012238956, 0, 100000, 2.4769649505615234, -6786.99951171875
445, -1140.2710823593661, 55.78249406814575, 598, 0.6413229363226717, 0, 100000, 2.3956990242004395, -6793.93994140625
446, -1149.845983080857, 52.01127552986145, 598, 0.640681613386349, 0, 100000, 2.4978461265563965, -6793.54296875
447, -1183.1922576830111, 51.84886145591736, 598, 0.6400409317729626, 0, 100000, 2.5779006481170654, -6801.419921875
448, -1174.4287661508424, 52.20851492881775, 598, 0.6394008908411897, 0, 100000, 2.4373724460601807, -6801.8359375
449, -1145.8839856770355, 50.968769788742065, 598, 0.6387614899503485, 0, 100000, 2.539006471633911, -6804.86376953125
450, -1163.4151082291355, 49.69656300544739, 598, 0.6381227284603982, 0, 100000, 2.7001311779022217, -6811.99853515625
451, -1162.8828341013286, 50.814274072647095, 598, 0.6374846057319378, 0, 100000, 2.1117169857025146, -6813.59033203125
452, -1171.3809740594588, 51.22428560256958, 598, 0.6368471211262058, 0, 100000, 2.9232077598571777, -6816.84326171875
453, -1170.011058099568, 51.47584939002991, 598, 0.6362102740050796, 0, 100000, 2.7198309898376465, -6819.59716796875
454, -1176.4079490699805, 51.0187132358551, 598, 0.6355740637310745, 0, 100000, 2.843968391418457, -6822.43017578125
455, -1164.1067337454297, 52.333122968673706, 598, 0.6349384896673435, 0, 100000, 2.681446075439453, -6822.8359375
456, -1157.4270893058274, 58.51400136947632, 598, 0.6343035511776761, 0, 100000, 2.3141212463378906, -6823.20458984375
457, -1152.2600067409803, 51.87736916542053, 598, 0.6336692476264985, 0, 100000, 2.213150978088379, -6831.33642578125
458, -1127.550001959782, 51.997981786727905, 598, 0.6330355783788719, 0, 100000, 2.9041340351104736, -6826.5126953125
459, -1144.0091036712402, 51.61320209503174, 598, 0.632402542800493, 0, 100000, 2.6994071006774902, -6835.7255859375
460, -1136.1845058512408, 52.37389850616455, 598, 0.6317701402576925, 0, 100000, 2.924917459487915, -6838.87158203125
461, -1146.7853734660894, 63.913450479507446, 598, 0.6311383701174348, 0, 100000, 2.843721866607666, -6839.10888671875
462, -1153.3414103108225, 63.363614559173584, 598, 0.6305072317473174, 0, 100000, 2.5200090408325195, -6841.82763671875
463, -1142.917600650806, 62.091362953186035, 598, 0.6298767245155701, 0, 100000, 2.4175970554351807, -6840.21484375
464, -1145.8403866139706, 52.270397901535034, 598, 0.6292468477910546, 0, 100000, 2.6408843994140625, -6853.54052734375
465, -1160.048895406071, 52.34810137748718, 598, 0.6286176009432635, 0, 100000, 2.479665756225586, -6857.23681640625
466, -1162.7463668729179, 56.32464861869812, 598, 0.6279889833423202, 0, 100000, 2.2551465034484863, -6857.318359375
467, -1158.5773525660625, 51.8728289604187, 598, 0.6273609943589779, 0, 100000, 2.356693744659424, -6858.7548828125
468, -1164.8742523379624, 52.152066469192505, 598, 0.6267336333646188, 0, 100000, 2.4973065853118896, -6863.623046875
469, -1162.330705861561, 52.17152643203735, 598, 0.6261068997312542, 0, 100000, 2.275986671447754, -6862.51318359375
470, -1143.5864134242875, 52.21676230430603, 598, 0.6254807928315229, 0, 100000, 2.4578053951263428, -6872.0703125
471, -1151.3666720707552, 52.87369728088379, 598, 0.6248553120386914, 0, 100000, 2.3363125324249268, -6869.958984375
472, -1131.8402609052137, 52.24309802055359, 598, 0.6242304567266527, 0, 100000, 2.0512216091156006, -6871.49560546875
473, -1138.7219709125347, 52.71471333503723, 598, 0.623606226269926, 0, 100000, 2.862806558609009, -6876.1005859375
474, -1181.06898604054, 52.50600719451904, 598, 0.6229826200436561, 0, 100000, 2.478452444076538, -6879.32958984375
475, -1171.3456214274047, 52.750741720199585, 598, 0.6223596374236124, 0, 100000, 2.3367221355438232, -6882.9365234375
476, -1152.3081609746441, 52.84417676925659, 598, 0.6217372777861888, 0, 100000, 2.944056749343872, -6882.9111328125
477, -1149.611193125951, 53.76387357711792, 598, 0.6211155405084027, 0, 100000, 2.2339839935302734, -6887.76611328125
478, -1171.3282463512733, 52.1828830242157, 598, 0.6204944249678943, 0, 100000, 2.2539663314819336, -6888.181640625
479, -1160.2062042662874, 52.82249474525452, 598, 0.6198739305429264, 0, 100000, 2.5372800827026367, -6889.396484375
480, -1150.9212197626475, 52.85554790496826, 598, 0.6192540566123834, 0, 100000, 2.437429666519165, -6896.25
481, -1155.144993455615, 53.65009546279907, 598, 0.6186348025557711, 0, 100000, 2.8223836421966553, -6898.76171875
482, -1151.632629610598, 53.057101249694824, 598, 0.6180161677532153, 0, 100000, 2.55891489982605, -6896.88671875
483, -1139.319837898598, 52.84981656074524, 598, 0.6173981515854621, 0, 100000, 2.762913227081299, -6898.1083984375
484, -1161.1308522792533, 53.29407572746277, 598, 0.6167807534338766, 0, 100000, 2.397916793823242, -6902.43994140625
485, -1156.5915934721997, 53.27146029472351, 598, 0.6161639726804428, 0, 100000, 2.417088031768799, -6909.75439453125
486, -1150.415352048818, 53.0718355178833, 598, 0.6155478087077623, 0, 100000, 2.700467824935913, -6906.2568359375
487, -1145.6319721722975, 53.22417712211609, 598, 0.6149322608990545, 0, 100000, 2.6411683559417725, -6910.2109375
488, -1143.6687461426482, 52.54846382141113, 598, 0.6143173286381555, 0, 100000, 3.1500916481018066, -6912.857421875
489, -1145.620018042624, 49.74507284164429, 598, 0.6137030113095173, 0, 100000, 2.4775314331054688, -6913.61083984375
490, -1155.7050810493529, 50.53653597831726, 598, 0.6130893082982078, 0, 100000, 2.438443660736084, -6920.97509765625
491, -1138.8232154891593, 50.3172926902771, 598, 0.6124762189899097, 0, 100000, 2.5189220905303955, -6923.38671875
492, -1168.8812732254155, 50.70036816596985, 598, 0.6118637427709198, 0, 100000, 2.680466651916504, -6927.302734375
493, -1154.8151160457091, 50.42122745513916, 598, 0.6112518790281489, 0, 100000, 2.620272397994995, -6924.2841796875
494, -1137.5758036444167, 51.80643105506897, 598, 0.6106406271491208, 0, 100000, 2.174065351486206, -6928.177734375
495, -1168.4869383584592, 50.7343327999115, 598, 0.6100299865219717, 0, 100000, 2.153278350830078, -6929.4658203125
496, -1147.2014026015531, 50.82094049453735, 598, 0.6094199565354498, 0, 100000, 2.823181390762329, -6936.37890625
497, -1154.9346358170733, 51.06616950035095, 598, 0.6088105365789144, 0, 100000, 2.4182236194610596, -6938.2978515625
498, -1162.6631206255406, 50.71087861061096, 598, 0.6082017260423355, 0, 100000, 2.86543869972229, -6938.75732421875
499, -1148.628799052094, 51.12744951248169, 598, 0.6075935243162931, 0, 100000, 2.3964154720306396, -6939.79736328125
500, -1161.0270028205123, 51.44438457489014, 598, 0.6069859307919768, 0, 100000, 2.4379804134368896, -6946.66650390625
501, -1150.987553648185, 50.334912061691284, 598, 0.6063789448611848, 0, 100000, 2.5396978855133057, -6954.04345703125
502, -1162.4938263690565, 50.98791790008545, 598, 0.6057725659163237, 0, 100000, 3.0071451663970947, -6950.599609375
503, -1133.8251888294326, 50.962007999420166, 598, 0.6051667933504074, 0, 100000, 2.6195714473724365, -6950.26220703125
504, -1177.9979027293011, 51.8226432800293, 598, 0.6045616265570569, 0, 100000, 2.7219715118408203, -6954.79931640625
505, -1155.0898295948282, 50.691489458084106, 598, 0.6039570649304998, 0, 100000, 2.7019307613372803, -6954.49658203125
506, -1151.149988055462, 50.6481819152832, 598, 0.6033531078655693, 0, 100000, 2.724135637283325, -6960.0615234375
507, -1140.4071126828203, 50.50617551803589, 598, 0.6027497547577038, 0, 100000, 2.6601879596710205, -6961.52587890625
508, -1168.6137472207192, 50.80044436454773, 598, 0.602147005002946, 0, 100000, 2.6810314655303955, -6965.73876953125
509, -1149.2210871235584, 51.454025745391846, 598, 0.6015448579979431, 0, 100000, 3.3093111515045166, -6960.07861328125
510, -1140.2041912333516, 52.32572412490845, 598, 0.6009433131399452, 0, 100000, 2.9451727867126465, -6973.34130859375
511, -1133.7908793305978, 51.264854431152344, 598, 0.6003423698268052, 0, 100000, 2.7225868701934814, -6971.90185546875
512, -1172.9328253010317, 50.690574407577515, 598, 0.5997420274569785, 0, 100000, 2.642148017883301, -6970.9501953125
513, -1155.620345724281, 51.91053056716919, 598, 0.5991422854295215, 0, 100000, 2.357354164123535, -6976.638671875
514, -1186.1704716387903, 52.450984716415405, 598, 0.598543143144092, 0, 100000, 2.6815083026885986, -6975.55224609375
515, -1165.5743418834172, 51.7062029838562, 598, 0.5979446000009478, 0, 100000, 2.783215045928955, -6983.33642578125
516, -1169.8147784457542, 52.603837966918945, 598, 0.5973466554009469, 0, 100000, 2.3966259956359863, -6980.80322265625
517, -1124.8705058051273, 51.72824764251709, 598, 0.596749308745546, 0, 100000, 2.681973695755005, -6987.1845703125
518, -1173.3130252719857, 52.15083575248718, 598, 0.5961525594368005, 0, 100000, 2.8026323318481445, -6982.728515625
519, -1146.3484008039813, 52.14253091812134, 598, 0.5955564068773637, 0, 100000, 2.581317901611328, -6987.5625
520, -1143.0089580491185, 52.58764123916626, 598, 0.5949608504704863, 0, 100000, 2.357372999191284, -6988.49853515625
521, -1163.6070535038598, 52.34966444969177, 598, 0.5943658896200158, 0, 100000, 2.378298044204712, -6989.27001953125
522, -1155.379969228059, 52.714654207229614, 598, 0.5937715237303958, 0, 100000, 2.6224496364593506, -6991.1962890625
523, -1144.0018380703405, 51.880772829055786, 598, 0.5931777522066654, 0, 100000, 2.5415611267089844, -6999.37353515625
524, -1142.598146817414, 51.31788635253906, 598, 0.5925845744544587, 0, 100000, 2.822972297668457, -7002.03076171875
525, -1168.5633598168206, 51.75628399848938, 598, 0.5919919898800042, 0, 100000, 2.9256298542022705, -7003.67041015625
526, -1164.6817698923405, 51.02764368057251, 598, 0.5913999978901242, 0, 100000, 3.0699121952056885, -7005.66943359375
527, -1170.125148318475, 50.5801317691803, 598, 0.590808597892234, 0, 100000, 2.418104410171509, -7002.73583984375
528, -1169.1225796994258, 51.0166540145874, 598, 0.5902177892943418, 0, 100000, 2.358701705932617, -7003.919921875
529, -1165.0015484993928, 50.95174503326416, 598, 0.5896275715050474, 0, 100000, 2.4805827140808105, -7008.52490234375
530, -1144.8714884524816, 50.24368906021118, 598, 0.5890379439335424, 0, 100000, 2.6622047424316406, -7003.9755859375
531, -1158.4587430246174, 50.66856908798218, 598, 0.5884489059896089, 0, 100000, 2.4797213077545166, -7013.52490234375
532, -1153.54431000154, 51.2960569858551, 598, 0.5878604570836192, 0, 100000, 2.6845157146453857, -7015.1865234375
533, -1149.3791878064512, 51.52887225151062, 598, 0.5872725966265356, 0, 100000, 2.5405962467193604, -7017.37939453125
534, -1164.9116042684764, 51.427815198898315, 598, 0.5866853240299091, 0, 100000, 2.723940849304199, -7017.0927734375
535, -1153.1833115352783, 51.80764651298523, 598, 0.5860986387058792, 0, 100000, 2.2776055335998535, -7021.396484375
536, -1148.5265125026926, 51.62654972076416, 598, 0.5855125400671733, 0, 100000, 2.4813594818115234, -7023.75244140625
537, -1153.3700648011873, 52.15045189857483, 598, 0.5849270275271061, 0, 100000, 2.8251073360443115, -7027.54833984375
538, -1149.4236366106197, 51.18471908569336, 598, 0.584342100499579, 0, 100000, 2.905745029449463, -7024.4111328125
539, -1153.9347597153392, 52.39630079269409, 598, 0.5837577583990794, 0, 100000, 2.6640944480895996, -7031.13134765625
540, -1138.1969758878986, 52.21239495277405, 598, 0.5831740006406804, 0, 100000, 2.7636754512786865, -7030.55615234375
541, -1152.8033483151812, 51.53431010246277, 598, 0.5825908266400397, 0, 100000, 2.684314250946045, -7032.8388671875
542, -1133.149210440235, 52.20329570770264, 598, 0.5820082358133997, 0, 100000, 2.7839667797088623, -7033.50830078125
543, -1163.5558764215093, 51.91312122344971, 598, 0.5814262275775862, 0, 100000, 2.724480628967285, -7038.34619140625
544, -1148.7504789687227, 51.92164874076843, 598, 0.5808448013500086, 0, 100000, 2.78464412689209, -7035.17626953125
545, -1122.8964865135495, 52.32477021217346, 598, 0.5802639565486586, 0, 100000, 2.602069139480591, -7038.068359375
546, -1175.156006400386, 53.365559577941895, 598, 0.57968369259211, 0, 100000, 2.7239649295806885, -7043.11962890625
547, -1172.6140099741278, 52.10381078720093, 598, 0.5791040088995179, 0, 100000, 2.5223865509033203, -7040.576171875
548, -1150.515361885773, 52.303136348724365, 598, 0.5785249048906184, 0, 100000, 2.6029934883117676, -7045.1689453125
549, -1166.7903627263731, 52.6162805557251, 598, 0.5779463799857277, 0, 100000, 2.622764825820923, -7047.71826171875
550, -1168.0127273099497, 52.01931548118591, 598, 0.577368433605742, 0, 100000, 2.968454122543335, -7047.70556640625
551, -1160.6745387404226, 52.29513120651245, 598, 0.5767910651721362, 0, 100000, 2.9284069538116455, -7047.59375
552, -1132.701990125468, 52.65033984184265, 598, 0.576214274106964, 0, 100000, 2.623539447784424, -7051.12109375
553, -1152.479264606256, 52.93697214126587, 598, 0.5756380598328571, 0, 100000, 2.7654128074645996, -7050.7158203125
554, -1148.1075042913435, 52.42565870285034, 598, 0.5750624217730242, 0, 100000, 2.419828176498413, -7049.43310546875
555, -1143.6508352656383, 53.957000494003296, 598, 0.5744873593512512, 0, 100000, 2.642716884613037, -7055.88623046875
