episode, reward, success, duration, n_steps, epsilon, success_count, memory length, avg_critic_loss, avg_actor_loss
4001, 2970.3285145759583, True, 0.0516359806060791, 4, 0, 3, 0.0, 0.0
4002, 1000.0021887123585, True, 35.130481243133545, 573, 0, 575, 15.264453887939453, -33008.90625
4003, -2682.518730163574, False, 23.68805980682373, 295, 0, 869, 24.033397674560547, -87392.6953125
4004, 1928.6685518920422, True, 15.425694227218628, 205, 0, 1073, 31.875438690185547, -86179.96875
4005, 2407.6199944913387, True, 26.81148934364319, 351, 0, 1423, 36.784427642822266, -99831.296875
4006, -2471.4948787093163, False, 7.54550313949585, 101, 0, 1523, 37.989253997802734, -115318.875
4007, -3095.8460884690285, False, 12.160551071166992, 172, 0, 1694, 37.460411071777344, -106685.4921875
4008, 2648.913502573967, True, 14.827656269073486, 219, 0, 1912, 36.33945083618164, -106550.7734375
4009, -2804.3499485254288, False, 15.925414085388184, 216, 0, 2127, 37.182945251464844, -115610.1953125
4010, 2616.222982108593, True, 13.207090854644775, 208, 0, 2334, 36.97581481933594, -111512.875
4011, 248.7827256321907, True, 28.039042949676514, 482, 0, 2815, 40.92722702026367, -123441.765625
4012, -9895.168240070343, False, 52.486942768096924, 933, 0, 3747, 41.97536087036133, -124611.1484375
4013, -5304.058168947697, False, 30.761412620544434, 556, 0, 4302, 41.77207565307617, -111947.515625
4014, -3556.3822008371353, False, 13.621431112289429, 249, 0, 4550, 45.02373504638672, -109576.6484375
4015, 2119.516450434923, True, 16.208338260650635, 292, 0, 4841, 49.6104736328125, -114507.140625
4016, -5350.943150699139, False, 23.360881090164185, 416, 0, 5256, 51.705223083496094, -123349.1171875
4017, -2124.446886599064, True, 29.919702768325806, 537, 0, 5792, 54.31517791748047, -122783.6484375
4018, -2894.2248520851135, False, 8.29651165008545, 151, 0, 5942, 60.80759048461914, -125851.2734375
4019, 2196.4802525043488, True, 17.36059856414795, 313, 0, 6254, 58.922176361083984, -123458.390625
4020, -3417.055745124817, False, 4.993776798248291, 87, 0, 6340, 61.186546325683594, -126729.515625
4021, -7100.838210105896, False, 33.893707036972046, 584, 0, 6923, 58.823631286621094, -126010.984375
4022, 2486.720161795616, True, 7.630443572998047, 131, 0, 7053, 56.88956069946289, -122643.578125
4023, 1688.3788554668427, True, 19.350733995437622, 314, 0, 7366, 58.427860260009766, -130458.609375
4024, -2451.6295964717865, False, 1.6829214096069336, 30, 0, 7395, 63.19810485839844, -128825.1640625
4025, 878.0484492778778, True, 29.916059017181396, 532, 0, 7926, 60.71376037597656, -140635.125
4026, -5677.355677425861, False, 11.142132997512817, 200, 0, 8125, 60.013153076171875, -151446.109375
4027, -4051.3772251605988, False, 12.794269561767578, 221, 0, 8345, 61.755943298339844, -150489.40625
4028, -4459.154366970062, False, 18.372445344924927, 329, 0, 8673, 60.41593933105469, -144282.171875
4029, 2056.9563552439213, True, 17.691218376159668, 323, 0, 8995, 57.91886520385742, -144805.34375
4030, -259.48872485756874, True, 28.999847173690796, 525, 0, 9519, 57.464439392089844, -147572.125
4031, -4783.525998771191, False, 26.14051103591919, 473, 0, 9991, 55.434024810791016, -146154.03125
4032, -3474.6747428774834, False, 12.111740589141846, 216, 0, 10206, 55.455177307128906, -145240.3125
4033, 2413.288434147835, True, 15.00061845779419, 260, 0, 10465, 57.18107223510742, -145250.25
4034, 2582.4796885252, True, 10.745806455612183, 197, 0, 10661, 59.04290771484375, -149325.71875
4035, 2270.596690580249, True, 22.226872444152832, 401, 0, 11061, 59.729312896728516, -147903.59375
4036, 876.0949213206768, True, 18.197749614715576, 329, 0, 11389, 57.64772033691406, -153699.703125
4037, 2753.983300924301, True, 7.610098838806152, 137, 0, 11525, 59.897552490234375, -158012.78125
4038, -2823.4382219314575, False, 2.281379222869873, 42, 0, 11566, 52.93634796142578, -154164.84375
4039, 2464.0803322792053, True, 11.539202213287354, 212, 0, 11777, 58.68828582763672, -159286.125
4040, -3238.6576883792877, False, 10.235198020935059, 180, 0, 11956, 59.955562591552734, -161105.75
4041, -2948.697572052479, False, 9.448673963546753, 164, 0, 12119, 59.714874267578125, -159414.046875
4042, 2822.0561734437943, True, 5.008777618408203, 85, 0, 12203, 59.17841339111328, -162707.078125
4043, 2640.760545730591, True, 10.569368362426758, 187, 0, 12389, 61.57333755493164, -161764.21875
4044, -2594.350175499916, False, 6.45656681060791, 118, 0, 12506, 57.51275634765625, -164506.140625
4045, 2600.8409862816334, True, 12.738969802856445, 224, 0, 12729, 59.53556442260742, -164749.03125
4046, 696.9333919286728, True, 18.850640058517456, 343, 0, 13071, 62.22142791748047, -166597.859375
4047, 1803.885067820549, True, 24.284868478775024, 434, 0, 13504, 61.0573844909668, -168614.390625
4048, -3505.013251543045, False, 7.140657424926758, 127, 0, 13630, 62.41866683959961, -174670.8125
4049, 2088.6651517748833, True, 17.980234384536743, 328, 0, 13957, 63.57711410522461, -169804.75
4050, -4322.940287828445, False, 14.352689027786255, 246, 0, 14202, 61.52030944824219, -171801.171875
4051, 2127.9663294553757, True, 15.942806005477905, 344, 0, 14545, 59.616455078125, -170059.796875
4052, -4685.537345349789, False, 18.095088958740234, 392, 0, 14936, 59.025047302246094, -171431.921875
4053, 2858.888362288475, True, 4.413302898406982, 65, 0, 15000, 55.67581558227539, -169724.46875
4054, 2403.966574847698, True, 11.228852987289429, 234, 0, 15233, 60.45896911621094, -172852.953125
4055, -1347.6749841570854, True, 26.788357973098755, 554, 0, 15786, 59.30632400512695, -173741.171875
4056, 1553.2745102345943, True, 24.976601600646973, 518, 0, 16303, 60.14432144165039, -174618.859375
4057, 2267.077020794153, True, 12.338809251785278, 250, 0, 16552, 62.05112075805664, -175525.453125
4058, 1573.9612364768982, True, 22.923023223876953, 459, 0, 17010, 61.60359573364258, -179426.28125
4059, 1571.4370943307877, True, 23.01195502281189, 477, 0, 17486, 62.74421691894531, -177381.21875
4060, -3455.258034467697, False, 7.513983964920044, 156, 0, 17641, 61.92835235595703, -175724.90625
4061, 1193.9899078011513, True, 21.23777961730957, 466, 0, 18106, 63.553565979003906, -179360.25
4062, 799.204645678401, True, 27.890771627426147, 623, 0, 18728, 62.363094329833984, -183699.734375
4063, -665.5927574336529, True, 33.775152921676636, 748, 0, 19475, 61.08993148803711, -184289.21875
4064, -3556.3866078853607, False, 4.764397859573364, 107, 0, 19581, 58.33451461791992, -184165.453125
4065, 2588.682596474886, True, 6.812698841094971, 140, 0, 19720, 60.56983947753906, -185988.34375
4066, -4415.454768419266, False, 13.098424911499023, 273, 0, 19992, 61.50088882446289, -187184.625
4067, -2866.5689375400543, False, 11.617531061172485, 244, 0, 20235, 61.51179504394531, -184881.4375
4068, -4431.613028407097, False, 13.401153087615967, 279, 0, 20513, 60.78167724609375, -181960.921875
4069, 1993.4517808258533, True, 16.247838020324707, 341, 0, 20853, 62.62429428100586, -186895.125
4070, -5145.455068588257, False, 21.76740574836731, 468, 0, 21320, 60.96693801879883, -188292.484375
4071, 2468.198089212179, True, 14.103359699249268, 306, 0, 21625, 61.48512649536133, -188193.078125
4072, -3313.7214715480804, False, 3.637972116470337, 78, 0, 21702, 59.95466613769531, -187833.109375
4073, 1836.5467085242271, True, 13.398604154586792, 297, 0, 21998, 59.33092498779297, -188354.5625
4074, -2963.5561267733574, False, 5.878895282745361, 123, 0, 22120, 63.34566116333008, -191468.265625
4075, 2472.9854028224945, True, 14.004721879959106, 314, 0, 22433, 61.42335510253906, -192272.34375
4076, 445.0511641204357, True, 34.323853731155396, 802, 0, 23234, 59.71592330932617, -194130.375
4077, -2924.438660979271, False, 4.5855631828308105, 100, 0, 23333, 58.619598388671875, -193643.8125
4078, -539.099359035492, True, 38.50909996032715, 780, 0, 24112, 59.74114227294922, -197642.609375
4079, 1360.1816295981407, True, 12.104727268218994, 249, 0, 24360, 61.3337516784668, -204932.609375
4080, -2708.516286790371, False, 11.679388523101807, 237, 0, 24596, 56.62886047363281, -201934.53125
4081, 2712.3816079497337, True, 5.2010674476623535, 109, 0, 24704, 60.29353332519531, -204981.578125
4082, -2059.661428809166, True, 45.323498010635376, 972, 0, 25675, 59.47296142578125, -204126.21875
4083, 1921.250300616026, True, 19.497010707855225, 429, 0, 26103, 59.03015899658203, -207701.984375
4084, -2983.1328666210175, False, 2.2159740924835205, 51, 0, 26153, 56.97865295410156, -203162.59375
4085, 1860.1171906292439, True, 16.471892833709717, 362, 0, 26514, 60.58993911743164, -209184.859375
4086, 109.92831617593765, True, 25.317640781402588, 559, 0, 27072, 59.17258834838867, -213676.859375
4087, -3703.9607149362564, False, 5.2677881717681885, 117, 0, 27188, 60.592742919921875, -212640.046875
4088, 2615.174814850092, True, 9.690505743026733, 208, 0, 27395, 58.71368408203125, -211217.140625
4089, -2767.943248152733, True, 17.121583461761475, 381, 0, 27775, 60.21413040161133, -214591.859375
4090, -2939.932897567749, False, 2.145087480545044, 47, 0, 27821, 59.7337532043457, -214696.421875
4091, 2013.579389333725, True, 15.6055908203125, 326, 0, 28146, 59.80128479003906, -214000.296875
4092, 2181.9645541906357, True, 13.13311505317688, 274, 0, 28419, 60.61484909057617, -217008.046875
4093, 2519.6519208848476, True, 11.98123025894165, 245, 0, 28663, 60.58140563964844, -219020.28125
4094, -7856.1743465662, False, 14.615360975265503, 305, 0, 28967, 60.680885314941406, -217506.140625
4095, -3013.072620689869, False, 12.444929838180542, 259, 0, 29225, 61.147029876708984, -215442.078125
4096, 2504.202423930168, True, 7.073817491531372, 146, 0, 29370, 61.43253707885742, -215822.421875
4097, 908.3934281766415, True, 20.250258207321167, 411, 0, 29780, 60.87599182128906, -215412.625
4098, -18303.80760717392, False, 35.33630013465881, 742, 0, 30521, 61.45108413696289, -214150.421875
4099, 2420.1984182298183, True, 12.69289231300354, 266, 0, 30786, 63.39848327636719, -212833.25
4100, -3540.9836388230324, False, 6.361466646194458, 133, 0, 30918, 63.468685150146484, -207329.890625
4101, -9489.470997452736, False, 17.124414682388306, 357, 0, 31274, 62.96036911010742, -210011.765625
4102, -6702.111614942551, False, 17.111157655715942, 361, 0, 31634, 64.00904846191406, -210206.25
4103, -10224.952669382095, False, 15.241589069366455, 336, 0, 31969, 63.83639144897461, -206059.125
4104, -5198.2592431902885, False, 14.97702956199646, 328, 0, 32296, 64.72599029541016, -203389.53125
4105, -2994.1484512090683, False, 10.304990768432617, 221, 0, 32516, 63.713958740234375, -203188.953125
4106, -4115.359073519707, False, 13.566360235214233, 285, 0, 32800, 63.46807861328125, -200491.53125
4107, 2788.4874086380005, True, 9.112281322479248, 191, 0, 32990, 62.94898223876953, -203929.921875
4108, 2232.9740565419197, True, 13.115037202835083, 285, 0, 33274, 64.19480895996094, -203662.890625
4109, 1980.0733372867107, True, 18.706485748291016, 421, 0, 33694, 63.09809112548828, -203169.265625
4110, -1766.2627075314522, True, 40.69408965110779, 908, 0, 34601, 63.61392593383789, -205894.390625
4111, -16519.131091833115, False, 22.97270178794861, 480, 0, 35080, 63.11399459838867, -208367.359375
4112, 2698.6802265942097, True, 10.646477460861206, 220, 0, 35299, 60.77373123168945, -204656.75
4113, -12444.5362637043, False, 14.3761625289917, 298, 0, 35596, 64.09614562988281, -208431.25
4114, -11241.578395783901, False, 22.21721863746643, 452, 0, 36047, 61.26689529418945, -201457.578125
4115, 2717.0449039787054, True, 10.41033148765564, 219, 0, 36265, 62.872520446777344, -203304.671875
4116, -2659.2325620651245, False, 1.6186838150024414, 35, 0, 36299, 59.17265701293945, -197274.375
4117, 2634.014890432358, True, 9.99038314819336, 211, 0, 36509, 62.81612777709961, -204580.390625
4118, -2781.0425159931183, False, 2.303323268890381, 50, 0, 36558, 63.75981140136719, -200144.484375
4119, 1978.8083499670029, True, 15.605366706848145, 328, 0, 36885, 62.28167724609375, -201735.140625
4120, -12939.36768913269, False, 23.493064165115356, 515, 0, 37399, 62.590301513671875, -204870.578125
4121, 2450.708166360855, True, 7.761694431304932, 168, 0, 37566, 61.4985237121582, -199735.90625
4122, 756.0401057004929, True, 23.629960536956787, 522, 0, 38087, 62.91066360473633, -202098.6875
4123, -2327.935806274414, False, 0.6628470420837402, 15, 0, 38101, 58.00075912475586, -185148.578125
4124, -12897.073773145676, False, 24.566890478134155, 516, 0, 38616, 64.08299255371094, -203009.40625
4125, 2590.607547223568, True, 6.665339469909668, 140, 0, 38755, 66.16081237792969, -197337.796875
4126, 2397.0337062478065, True, 11.407026767730713, 236, 0, 38990, 65.07966613769531, -199131.359375
4127, 2388.85289645195, True, 10.6237313747406, 223, 0, 39212, 65.49383544921875, -201123.890625
4128, -13415.040410280228, False, 36.54650545120239, 752, 0, 39963, 65.79839324951172, -203369.40625
4129, 2541.7163719832897, True, 7.1161627769470215, 151, 0, 40113, 64.50248718261719, -202065.171875
4130, 2228.9724623560905, True, 12.055519342422485, 257, 0, 40369, 65.13706970214844, -201620.6875
4131, 2368.2023594379425, True, 11.362879276275635, 251, 0, 40619, 65.32736206054688, -200944.546875
4132, 2723.485313117504, True, 7.865561246871948, 171, 0, 40789, 64.9894027709961, -201486.21875
4133, -1387.8772610723972, True, 33.81458520889282, 747, 0, 41535, 63.954898834228516, -202218.90625
4134, -2296.1182589530945, False, 0.35600733757019043, 8, 0, 41542, 55.11567687988281, -184231.171875
4135, -7264.338784694672, False, 31.547282218933105, 696, 0, 42237, 63.68265151977539, -200587.609375
4136, 2448.1978505551815, True, 11.23382830619812, 245, 0, 42481, 64.08917236328125, -200251.078125
4137, -3426.334941506386, False, 16.137975692749023, 354, 0, 42834, 62.78553009033203, -201014.015625
4138, 2449.7454949617386, True, 11.795012474060059, 256, 0, 43089, 63.41984176635742, -198903.90625
4139, -6117.101460516453, True, 36.18094873428345, 746, 0, 43834, 63.31730651855469, -198216.90625
4140, -4288.5742790699005, False, 23.45852756500244, 490, 0, 44323, 62.872066497802734, -194141.46875
4141, -8585.754619121552, False, 20.291125774383545, 423, 0, 44745, 63.27507019042969, -194193.796875
4142, 2578.742667734623, True, 6.115212678909302, 126, 0, 44870, 63.31864547729492, -192218.5625
4143, 2428.7586499750614, True, 12.705364465713501, 263, 0, 45132, 62.333961486816406, -194107.71875
4144, 1627.4495388269424, True, 19.593024492263794, 427, 0, 45558, 62.67692947387695, -195140.71875
4145, -8686.952703475952, False, 19.687389850616455, 431, 0, 45988, 64.6161880493164, -194720.03125
4146, 1643.8632507920265, True, 16.86809778213501, 369, 0, 46356, 64.7618408203125, -194743.84375
4147, -4033.6606355905533, False, 23.65979313850403, 493, 0, 46848, 64.01350402832031, -190590.8125
4148, 2539.4938209354877, True, 7.161995887756348, 150, 0, 46997, 63.01138687133789, -188963.21875
4149, 2578.6770241856575, True, 8.40252423286438, 171, 0, 47167, 63.1784782409668, -195875.03125
4150, -16590.6934350729, False, 55.28350567817688, 1148, 0, 48314, 63.87022399902344, -191675.15625
4151, 1677.3960022330284, True, 18.809890747070312, 390, 0, 48703, 66.14703369140625, -188413.90625
4152, -9502.870472431183, False, 27.12135100364685, 560, 0, 49262, 64.01996612548828, -187924.859375
4153, 2651.88568598032, True, 10.809507846832275, 218, 0, 49479, 62.42782974243164, -189125.390625
4154, -5073.033803671598, False, 20.99655246734619, 433, 0, 49911, 62.88437271118164, -186010.765625
4155, 2675.1808177530766, True, 5.502779483795166, 114, 0, 50024, 63.49757385253906, -188968.859375
4156, 942.1374705433846, True, 15.62398099899292, 320, 0, 50343, 63.774986267089844, -186764.578125
4157, -9955.872927188873, False, 18.67671847343445, 388, 0, 50730, 64.76233673095703, -185140.71875
4158, 2065.2966574430466, True, 14.345272779464722, 294, 0, 51023, 64.46839141845703, -184156.546875
4159, -5166.818500518799, False, 6.777950048446655, 142, 0, 51164, 63.602691650390625, -186053.984375
4160, 2029.7517856359482, True, 18.143932819366455, 371, 0, 51534, 64.67210388183594, -183038.453125
4161, -8334.48017925024, False, 16.69237732887268, 354, 0, 51887, 64.13385772705078, -185846.21875
4162, 1767.921194076538, True, 19.671622276306152, 442, 0, 52328, 63.20089340209961, -185362.171875
4163, -23381.994074344635, False, 46.65684962272644, 1013, 0, 53340, 62.83319854736328, -181238.171875
4164, -1966.0030868649483, True, 44.603729248046875, 954, 0, 54293, 63.35506820678711, -179646.953125
4165, -18215.212622523308, False, 50.70961332321167, 1117, 0, 55409, 61.60914993286133, -180033.484375
4166, 2339.750352680683, True, 10.081228017807007, 273, 0, 55681, 61.554195404052734, -173194.5
4167, -3583.1993480324745, False, 20.696418523788452, 418, 0, 56098, 60.68131637573242, -173195.984375
4168, 2560.050176203251, True, 6.243648290634155, 125, 0, 56222, 61.12010192871094, -172814.546875
4169, -9396.614244818687, False, 16.559065103530884, 330, 0, 56551, 61.415897369384766, -175299.59375
4170, 1501.1527493596077, True, 18.411130666732788, 383, 0, 56933, 60.96411895751953, -173623.140625
4171, -15877.473751068115, False, 30.521555423736572, 631, 0, 57563, 62.2880859375, -174118.015625
4172, -15054.56559175253, False, 42.73992943763733, 887, 0, 58449, 61.987918853759766, -171049.0
4173, 576.2948502004147, True, 28.560123920440674, 582, 0, 59030, 61.333526611328125, -169674.5
4174, -11873.3921738863, False, 39.45782732963562, 818, 0, 59847, 61.02325439453125, -169568.5625
4175, 2114.37735876441, True, 11.334201335906982, 237, 0, 60083, 60.18840408325195, -166171.65625
4176, -5267.3427629470825, False, 16.28496742248535, 329, 0, 60411, 60.358734130859375, -168381.578125
4177, 2395.4548219442368, True, 12.730994939804077, 261, 0, 60671, 60.382076263427734, -166297.671875
4178, 147.96959733963013, True, 27.684052228927612, 564, 0, 61234, 60.84254455566406, -166277.4375
4179, -10062.75391638279, False, 32.35623860359192, 676, 0, 61909, 59.80598068237305, -165651.984375
4180, 2306.045489549637, True, 12.216185569763184, 259, 0, 62167, 60.26983642578125, -163489.21875
4181, 1949.9579939246178, True, 17.94664454460144, 325, 0, 62491, 59.533485412597656, -161847.40625
4182, -17321.514820337296, False, 32.22262692451477, 634, 0, 63124, 59.90642166137695, -164598.421875
4183, -3239.001948416233, False, 9.722945928573608, 204, 0, 63327, 60.07264709472656, -161447.765625
4184, 1296.6303153634071, True, 23.58066749572754, 480, 0, 63806, 61.53868865966797, -162514.859375
4185, -178.94782415032387, True, 30.543470859527588, 663, 0, 64468, 59.61593246459961, -161747.390625
4186, -16500.61287879944, False, 48.628681659698486, 1069, 0, 65536, 59.146671295166016, -161524.21875
4187, 2731.569422364235, True, 5.07919979095459, 111, 0, 65646, 58.38554763793945, -156351.640625
4188, -4816.769686937332, False, 18.13550901412964, 393, 0, 66038, 58.07734298706055, -159136.984375
4189, 2751.5523334145546, True, 5.221524715423584, 111, 0, 66148, 58.7595329284668, -157001.609375
4190, 2671.0849696695805, True, 9.681061744689941, 215, 0, 66362, 58.65979766845703, -156249.671875
4191, -5673.3455573916435, False, 27.417378902435303, 608, 0, 66969, 58.2145881652832, -157349.625
4192, -8088.075293958187, False, 19.579461574554443, 407, 0, 67375, 59.88052749633789, -155724.03125
4193, 2382.5089104771614, True, 8.810425281524658, 159, 0, 67533, 58.342674255371094, -155759.734375
4194, -3689.792566537857, False, 11.889044284820557, 219, 0, 67751, 58.656768798828125, -157615.21875
4195, 2485.7522162795067, True, 12.6626136302948, 224, 0, 67974, 60.203914642333984, -157479.109375
4196, -5717.498491048813, False, 23.486098766326904, 402, 0, 68375, 59.68044662475586, -157584.390625
4197, 2857.7107037603855, True, 4.9511895179748535, 68, 0, 68442, 60.128421783447266, -153986.96875
4198, -8633.498178958893, False, 25.146785974502563, 402, 0, 68843, 59.41939163208008, -156707.421875
4199, 2320.582353413105, True, 14.243284702301025, 296, 0, 69138, 61.04290771484375, -156491.703125
4200, -3991.4008571505547, False, 13.49445915222168, 253, 0, 69390, 59.38249969482422, -156365.40625
4201, -11074.541955471039, False, 20.635491609573364, 451, 0, 69840, 60.453121185302734, -155148.875
4202, -15840.394731163979, False, 29.3187837600708, 591, 0, 70430, 60.70758819580078, -153989.828125
4203, 1944.788824558258, True, 10.687448263168335, 230, 0, 70659, 59.54141616821289, -149233.796875
4204, 2065.3712197244167, True, 16.94151473045349, 362, 0, 71020, 59.596248626708984, -152813.015625
4205, -15027.32408952713, False, 47.39509105682373, 921, 0, 71940, 59.0586051940918, -151531.953125
4206, 2317.8314777612686, True, 15.716418027877808, 237, 0, 72176, 58.95226287841797, -146846.5
4207, -6003.572424829006, False, 30.25102186203003, 528, 0, 72703, 58.97087097167969, -149002.046875
4208, -4983.56324672699, False, 8.498933792114258, 147, 0, 72849, 57.63932800292969, -147932.796875
4209, -11506.465399384499, False, 39.70720911026001, 708, 0, 73556, 58.59922409057617, -145361.171875
4210, 2427.963819950819, True, 12.680523872375488, 262, 0, 73817, 58.71002960205078, -143000.4375
4211, -2688.6070090532303, False, 5.362390995025635, 115, 0, 73931, 59.07254409790039, -143472.203125
4212, -4430.636330842972, False, 16.669975519180298, 346, 0, 74276, 57.776729583740234, -145040.78125
4213, 2355.715496301651, True, 14.681411504745483, 302, 0, 74577, 59.18231964111328, -141811.9375
4214, -4278.050330102444, False, 26.181154489517212, 475, 0, 75051, 59.339942932128906, -145199.3125
4215, 2337.349913060665, True, 10.454073190689087, 177, 0, 75227, 58.018638610839844, -144732.59375
4216, 112.78742316365242, True, 17.984503269195557, 371, 0, 75597, 57.98360061645508, -144583.90625
4217, -7877.3531749248505, False, 8.373913764953613, 173, 0, 75769, 57.917049407958984, -143773.03125
4218, 2532.7757017314434, True, 7.59789514541626, 153, 0, 75921, 59.0859375, -141411.3125
4219, 2037.7855181246996, True, 21.613818407058716, 443, 0, 76363, 57.81285858154297, -142677.1875
4220, 1579.2206549346447, True, 23.8755042552948, 490, 0, 76852, 58.178226470947266, -143498.28125
4221, 1968.9250098466873, True, 20.84817671775818, 430, 0, 77281, 57.76424789428711, -142956.890625
4222, -4941.139593601227, False, 4.429739475250244, 91, 0, 77371, 57.269718170166016, -141588.09375
4223, 2301.6200497746468, True, 13.448420763015747, 270, 0, 77640, 58.09465789794922, -142171.96875
4224, -5485.25946187973, False, 5.2366743087768555, 108, 0, 77747, 57.311981201171875, -142063.59375
4225, 2664.053318321705, True, 6.23124098777771, 130, 0, 77876, 56.27490234375, -144929.609375
4226, 2225.0421514213085, True, 21.242212533950806, 436, 0, 78311, 57.81483840942383, -143142.0625
4227, -33047.3939204216, False, 58.67506647109985, 1239, 0, 79549, 57.63725280761719, -140098.734375
4228, 2412.298499286175, True, 8.518303394317627, 172, 0, 79720, 57.13805389404297, -136825.796875
4229, 1984.2492985129356, True, 20.263442993164062, 420, 0, 80139, 57.689388275146484, -138040.84375
4230, -13320.839771986008, False, 17.71120524406433, 369, 0, 80507, 58.139400482177734, -137712.6875
4231, 2543.1483938694, True, 6.976673364639282, 145, 0, 80651, 58.054874420166016, -138629.390625
4232, -2608.5855511426926, False, 5.323641538619995, 111, 0, 80761, 57.11149597167969, -136850.078125
4233, 2612.988792181015, True, 6.487964391708374, 134, 0, 80894, 56.80562210083008, -135773.1875
4234, 2221.319315135479, True, 10.845977544784546, 224, 0, 81117, 59.05432891845703, -137127.40625
4235, -2783.3722789883614, False, 7.190644025802612, 153, 0, 81269, 56.80305862426758, -137605.765625
4236, -7419.9116468429565, False, 20.27405881881714, 448, 0, 81716, 58.48496627807617, -138141.09375
4237, 2466.4403005838394, True, 12.558977842330933, 277, 0, 81992, 57.207218170166016, -137722.765625
4238, -2883.8747774362564, False, 11.822891473770142, 255, 0, 82246, 58.32142639160156, -139571.65625
4239, -3873.8570746183395, False, 6.347062826156616, 138, 0, 82383, 56.610511779785156, -134952.578125
4240, 1876.852254331112, True, 16.818223237991333, 366, 0, 82748, 57.972900390625, -135027.171875
4241, -3376.9071584939957, False, 5.461214780807495, 119, 0, 82866, 58.384918212890625, -139346.40625
4242, -3360.675024688244, False, 9.564653158187866, 207, 0, 83072, 57.61046600341797, -137435.859375
4243, 1712.167566716671, True, 13.601212739944458, 292, 0, 83363, 57.44755935668945, -137021.546875
4244, -12445.43718111515, False, 46.059648513793945, 1011, 0, 84373, 57.21809005737305, -134670.5
4245, -3192.3930045366287, False, 8.75992727279663, 183, 0, 84555, 56.569786071777344, -134421.46875
4246, 2236.700211405754, True, 17.734732151031494, 360, 0, 84914, 56.90204620361328, -133076.78125
4247, -7149.8479625582695, False, 10.490677833557129, 218, 0, 85131, 56.64871597290039, -133793.5625
4248, -4100.283134818077, False, 13.58230972290039, 282, 0, 85412, 57.40544128417969, -132236.234375
4249, -3212.3782898187637, False, 12.896366119384766, 270, 0, 85681, 56.98499298095703, -132255.46875
4250, 2380.2675642073154, True, 12.361327409744263, 256, 0, 85936, 57.24378967285156, -132626.71875
4251, -2942.5757559537888, False, 7.167546272277832, 149, 0, 86084, 57.019859313964844, -132475.28125
4252, -3033.7751217484474, False, 9.73060941696167, 194, 0, 86277, 56.63090133666992, -132205.25
4253, 1396.9031468629837, True, 17.72560143470764, 365, 0, 86641, 56.44363784790039, -132841.8125
4254, -3303.3737357258797, True, 42.770984172821045, 908, 0, 87548, 57.51216125488281, -131866.75
4255, -9436.517672240734, False, 32.86781406402588, 709, 0, 88256, 56.856197357177734, -132503.421875
4256, 2608.415821790695, True, 7.134768486022949, 156, 0, 88411, 57.563133239746094, -130207.703125
4257, 1982.0370946228504, True, 17.98589825630188, 367, 0, 88777, 57.63056564331055, -130873.953125
4258, -3821.755071282387, False, 6.940551996231079, 141, 0, 88917, 55.76002502441406, -130588.6953125
4259, 2242.3961661458015, True, 16.768975734710693, 349, 0, 89265, 55.774169921875, -131530.71875
4260, -762.3030980229378, True, 28.308913707733154, 609, 0, 89873, 56.79275894165039, -131828.5
4261, 2611.884576320648, True, 8.729439735412598, 189, 0, 90061, 56.536521911621094, -133804.21875
4262, -3959.998395740986, False, 16.48261046409607, 358, 0, 90418, 56.60515594482422, -131072.0625
4263, -203.07550233602524, True, 17.38031506538391, 379, 0, 90796, 57.09882736206055, -132721.484375
4264, 2321.7368227243423, True, 18.21981453895569, 401, 0, 91196, 56.31288146972656, -132413.453125
4265, -5769.844137430191, False, 10.109912157058716, 219, 0, 91414, 56.00701141357422, -132271.921875
4266, -10029.224697828293, False, 21.004940509796143, 457, 0, 91870, 56.89094543457031, -131382.0625
4267, 2519.633587628603, True, 11.718047618865967, 258, 0, 92127, 56.8577880859375, -133528.25
4268, -2810.79736161232, False, 5.668931722640991, 124, 0, 92250, 56.691768646240234, -132370.828125
4269, -6847.278660953045, False, 24.675514221191406, 511, 0, 92760, 57.0966911315918, -130686.1484375
4270, 2781.3323554992676, True, 6.018937349319458, 125, 0, 92884, 53.95553970336914, -133699.140625
4271, -2822.013527393341, False, 12.663760662078857, 258, 0, 93141, 56.203399658203125, -131939.53125
4272, -4385.466772854328, False, 16.51215624809265, 341, 0, 93481, 56.978302001953125, -129820.5546875
4273, 2716.2764597535133, True, 6.659258604049683, 138, 0, 93618, 56.45310592651367, -131614.921875
4274, 1794.0580440759659, True, 17.24904441833496, 384, 0, 94001, 56.56245803833008, -131806.125
4275, -12387.709527432919, False, 33.92003679275513, 845, 0, 94845, 56.497825622558594, -132023.453125
4276, 1765.289072215557, True, 16.880474090576172, 355, 0, 95199, 55.80389404296875, -131068.2265625
4277, -3038.102677464485, True, 23.88021731376648, 482, 0, 95680, 56.04159927368164, -130408.796875
4278, 937.8102423846722, True, 28.24089002609253, 577, 0, 96256, 57.29709243774414, -131526.328125
4279, 41.126239746809006, True, 19.983296871185303, 409, 0, 96664, 57.883819580078125, -130405.4609375
4280, 2158.2273439764977, True, 15.178245306015015, 306, 0, 96969, 57.07106399536133, -131164.84375
4281, -5502.676202178001, False, 22.459278345108032, 451, 0, 97419, 57.47112274169922, -130065.4609375
4282, -2245.462882131338, True, 17.234926223754883, 350, 0, 97768, 56.745975494384766, -130288.5625
4283, 1909.6911516189575, True, 9.744275569915771, 195, 0, 97962, 57.75444793701172, -130386.3984375
4284, -5216.8645142912865, False, 23.786925554275513, 474, 0, 98435, 56.189369201660156, -131083.59375
4285, -3258.328548103571, False, 10.241773843765259, 210, 0, 98644, 57.05809783935547, -127494.2109375
4286, -15524.026910603046, False, 29.69078040122986, 642, 0, 99285, 56.8707160949707, -128906.0078125
4287, 1171.9394653737545, True, 12.92595386505127, 281, 0, 99565, 56.78777313232422, -127341.1796875
4288, -3269.8307843208313, True, 23.632164001464844, 508, 0, 100000, 57.293235778808594, -128446.4765625
4289, -2901.1973056197166, False, 16.266956567764282, 342, 0, 100000, 56.8209342956543, -127740.6171875
4290, -2895.0432038903236, False, 11.357641696929932, 245, 0, 100000, 58.913475036621094, -127665.1015625
4291, 2671.54778945446, True, 6.7687647342681885, 147, 0, 100000, 57.776432037353516, -126970.7890625
4292, -2918.0908271074295, False, 12.429811954498291, 267, 0, 100000, 58.507286071777344, -128548.1640625
4293, -4052.623258829117, False, 15.1234290599823, 315, 0, 100000, 57.97648239135742, -127756.8671875
4294, 2423.1969996392727, True, 15.29164171218872, 311, 0, 100000, 58.61854553222656, -126792.0234375
4295, -6108.985661864281, False, 23.00966191291809, 464, 0, 100000, 58.7789192199707, -127031.4921875
4296, 1864.8355686664581, True, 17.608691453933716, 361, 0, 100000, 57.252906799316406, -128771.3984375
4297, 1393.4055675268173, True, 14.918915748596191, 307, 0, 100000, 58.26515579223633, -128238.9609375
4298, 2016.2094737291336, True, 16.80495548248291, 334, 0, 100000, 57.575218200683594, -129037.0625
4299, 2268.2023572921753, True, 20.275649070739746, 413, 0, 100000, 57.522666931152344, -128057.6640625
4300, 2137.3276101350784, True, 13.619600772857666, 279, 0, 100000, 57.663429260253906, -131487.28125
4301, -3782.011043548584, False, 10.287954330444336, 210, 0, 100000, 57.376800537109375, -128584.265625
4302, -4857.964105248451, False, 13.313654899597168, 273, 0, 100000, 59.19953155517578, -130078.78125
4303, 2791.522762477398, True, 4.8621602058410645, 98, 0, 100000, 57.1594123840332, -129297.078125
4304, 498.48949468135834, True, 20.26533579826355, 463, 0, 100000, 58.77288818359375, -129519.21875
4305, 1965.8765195012093, True, 13.928528308868408, 347, 0, 100000, 58.056644439697266, -128439.859375
4306, 1975.2818283438683, True, 23.943170070648193, 492, 0, 100000, 58.055702209472656, -129255.109375
4307, -5528.637174069881, False, 24.929337978363037, 514, 0, 100000, 58.334964752197266, -129184.046875
4308, 2084.9773612618446, True, 18.841185808181763, 388, 0, 100000, 57.59551239013672, -130598.2265625
4309, 1919.9898633360863, True, 19.603065013885498, 385, 0, 100000, 58.021202087402344, -129258.4609375
4310, 2158.724446952343, True, 10.298404932022095, 204, 0, 100000, 57.82508087158203, -127974.796875
4311, -13475.852445840836, False, 67.46015739440918, 1462, 0, 100000, 57.437923431396484, -128025.03125
4312, 2107.601687312126, True, 15.877134561538696, 326, 0, 100000, 56.640625, -126933.890625
4313, -2887.602480530739, False, 13.826027870178223, 274, 0, 100000, 57.57343292236328, -127131.328125
4314, 309.97836020588875, True, 14.50766396522522, 294, 0, 100000, 58.07707595825195, -125760.8125
4315, -10067.76718044281, False, 54.774242877960205, 1135, 0, 100000, 57.98816680908203, -126096.84375
4316, -3254.0296528935432, False, 12.65564227104187, 279, 0, 100000, 57.46097946166992, -124554.7421875
4317, 612.0060448646545, True, 13.232158422470093, 284, 0, 100000, 55.62678146362305, -123287.0859375
4318, 2504.0563140511513, True, 12.968023538589478, 279, 0, 100000, 56.97627639770508, -124727.9296875
4319, -3061.4659761190414, False, 13.532572269439697, 292, 0, 100000, 57.371341705322266, -123051.21875
4320, 1870.369318753481, True, 12.315086603164673, 264, 0, 100000, 57.021392822265625, -123580.4296875
4321, 2035.4701970517635, True, 15.109527111053467, 332, 0, 100000, 57.13841247558594, -121688.0234375
4322, 2005.097978040576, True, 23.52318787574768, 512, 0, 100000, 57.39717102050781, -122761.53125
4323, -7891.73449409008, False, 21.598878622055054, 465, 0, 100000, 57.2801513671875, -123241.421875
4324, -2780.7446553707123, False, 10.842074394226074, 228, 0, 100000, 56.50695037841797, -121516.203125
4325, 2320.6017763614655, True, 13.864952802658081, 292, 0, 100000, 57.46331787109375, -121928.3125
4326, -2033.358928769827, True, 28.02401089668274, 568, 0, 100000, 56.75568771362305, -122587.578125
4327, -2910.573541998863, False, 8.191463232040405, 166, 0, 100000, 56.98222732543945, -122968.4609375
4328, -3325.849931240082, False, 11.808845520019531, 239, 0, 100000, 58.083683013916016, -121462.875
4329, 1550.0629798471928, True, 17.181665182113647, 350, 0, 100000, 56.97837448120117, -120931.6484375
4330, 1845.607288390398, True, 20.94300413131714, 429, 0, 100000, 57.155757904052734, -119389.3203125
4331, -2953.502549290657, False, 6.427538633346558, 131, 0, 100000, 55.621978759765625, -119402.7421875
4332, 2536.9643762409687, True, 12.858399868011475, 262, 0, 100000, 57.293453216552734, -120248.1875
4333, 1616.3734290450811, True, 25.29957914352417, 521, 0, 100000, 56.84901428222656, -119502.1640625
4334, 267.75247141718864, True, 16.36111831665039, 336, 0, 100000, 56.536865234375, -118259.34375
4335, 2367.6806230694056, True, 13.906250476837158, 286, 0, 100000, 56.01668930053711, -118681.3828125
4336, -4370.571416974068, False, 24.512728691101074, 498, 0, 100000, 55.85582733154297, -118977.125
4337, 1718.6580651402473, True, 18.990283012390137, 392, 0, 100000, 55.57991027832031, -119514.921875
4338, 500.3264282345772, True, 17.08459162712097, 351, 0, 100000, 57.15492630004883, -118541.1875
4339, 2227.748204767704, True, 14.674697875976562, 298, 0, 100000, 56.242130279541016, -116887.421875
4340, 2323.252973794937, True, 14.283225536346436, 283, 0, 100000, 57.177616119384766, -117810.546875
4341, -1922.0068173110485, True, 36.074044704437256, 738, 0, 100000, 55.350399017333984, -118536.734375
4342, -5520.013832330704, False, 20.658782243728638, 446, 0, 100000, 55.77215576171875, -118405.09375
4343, 1938.2028248012066, True, 16.23889684677124, 341, 0, 100000, 55.83905792236328, -118208.4140625
4344, -3960.490224003792, False, 7.9499125480651855, 172, 0, 100000, 54.605281829833984, -116972.1015625
4345, 2788.5554500222206, True, 5.5551438331604, 118, 0, 100000, 53.47922897338867, -116974.1796875
4346, 2102.0769122838974, True, 12.635982751846313, 270, 0, 100000, 56.04901885986328, -115965.125
4347, -5496.251193523407, False, 15.176831483840942, 329, 0, 100000, 55.10619354248047, -114625.25
4348, -195.24025505781174, True, 14.341523170471191, 314, 0, 100000, 55.093353271484375, -114437.2890625
4349, -2.4539884328842163, True, 23.41593337059021, 483, 0, 100000, 55.15410232543945, -115903.21875
4350, -1132.871062964201, True, 29.243432760238647, 601, 0, 100000, 55.81285095214844, -115997.296875
4351, -4078.861144900322, False, 11.44143033027649, 229, 0, 100000, 54.9912109375, -114825.1953125
4352, 2770.643381655216, True, 5.95528244972229, 122, 0, 100000, 55.098995208740234, -112755.359375
4353, 573.2268984019756, True, 20.00610089302063, 406, 0, 100000, 55.66340637207031, -112528.3828125
4354, 278.24135798215866, True, 27.895899534225464, 570, 0, 100000, 56.57450485229492, -113817.4609375
4355, 2252.6450994312763, True, 20.716503620147705, 425, 0, 100000, 55.188133239746094, -112579.171875
4356, -5204.5010977089405, True, 56.93286681175232, 1163, 0, 100000, 55.16178512573242, -110459.515625
4357, 1585.28140771389, True, 11.628886699676514, 236, 0, 100000, 55.46977996826172, -112413.6640625
4358, -3303.708944439888, False, 5.344688653945923, 108, 0, 100000, 57.73038101196289, -111115.2890625
4359, 2635.647244811058, True, 10.253273725509644, 206, 0, 100000, 56.71902847290039, -110148.125
4360, 1044.5794287025928, True, 22.43048620223999, 458, 0, 100000, 55.77292251586914, -108825.171875
4361, -3568.497827589512, False, 6.892810821533203, 141, 0, 100000, 54.576904296875, -107251.546875
4362, -3046.831461787224, False, 7.116708040237427, 145, 0, 100000, 54.96281814575195, -106173.953125
4363, -2618.636067390442, False, 10.925925254821777, 224, 0, 100000, 54.945777893066406, -107208.5625
4364, -3882.4111536741257, False, 11.274081468582153, 245, 0, 100000, 55.56189727783203, -107566.6484375
4365, 1430.7945790588856, True, 12.668145656585693, 279, 0, 100000, 54.61963653564453, -107573.078125
4366, 34.541960418224335, True, 40.02643418312073, 864, 0, 100000, 55.534053802490234, -108092.3125
4367, -7517.568573951721, False, 28.35810351371765, 613, 0, 100000, 54.39884567260742, -106838.7890625
4368, -3445.9443798065186, False, 19.182682514190674, 386, 0, 100000, 53.694766998291016, -106683.34375
4369, 2561.933285355568, True, 11.09512209892273, 223, 0, 100000, 54.08608627319336, -106329.65625
4370, -4947.542943999171, True, 44.889801263809204, 902, 0, 100000, 55.06416702270508, -104690.6796875
4371, -6385.262436389923, False, 19.312153816223145, 392, 0, 100000, 54.28757095336914, -103795.296875
4372, 2464.7513538897038, True, 15.218470811843872, 330, 0, 100000, 55.37717819213867, -104670.8984375
4373, -3564.1326782107353, False, 12.690629482269287, 261, 0, 100000, 52.89849090576172, -106788.9921875
4374, 1130.3287338912487, True, 13.365542888641357, 274, 0, 100000, 53.6435661315918, -105249.0703125
4375, 2120.247148692608, True, 18.10296058654785, 390, 0, 100000, 53.93886184692383, -104604.9921875
4376, -8152.805822730064, False, 12.160043954849243, 254, 0, 100000, 52.83412551879883, -105163.40625
4377, 2505.5822399258614, True, 14.78624439239502, 294, 0, 100000, 54.194580078125, -104874.2890625
4378, 384.4245807826519, True, 26.613938570022583, 541, 0, 100000, 53.15932083129883, -106349.421875
4379, 378.30433517694473, True, 19.84093141555786, 404, 0, 100000, 52.469093322753906, -104116.1953125
4380, 2455.311944961548, True, 10.64962363243103, 213, 0, 100000, 52.09733963012695, -104181.6875
4381, -2425.3301097154617, False, 2.307917356491089, 47, 0, 100000, 55.6204719543457, -99542.9765625
4382, 1769.1286861300468, True, 17.76539659500122, 362, 0, 100000, 53.51570510864258, -103254.9375
4383, -3079.1098551750183, False, 6.76042366027832, 139, 0, 100000, 54.47850036621094, -102869.7109375
4384, -3354.154121220112, False, 5.936570644378662, 123, 0, 100000, 54.54668045043945, -101776.7734375
4385, -2959.697778761387, False, 11.418225765228271, 230, 0, 100000, 53.298614501953125, -103245.0703125
4386, 2130.014571994543, True, 18.22680139541626, 373, 0, 100000, 53.25179672241211, -103381.4453125
4387, -2814.101135611534, False, 5.8621485233306885, 122, 0, 100000, 53.68913650512695, -104920.3984375
4388, -476.8540089428425, True, 33.010512590408325, 680, 0, 100000, 53.255950927734375, -105158.421875
4389, 1516.109685242176, True, 25.987350463867188, 548, 0, 100000, 53.123512268066406, -104891.3984375
4390, -14372.146387457848, False, 52.18911647796631, 1128, 0, 100000, 52.62757110595703, -103343.640625
4391, -2845.3230897188187, False, 9.476965427398682, 199, 0, 100000, 52.388671875, -104527.7421875
4392, -3046.04908066988, False, 7.038221597671509, 146, 0, 100000, 51.43672180175781, -101014.7890625
4393, 2541.8901378810406, True, 14.107786655426025, 300, 0, 100000, 53.01831817626953, -103647.546875
4394, -4055.7938376665115, False, 15.525992155075073, 332, 0, 100000, 52.02490997314453, -102777.9375
4395, -3131.7329738140106, False, 6.530588865280151, 143, 0, 100000, 52.434452056884766, -102550.5
4396, -10296.678450465202, True, 65.85450029373169, 1432, 0, 100000, 51.930152893066406, -102991.8359375
4397, -478.01805913448334, True, 42.46544885635376, 850, 0, 100000, 52.1286735534668, -101835.140625
4398, -4119.890407443047, False, 17.924129009246826, 178, 0, 100000, 51.544349670410156, -99989.1484375
4399, -3048.3937832713127, False, 9.992682695388794, 190, 0, 100000, 51.58396911621094, -99122.359375
4400, -3196.832303583622, False, 6.752627849578857, 134, 0, 100000, 52.96952819824219, -99755.2578125
4401, 2704.3515221476555, True, 10.57640528678894, 200, 0, 100000, 51.63628005981445, -100113.8203125
4402, -2894.682868242264, False, 8.67736005783081, 175, 0, 100000, 51.28695297241211, -100610.625
4403, -3314.667988061905, False, 8.841816902160645, 178, 0, 100000, 51.25187683105469, -99468.9296875
