episode, reward, n_steps, epsilon, success_count, memory length
1, 78.8089048564434, 129, 1.0, 0, 128
2, 80.84051786921918, 203, 0.998, 0, 330
3, -438.30136429250706, 1000, 0.996004, 0, 1329
5, -721.624021217227, 1000, 0.992023968016, 0, 2328
6, 209.5708715307992, 563, 0.990039920079968, 167, 2890
7, -562.8461073040962, 367, 0.9880598402398081, 167, 3256
8, -579.212205439806, 451, 0.9860837205593285, 167, 3706
9, -143.77367369830608, 205, 0.9841115531182099, 167, 3910
10, -78.08602341916412, 207, 0.9821433300119734, 167, 4116
11, -168.26847326755524, 182, 0.9801790433519495, 167, 4297
12, -131.09530762187205, 197, 0.9782186852652456, 167, 4493
13, -129.59863087488338, 231, 0.976262247894715, 167, 4723
14, -197.90226814965717, 259, 0.9743097233989256, 167, 4981
15, -116.53685557737481, 387, 0.9723611039521278, 167, 5367
16, 11.013468022691086, 79, 0.9704163817442236, 167, 5445
17, -88.9308310598135, 107, 0.9684755489807352, 167, 5551
18, 13.913333063246682, 113, 0.9665385978827737, 167, 5663
19, -110.10695405770093, 235, 0.9646055206870082, 167, 5897
20, -104.36972188949585, 106, 0.9626763096456342, 167, 6002
21, -59.93044474348426, 165, 0.9607509570263429, 167, 6166
22, 4.459780147997662, 163, 0.9588294551122902, 167, 6328
23, 54.920265320688486, 85, 0.9569117962020657, 167, 6412
24, -72.59719580411911, 81, 0.9549979726096616, 167, 6492
25, 18.499919652938843, 26, 0.9530879766644422, 167, 6517
26, -102.52445138990879, 127, 0.9511818007111134, 167, 6643
27, -197.9369143997319, 368, 0.9492794371096911, 167, 7010
28, -215.21668654680252, 173, 0.9473808782354717, 167, 7182
29, -20.525384253589436, 76, 0.9454861164790007, 167, 7257
30, -240.11260183155537, 251, 0.9435951442460427, 167, 7507
31, -335.11331856250763, 304, 0.9417079539575507, 167, 7810
32, -100.61228638887405, 93, 0.9398245380496356, 167, 7902
33, -232.99040362238884, 275, 0.9379448889735363, 167, 8176
34, 42.53552943468094, 61, 0.9360689991955893, 167, 8236
35, -108.25510797463357, 307, 0.9341968611971981, 167, 8542
36, -84.4702815413475, 71, 0.9323284674748037, 167, 8612
37, 45.9358031116426, 94, 0.930463810539854, 167, 8705
38, -69.65284413099289, 77, 0.9286028829187744, 167, 8781
39, -152.8401057003066, 174, 0.9267456771529368, 167, 8954
40, -238.87776978011243, 220, 0.9248921857986309, 167, 9173
41, -81.59792705345535, 203, 0.9230424014270336, 167, 9375
42, -172.99300232552923, 193, 0.9211963166241796, 167, 9567
43, -96.56462877988815, 93, 0.9193539239909312, 167, 9659
44, -364.28625732753426, 343, 0.9175152161429493, 167, 10001
45, -101.71095846500248, 130, 0.9156801857106633, 167, 10130
46, -91.20113337459043, 214, 0.913848825339242, 167, 10343
47, -86.96830397844315, 77, 0.9120211276885636, 167, 10419
48, -157.54222415946424, 352, 0.9101970854331864, 167, 10770
49, -124.44446796178818, 116, 0.9083766912623201, 167, 10885
50, -105.22930639982224, 95, 0.9065599378797955, 167, 10979
51, -54.239230148959905, 86, 0.9047468180040359, 167, 11064
52, -197.41520822048187, 153, 0.9029373243680279, 167, 11216
53, -59.628841238096356, 104, 0.9011314497192918, 167, 11319
54, -56.6750012524426, 104, 0.8993291868198532, 167, 11422
55, -64.58752540498972, 84, 0.8975305284462135, 167, 11505
56, -102.08047194313258, 107, 0.8957354673893211, 167, 11611
57, -142.72950711846352, 170, 0.8939439964545425, 167, 11780
58, 13.813128978013992, 16, 0.8921561084616334, 167, 11795
59, -25.743895984487608, 147, 0.8903717962447101, 167, 11941
60, 31.399125590454787, 191, 0.8885910526522206, 167, 12131
61, -127.92369619989768, 255, 0.8868138705469162, 167, 12385
62, -144.50948116835207, 204, 0.8850402428058224, 167, 12588
63, -101.56804662942886, 94, 0.8832701623202107, 167, 12681
64, -213.30412137228996, 203, 0.8815036219955703, 167, 12883
65, -187.69503039121628, 168, 0.8797406147515792, 167, 13050
66, -301.57439810037613, 243, 0.877981133522076, 167, 13292
67, -15.855686246417463, 102, 0.8762251712550319, 167, 13393
68, -313.0419161214959, 361, 0.8744727209125218, 167, 13753
69, -136.5166854262352, 101, 0.8727237754706968, 167, 13853
70, -271.6852234634571, 288, 0.8709783279197554, 167, 14140
71, -84.47922986745834, 93, 0.8692363712639158, 167, 14232
72, -40.09137813746929, 90, 0.867497898521388, 167, 14321
73, -51.18943870207295, 103, 0.8657629027243453, 167, 14423
74, -68.11896105762571, 175, 0.8640313769188966, 167, 14597
75, -147.40267009078525, 200, 0.8623033141650589, 167, 14796
76, -364.6283401250839, 326, 0.8605787075367288, 167, 15121
77, -188.4352819621563, 208, 0.8588575501216553, 167, 15328
78, 12.1163897854276, 84, 0.857139835021412, 167, 15411
79, -47.34861975722015, 87, 0.8554255553513692, 167, 15497
80, -283.65116242319345, 461, 0.8537147042406664, 167, 15957
81, -323.76575969328405, 365, 0.8520072748321851, 167, 16321
82, -187.04466599225998, 185, 0.8503032602825207, 167, 16505
83, -170.2761299610138, 187, 0.8486026537619556, 167, 16691
84, -76.70947709679604, 140, 0.8469054484544317, 167, 16830
85, -295.45495308644604, 362, 0.8452116375575228, 167, 17191
86, 32.588219452649355, 57, 0.8435212142824078, 167, 17247
87, -43.03253999352455, 58, 0.841834171853843, 167, 17304
88, -175.3640761744091, 235, 0.8401505035101353, 167, 17538
89, -198.53799068927765, 182, 0.838470202503115, 167, 17719
90, -171.97376378648914, 180, 0.8367932620981088, 167, 17898
91, -190.11339622735977, 144, 0.8351196755739125, 167, 18041
92, -152.61123833060265, 158, 0.8334494362227647, 167, 18198
93, -182.7312604188919, 161, 0.8317825373503192, 167, 18358
94, -94.70890890061855, 83, 0.8301189722756185, 167, 18440
95, -69.41734754212666, 195, 0.8284587343310672, 167, 18634
96, -207.8044869620353, 225, 0.8268018168624051, 167, 18858
97, -80.94590576039627, 229, 0.8251482132286803, 167, 19086
98, -121.97961127758026, 115, 0.823497916802223, 167, 19200
99, -183.75013104081154, 190, 0.8218509209686186, 167, 19389
100, -261.25496503326576, 403, 0.8202072191266814, 167, 19791
101, -271.3643124504015, 337, 0.818566804688428, 167, 20127
102, -122.59990648552775, 214, 0.8169296710790511, 167, 20340
103, -108.93355940654874, 150, 0.815295811736893, 167, 20489
104, -157.4137844890356, 154, 0.8136652201134192, 167, 20642
105, 27.71778646390885, 130, 0.8120378896731923, 167, 20771
106, 12.383607849478722, 18, 0.8104138138938459, 167, 20788
107, -129.73389728786424, 175, 0.8087929862660582, 167, 20962
108, -120.0698857770767, 163, 0.8071754002935261, 167, 21124
109, -186.71787343360484, 201, 0.805561049492939, 167, 21324
110, -267.4616215825081, 219, 0.8039499273939532, 167, 21542
111, -333.9511428643018, 337, 0.8023420275391653, 167, 21878
112, 30.59138776466716, 149, 0.800737343484087, 167, 22026
113, -170.15758561948314, 211, 0.7991358687971188, 167, 22236
114, -12.617803677916527, 128, 0.7975375970595246, 167, 22363
115, -214.59669095184654, 255, 0.7959425218654056, 167, 22617
116, -93.61658109095879, 196, 0.7943506368216747, 167, 22812
117, -111.18372762203217, 107, 0.7927619355480314, 167, 22918
118, 11.187831105315126, 153, 0.7911764116769353, 167, 23070
119, -80.15064017893746, 371, 0.7895940588535815, 167, 23440
120, -30.113920336589217, 108, 0.7880148707358743, 167, 23547
121, -105.70049116015434, 121, 0.7864388409944025, 167, 23667
122, -67.6526086628437, 91, 0.7848659633124138, 167, 23757
123, -4.850977391703054, 79, 0.783296231385789, 167, 23835
124, 28.746958199772052, 85, 0.7817296389230174, 167, 23919
125, -53.4143954962492, 88, 0.7801661796451713, 167, 24006
126, 17.048883805051446, 39, 0.778605847285881, 167, 24044
127, -154.58286565821618, 160, 0.7770486355913092, 167, 24203
128, -202.5300590135157, 209, 0.7754945383201266, 167, 24411
129, -119.91493452060968, 259, 0.7739435492434863, 167, 24669
130, -41.32829913799651, 118, 0.7723956621449993, 167, 24786
131, -6.624408441595733, 188, 0.7708508708207094, 167, 24973
133, -109.30889584124088, 278, 0.7677705507409098, 167, 25250
134, -82.0411137342453, 79, 0.766235009639428, 167, 25328
135, -78.43468762934208, 208, 0.7647025396201492, 167, 25535
136, -247.3972768326057, 372, 0.763173134540909, 167, 25906
137, 18.170085966587067, 21, 0.7616467882718272, 167, 25926
138, -72.45802158117294, 64, 0.7601234946952835, 167, 25989
139, -326.73092089314014, 414, 0.7586032477058929, 167, 26402
140, -51.27763915807009, 247, 0.7570860412104812, 167, 26648
141, -151.13600449450314, 154, 0.7555718691280602, 167, 26801
142, -148.02675372362137, 141, 0.7540607253898041, 167, 26941
143, -293.2728812098503, 218, 0.7525526039390245, 167, 27158
144, -102.96288024261594, 124, 0.7510474987311464, 167, 27281
145, -41.62413241434842, 129, 0.7495454037336841, 167, 27409
146, -71.46192764490843, 103, 0.7480463129262167, 167, 27511
147, -269.5473541766405, 326, 0.7465502203003642, 167, 27836
148, -144.45861036190763, 250, 0.7450571198597635, 167, 28085
149, -124.79777000239119, 281, 0.743567005620044, 167, 28365
150, 28.784804102033377, 83, 0.7420798716088038, 167, 28447
151, -318.9289070093073, 331, 0.7405957118655863, 167, 28777
152, -81.7582288980484, 73, 0.7391145204418551, 167, 28849
153, -15.478239223361015, 117, 0.7376362914009714, 167, 28965
154, -26.71105633676052, 115, 0.7361610188181695, 167, 29079
155, 20.410946608288214, 64, 0.7346886967805332, 167, 29142
156, -122.13626730442047, 90, 0.733219319386972, 167, 29231
157, 58.175348043907434, 174, 0.7317528807481981, 167, 29404
158, -3.6668040612130426, 184, 0.7302893749867018, 167, 29587
159, -181.12155624775914, 187, 0.7288287962367284, 167, 29773
160, -84.08550326805562, 154, 0.727371138644255, 167, 29926
161, -70.69758113892749, 127, 0.7259163963669665, 167, 30052
162, -84.09599943488138, 537, 0.7244645635742325, 167, 30588
163, 8.376970492303371, 38, 0.723015634447084, 167, 30625
164, -77.06376832723618, 80, 0.7215696031781899, 167, 30704
165, -45.38530900049955, 162, 0.7201264639718334, 167, 30865
166, -245.74554979242384, 416, 0.7186862110438897, 167, 31280
167, -125.31980233138893, 309, 0.717248838621802, 167, 31588
168, -90.83329451084137, 97, 0.7158143409445584, 167, 31684
169, -67.83462196361506, 391, 0.7143827122626694, 167, 32074
170, -170.69976755976677, 149, 0.7129539468381441, 167, 32222
171, -23.384528198163025, 183, 0.7115280389444678, 167, 32404
172, 34.56794176250696, 161, 0.7101049828665789, 167, 32564
173, -12.520230690017343, 22, 0.7086847729008457, 167, 32585
174, -16.18117618560791, 183, 0.707267403355044, 167, 32767
175, -146.53694264264777, 396, 0.705852868548334, 167, 33162
176, -55.12386373523623, 82, 0.7044411628112373, 167, 33243
177, -96.07094285148196, 168, 0.7030322804856147, 167, 33410
178, 19.9973665215075, 89, 0.7016262159246435, 167, 33498
179, -83.05388549249619, 88, 0.7002229634927942, 167, 33585
180, -113.94818446971476, 266, 0.6988225175658086, 167, 33850
181, -173.31134766340256, 144, 0.697424872530677, 167, 33993
182, -157.70654816366732, 252, 0.6960300227856157, 167, 34244
183, -161.1105191707611, 160, 0.6946379627400444, 167, 34403
184, -1.6929389061406255, 74, 0.6932486868145643, 167, 34476
185, -192.411985039711, 143, 0.6918621894409351, 167, 34618
186, -101.24626746785361, 229, 0.6904784650620532, 167, 34846
187, -66.33189456537366, 92, 0.6890975081319292, 167, 34937
188, -48.04735668003559, 69, 0.6877193131156653, 167, 35005
189, -65.09619611967355, 169, 0.6863438744894339, 167, 35173
190, -58.2968761138618, 101, 0.684971186740455, 167, 35273
191, -15.441101622767746, 218, 0.6836012443669741, 167, 35490
192, -120.66487859981135, 254, 0.6822340418782402, 167, 35743
193, -88.057630201336, 275, 0.6808695737944838, 167, 36017
194, -124.58812511712313, 273, 0.6795078346468948, 167, 36289
195, -30.614789162238594, 136, 0.678148818977601, 167, 36424
196, -126.85508954152465, 193, 0.6767925213396458, 167, 36616
197, -250.35501906089485, 317, 0.6754389362969666, 167, 36932
198, -268.39138817670755, 276, 0.6740880584243727, 167, 37207
199, -83.2193396911025, 87, 0.6727398823075239, 167, 37293
200, -70.48744065407664, 156, 0.6713944025429088, 167, 37448
201, -238.51928424835205, 385, 0.670051613737823, 167, 37832
202, 15.944445966510102, 238, 0.6687115105103473, 167, 38069
204, -116.05230898957234, 251, 0.6660393393143479, 167, 38319
205, -38.22996475244872, 296, 0.6647072606357192, 167, 38614
206, -9.823172330856323, 7, 0.6633778461144477, 167, 38620
207, -48.22456235985737, 336, 0.6620510904222189, 167, 38955
208, -49.40195120871067, 88, 0.6607269882413744, 167, 39042
209, -242.8169982531108, 413, 0.6594055342648917, 167, 39454
210, -146.37793443351984, 264, 0.6580867231963619, 167, 39717
211, -44.36458084080368, 219, 0.6567705497499692, 167, 39935
213, -3.772799829952419, 118, 0.6541460946331682, 167, 40052
214, 7.211582821793854, 75, 0.6528378024439019, 167, 40126
215, -37.96390606556088, 131, 0.6515321268390141, 167, 40256
216, 9.263558767735958, 124, 0.6502290625853361, 167, 40379
217, -83.59484528191388, 215, 0.6489286044601654, 167, 40593
218, -84.0289119129302, 227, 0.6476307472512451, 167, 40819
219, 3.4488220661878586, 111, 0.6463354857567426, 167, 40929
220, -278.7375096832402, 262, 0.6450428147852291, 167, 41190
221, -154.3165448307991, 129, 0.6437527291556586, 167, 41318
222, -142.1899367645383, 195, 0.6424652236973473, 167, 41512
223, -54.82603297941387, 253, 0.6411802932499525, 167, 41764
224, -61.41229552030563, 79, 0.6398979326634526, 167, 41842
225, -62.30381313059479, 152, 0.6386181367981257, 167, 41993
226, 24.80220827460289, 35, 0.6373409005245295, 167, 42027
227, -17.000822165806312, 63, 0.6360662187234805, 167, 42089
228, 35.0851189494133, 47, 0.6347940862860335, 167, 42135
229, 27.760920472443104, 338, 0.6335244981134615, 167, 42472
230, -132.92855775123462, 340, 0.6322574491172346, 167, 42811
231, -87.57918971776962, 87, 0.6309929342190002, 167, 42897
232, -88.10290139052086, 279, 0.6297309483505622, 167, 43175
233, -48.069637979380786, 140, 0.6284714864538611, 167, 43314
234, -150.17172963172197, 144, 0.6272145434809534, 167, 43457
235, -166.05639938171953, 202, 0.6259601143939915, 167, 43658
236, -191.86760511482134, 313, 0.6247081941652035, 167, 43970
237, -45.855208075023256, 232, 0.6234587777768731, 167, 44201
238, 22.256799929775298, 148, 0.6222118602213194, 167, 44348
239, -132.74167842883617, 424, 0.6209674365008767, 167, 44771
240, -77.76497283158824, 307, 0.619725501627875, 167, 45077
241, -42.391290937550366, 312, 0.6184860506246193, 167, 45388
242, -184.23400980234146, 115, 0.61724907852337, 167, 45502
243, -346.3832367157738, 522, 0.6160145803663232, 167, 46023
244, -153.67788526404183, 676, 0.6147825512055906, 167, 46698
245, -75.9757570642978, 141, 0.6135529861031793, 167, 46838
246, -171.09347059535503, 390, 0.612325880130973, 167, 47227
247, -186.28979674747097, 405, 0.611101228370711, 167, 47631
248, -99.15303434454836, 157, 0.6098790259139696, 167, 47787
249, -179.55896620219573, 291, 0.6086592678621416, 167, 48077
250, -55.31486944202334, 176, 0.6074419493264174, 167, 48252
251, -188.98460858361796, 308, 0.6062270654277645, 167, 48559
252, -32.200710141682066, 136, 0.6050146112969089, 167, 48694
253, -87.05486357212067, 224, 0.6038045820743151, 167, 48917
254, 7.721092384308577, 15, 0.6025969729101665, 167, 48931
255, -133.47182117402554, 261, 0.6013917789643461, 167, 49191
256, -423.0461367336102, 638, 0.6001889954064175, 167, 49828
257, -54.02183636534028, 384, 0.5989886174156046, 167, 50211
258, -104.48002110701054, 180, 0.5977906401807734, 167, 50390
259, -252.19924525916576, 208, 0.5965950589004119, 167, 50597
260, -124.1151586221531, 204, 0.595401868782611, 167, 50800
261, -60.192533540481236, 309, 0.5942110650450458, 167, 51108
262, -13.731899023347069, 177, 0.5930226429149558, 167, 51284
263, -178.23458874365315, 221, 0.5918365976291259, 167, 51504
264, -171.24558525998145, 179, 0.5906529244338676, 167, 51682
265, -110.33343732729554, 127, 0.5894716185849999, 167, 51808
266, -118.20503931306303, 341, 0.5882926753478298, 167, 52148
267, -50.57990683056414, 61, 0.5871160899971342, 167, 52208
268, -262.4407474095933, 242, 0.5859418578171399, 167, 52449
269, -94.01541258394718, 136, 0.5847699741015057, 167, 52584
270, -129.40424013277516, 413, 0.5836004341533026, 167, 52996
271, -137.09181465161964, 271, 0.5824332332849961, 167, 53266
272, -79.11302230786532, 295, 0.5812683668184261, 167, 53560
273, -61.50839513144456, 309, 0.5801058300847892, 167, 53868
274, -218.7918094379129, 631, 0.5789456184246197, 167, 54498
275, 8.97159786336124, 158, 0.5777877271877704, 167, 54655
276, -370.2792028384283, 422, 0.5766321517333949, 167, 55076
277, -75.65790331363678, 84, 0.5754788874299281, 167, 55159
278, -138.50519102421822, 305, 0.5743279296550683, 167, 55463
279, -94.47231478989124, 200, 0.5731792737957582, 167, 55662
280, -79.40934219863266, 124, 0.5720329152481667, 167, 55785
281, -72.55594719341025, 154, 0.5708888494176704, 167, 55938
282, -129.371665132232, 155, 0.569747071718835, 167, 56092
283, -68.4175023031421, 92, 0.5686075775753973, 167, 56183
284, -118.75639336672612, 393, 0.5674703624202465, 167, 56575
285, -53.357733610841024, 139, 0.5663354216954061, 167, 56713
286, -43.604799868771806, 218, 0.5652027508520152, 167, 56930
287, -102.22322513023391, 200, 0.5640723453503111, 167, 57129
288, -88.70699579187203, 153, 0.5629442006596105, 167, 57281
289, -82.883326116018, 93, 0.5618183122582913, 167, 57373
290, -873.8713643420488, 859, 0.5606946756337747, 167, 58231
291, -270.0889751277864, 397, 0.5595732862825071, 167, 58627
292, -135.19649136671796, 285, 0.5584541397099421, 167, 58911
293, -28.894799740519375, 162, 0.5573372314305222, 167, 59072
294, -214.06433819350787, 290, 0.5562225569676611, 167, 59361
295, -152.14525265060365, 197, 0.5551101118537257, 167, 59557
296, -57.70028746128082, 74, 0.5539998916300183, 167, 59630
297, -8.55429300153628, 73, 0.5528918918467582, 167, 59702
298, -43.61438356083818, 172, 0.5517861080630647, 167, 59873
299, -687.0981551795558, 1000, 0.5506825358469386, 167, 60872
300, -172.66080493293703, 202, 0.5495811707752447, 167, 61073
301, -3.0585593578289263, 98, 0.5484820084336942, 167, 61170
302, -126.35037570004351, 274, 0.5473850444168268, 167, 61443
303, -54.38042892515659, 109, 0.5462902743279932, 167, 61551
304, -321.89642931101844, 568, 0.5451976937793371, 167, 62118
305, 11.660443594213575, 167, 0.5441072983917784, 167, 62284
306, -20.98659510118887, 154, 0.5430190837949949, 167, 62437
307, -90.15727056888863, 231, 0.5419330456274049, 167, 62667
308, 8.75089144334197, 82, 0.5408491795361501, 167, 62748
309, -48.76569992591885, 110, 0.5397674811770777, 167, 62857
310, -37.8176425143165, 120, 0.5386879462147236, 167, 62976
311, -82.51116242127318, 269, 0.5376105703222942, 167, 63244
312, -18.84266721876338, 136, 0.5365353491816496, 167, 63379
313, -138.60190956154838, 168, 0.5354622784832863, 167, 63546
314, -152.7646526408207, 214, 0.5343913539263198, 167, 63759
315, -313.8268614867702, 569, 0.5333225712184672, 167, 64327
316, -187.42565532308072, 360, 0.5322559260760302, 167, 64686
317, -89.45042964816093, 128, 0.5311914142238782, 167, 64813
318, -43.65819025412202, 80, 0.5301290313954304, 167, 64892
319, -276.0875658765435, 308, 0.5290687733326396, 167, 65199
320, -46.619756024330854, 114, 0.5280106357859743, 167, 65312
321, 19.955726570857223, 160, 0.5269546145144024, 167, 65471
322, -145.11922121141106, 190, 0.5259007052853736, 167, 65660
323, -336.13141990453005, 307, 0.5248489038748029, 167, 65966
324, -80.8746442310512, 117, 0.5237992060670532, 167, 66082
325, -65.11991964280605, 82, 0.5227516076549191, 167, 66163
326, -46.973303698934615, 121, 0.5217061044396093, 167, 66283
327, -125.0013677556999, 238, 0.52066269223073, 167, 66520
328, -57.44132995605469, 78, 0.5196213668462686, 167, 66597
329, -162.7730564624071, 280, 0.5185821241125761, 167, 66876
330, -188.19650826367433, 367, 0.5175449598643509, 167, 67242
331, -170.91489884257317, 137, 0.5165098699446222, 167, 67378
332, -58.82071943371557, 206, 0.515476850204733, 167, 67583
333, -23.4373077894561, 72, 0.5144458965043235, 167, 67654
334, -127.83343936261372, 212, 0.5134170047113148, 167, 67865
335, -52.31900009140372, 71, 0.5123901707018922, 167, 67935
336, -184.88259826600552, 255, 0.5113653903604884, 167, 68189
337, -223.48297802358866, 366, 0.5103426595797674, 167, 68554
338, -68.65884945448488, 140, 0.5093219742606079, 167, 68693
339, -42.18783540930599, 97, 0.5083033303120866, 167, 68789
340, -47.794463134603575, 90, 0.5072867236514624, 167, 68878
341, -84.98346140095964, 160, 0.5062721502041595, 167, 69037
342, -53.96930110012181, 162, 0.5052596059037512, 167, 69198
344, -56.11638794792816, 125, 0.5032405885185598, 167, 69322
345, -88.60021764691919, 170, 0.5022341073415226, 167, 69491
346, -88.8567374763079, 149, 0.5012296391268396, 167, 69639
347, -199.81136211752892, 208, 0.5002271798485859, 167, 69846
349, -92.12744192406535, 219, 0.4982282720379109, 167, 70064
350, 15.77014310285449, 217, 0.4972318154938351, 167, 70280
351, -12.442915755324066, 105, 0.49623735186284745, 167, 70384
352, -221.51546929311007, 260, 0.49524487715912174, 167, 70643
353, -65.39838156290352, 220, 0.4942543874048035, 167, 70862
354, -133.04078328609467, 116, 0.4932658786299939, 167, 70977
355, -138.70008939504623, 127, 0.4922793468727339, 167, 71103
356, -121.88876565173268, 135, 0.4912947881789884, 167, 71237
357, -110.29581043124199, 119, 0.4903121986026304, 167, 71355
358, -67.60629015415907, 170, 0.48933157420542517, 167, 71524
359, -168.41769564151764, 151, 0.48835291105701434, 167, 71674
360, -113.93839034438133, 122, 0.48737620523490033, 167, 71795
361, -115.04990152921528, 191, 0.48640145282443054, 167, 71985
362, -220.9063237258233, 235, 0.48542864991878165, 167, 72219
363, -127.62903422117233, 117, 0.48445779261894406, 167, 72335
364, -53.826844004914165, 88, 0.4834888770337062, 167, 72422
365, -264.15773467347026, 243, 0.4825218992796388, 167, 72664
366, -127.78400588966906, 143, 0.4815568554810795, 167, 72806
367, -102.54255872510839, 155, 0.4805937417701174, 167, 72960
368, -167.0312997698784, 147, 0.47963255428657714, 167, 73106
369, -119.05086071090773, 228, 0.478673289178004, 167, 73333
370, -202.03150933980942, 152, 0.477715942599648, 167, 73484
371, -137.91746967285872, 271, 0.4767605107144487, 167, 73754
372, -89.86233740887837, 255, 0.4758069896930198, 167, 74008
373, 5.736498322337866, 13, 0.4748553757136338, 167, 74020
374, -178.6110659521073, 199, 0.47390566496220654, 167, 74218
375, -334.5795854099415, 521, 0.47295785363228215, 167, 74738
376, -152.21149178035557, 212, 0.4720119379250176, 167, 74949
377, -295.1139180250466, 301, 0.4710679140491676, 167, 75249
378, -152.23987381253392, 216, 0.47012577822106927, 167, 75464
379, -293.9835297483951, 323, 0.46918552666462715, 167, 75786
380, -159.501775062643, 438, 0.46824715561129787, 167, 76223
381, -146.74573258962482, 391, 0.46731066130007526, 167, 76613
382, -111.74951464770129, 179, 0.4663760399774751, 167, 76791
383, -188.03789192344993, 444, 0.46544328789752015, 167, 77234
384, -75.14206548733637, 158, 0.4645124013217251, 167, 77391
385, -378.88278073840775, 607, 0.46358337651908166, 167, 77997
386, 0.9809187026694417, 36, 0.4626562097660435, 167, 78032
387, -86.73004043102264, 149, 0.4617308973465114, 167, 78180
388, -33.666479338891804, 223, 0.46080743555181836, 167, 78402
389, -58.889968240167946, 94, 0.4598858206807147, 167, 78495
390, 11.870178502053022, 23, 0.4589660490393533, 167, 78517
391, -302.1765432199463, 323, 0.45804811694127456, 167, 78839
392, -141.8983119390905, 270, 0.457132020707392, 167, 79108
393, -144.83613501815125, 250, 0.45621775666597725, 167, 79357
394, -107.88751961267553, 221, 0.45530532115264527, 167, 79577
395, -1.5988231011579046, 215, 0.45439471051033997, 167, 79791
396, 52.76792195986491, 149, 0.4534859210893193, 167, 79939
397, -38.237601172411814, 318, 0.45257894924714065, 167, 80256
398, -2.946561878256034, 127, 0.4516737913486464, 167, 80382
399, -33.31069432129152, 226, 0.4507704437659491, 167, 80607
400, -61.382321768440306, 154, 0.4498689028784172, 167, 80760
401, -154.48479440947995, 189, 0.4489691650726603, 167, 80948
402, 6.901069882325828, 138, 0.448071226742515, 167, 81085
403, -17.369134664535522, 23, 0.44717508428902997, 167, 81107
404, 10.451884700916708, 32, 0.4462807341204519, 167, 81138
405, -119.32954034116119, 246, 0.445388172652211, 167, 81383
406, -187.972804707475, 251, 0.44449739630690654, 167, 81633
407, -162.9762620626716, 185, 0.4436084015142927, 167, 81817
408, 11.225153982639313, 9, 0.4427211847112641, 167, 81825
409, -49.74395680334419, 235, 0.4418357423418416, 167, 82059
410, -22.554264849517494, 156, 0.44095207085715793, 167, 82214
411, 2.804498018696904, 97, 0.44007016671544363, 167, 82310
412, -65.3066525887698, 112, 0.43919002638201277, 167, 82421
413, -107.19509135885164, 306, 0.43831164632924874, 167, 82726
414, -33.5942790992558, 95, 0.43743502303659026, 167, 82820
415, 5.188903535716236, 232, 0.4365601529905171, 167, 83051
416, 13.848551418166608, 37, 0.43568703268453607, 167, 83087
417, 23.56212140759453, 281, 0.434815658619167, 167, 83367
418, -6.089646495878696, 15, 0.43394602730192866, 167, 83381
419, -17.649624502286315, 109, 0.4330781352473248, 167, 83489
420, -40.62353925872594, 180, 0.43221197897683017, 167, 83668
421, 31.876804771483876, 82, 0.4313475550188765, 167, 83749
422, -22.08428549580276, 121, 0.4304848599088387, 167, 83869
423, 66.13093765522353, 187, 0.42962389018902103, 167, 84055
424, 43.299114539287984, 109, 0.428764642408643, 167, 84163
425, 113.24528125225333, 248, 0.4279071131238257, 173, 84410
426, 1.2833796539343894, 27, 0.42705129889757804, 173, 84436
427, 37.73629318410531, 228, 0.42619719629978287, 173, 84663
428, -0.1514727547764778, 17, 0.4253448019071833, 173, 84679
429, -133.60083352867514, 262, 0.424494112303369, 173, 84940
431, -102.57458949438296, 387, 0.4227978338306047, 173, 85326
432, -143.21132028102875, 170, 0.42195223816294347, 173, 85495
433, -42.95652935607359, 275, 0.4211083336866176, 173, 85769
434, -124.83900399506092, 68, 0.4202661170192444, 173, 85836
435, -12.982329791411757, 75, 0.41942558478520586, 173, 85910
436, -104.27043430134654, 276, 0.4185867336156355, 173, 86185
437, -9.664385145530105, 83, 0.4177495601484042, 173, 86267
438, -16.731476489454508, 99, 0.4169140610281074, 173, 86365
439, -174.26952998526394, 300, 0.4160802329060512, 173, 86664
440, -330.9280942589394, 873, 0.4152480724402391, 173, 87536
441, -15.358403600403108, 94, 0.41441757629535864, 173, 87629
442, 7.871988614555448, 41, 0.4135887411427679, 173, 87669
443, -1.320893151103519, 91, 0.41276156366048233, 173, 87759
444, 8.880163727328181, 73, 0.41193604053316135, 173, 87831
445, 2.9164861977333203, 151, 0.41111216845209503, 173, 87981
446, 49.745326039381325, 229, 0.4102899441151908, 173, 88209
447, -8.435867236927152, 50, 0.40946936422696045, 173, 88258
448, 31.09641271457076, 133, 0.40865042549850655, 173, 88390
449, 39.79043849464506, 70, 0.40783312464750954, 173, 88459
450, 5.243456441909075, 68, 0.4070174583982145, 173, 88526
451, 34.96435425359232, 110, 0.4062034234814181, 173, 88635
452, 2.257797828409821, 160, 0.40539101663445526, 173, 88794
453, -116.71066768758465, 321, 0.40458023460118636, 173, 89114
454, -215.6709705677349, 319, 0.403771074131984, 173, 89432
455, -226.50150919851149, 483, 0.40296353198372004, 173, 89914
456, -182.46133211022243, 221, 0.4021576049197526, 173, 90134
457, -199.07235693279654, 202, 0.40135328970991313, 173, 90335
458, -668.2855928393546, 799, 0.4005505831304933, 173, 91133
459, -71.26058129221201, 104, 0.3997494819642323, 173, 91236
460, -280.27455242013093, 1000, 0.3989499830003039, 173, 92235
461, -37.44921746850014, 66, 0.3981520830343033, 173, 92300
462, -1.427845139754936, 78, 0.39735577886823464, 173, 92377
463, -272.53394356463104, 454, 0.39656106731049817, 173, 92830
464, -14.502052989788353, 107, 0.39576794517587716, 173, 92936
465, -0.9768649523612112, 198, 0.3949764092855254, 173, 93133
466, -16.958029883156996, 209, 0.3941864564669544, 173, 93341
467, 100.61437782656867, 276, 0.39339808355402045, 174, 93616
468, -692.1105970062781, 603, 0.3926112873869124, 174, 94218
469, -321.1507919235155, 315, 0.3918260648121386, 174, 94532
470, -55.44845343846828, 167, 0.39104241268251433, 174, 94698
471, -21.39801450568484, 77, 0.3902603278571493, 174, 94774
472, -5.7417764803394675, 64, 0.389479807201435, 174, 94837
473, 6.619337827665731, 77, 0.3887008475870321, 174, 94913
474, -43.272404187358916, 158, 0.38792344589185807, 174, 95070
475, -25.357520362595096, 54, 0.38714759900007434, 174, 95123
476, -234.03221896546893, 413, 0.3863733038020742, 174, 95535
478, -110.38749806609121, 278, 0.3848293560800811, 174, 95812
479, -174.55616976693273, 221, 0.38405969736792095, 174, 96032
480, -197.56519646570086, 290, 0.3832915779731851, 174, 96321
481, -153.4989265203476, 124, 0.38252499481723873, 174, 96444
482, -261.3642957090633, 318, 0.3817599448276042, 174, 96761
483, -60.78222813406319, 107, 0.380996424937949, 174, 96867
484, -205.00761762971524, 416, 0.3802344320880731, 174, 97282
485, -142.34990708343685, 182, 0.379473963223897, 174, 97463
486, -52.68418490886688, 115, 0.37871501529744916, 174, 97577
487, -336.6935996962711, 616, 0.37795758526685425, 174, 98192
488, -21.71390622583567, 70, 0.37720167009632055, 174, 98261
489, -188.05366203654557, 234, 0.3764472667561279, 174, 98494
490, -114.31124774226919, 304, 0.37569437222261565, 174, 98797
491, 20.421930838376284, 77, 0.3749429834781704, 174, 98873
492, -18.039943642448634, 78, 0.37419309751121405, 174, 98950
493, -25.28187984949909, 159, 0.3734447113161916, 174, 99108
494, -62.608278560684994, 198, 0.3726978218935592, 174, 99305
495, -15.929840848781168, 168, 0.3719524262497721, 174, 99472
496, -6.315893275663257, 139, 0.37120852139727256, 174, 99610
497, -18.321944064926356, 123, 0.370466104354478, 174, 99732
498, -92.53550813766196, 146, 0.36972517214576905, 174, 99877
499, -36.84324927278794, 262, 0.36898572180147754, 174, 100138
500, -132.82745975255966, 119, 0.3682477503578746, 174, 100256
501, -76.36648070812225, 78, 0.36751125485715885, 174, 100333
502, -54.40379642089829, 129, 0.36677623234744455, 174, 100461
503, 19.04774179901142, 117, 0.3660426798827497, 174, 100577
504, -38.16094334144145, 103, 0.3653105945229842, 174, 100679
505, -7.672649173997343, 145, 0.3645799733339382, 174, 100823
506, 6.228591194842011, 56, 0.3638508133872703, 174, 100878
507, 35.09423728764523, 242, 0.3631231117604958, 174, 101119
508, -422.83864590129815, 987, 0.3623968655369748, 174, 102105
509, -76.19523171707988, 140, 0.3616720718059009, 174, 102244
510, -27.55339586455375, 89, 0.3609487276622891, 174, 102332
511, -71.28655539092142, 149, 0.3602268302069645, 174, 102480
512, -237.47632370336214, 486, 0.35950637654655054, 174, 102965
513, 2.005702617811039, 84, 0.35878736379345744, 174, 103048
514, 28.9030352254631, 403, 0.3580697890658705, 174, 103450
516, -263.0162551414687, 625, 0.35663894218876324, 174, 104074
517, -324.83166301529855, 377, 0.3559256643043857, 174, 104450
518, -127.22289441293105, 239, 0.3552138129757769, 174, 104688
519, -159.42077181418426, 619, 0.35450338534982534, 174, 105306
520, -51.34667014866136, 162, 0.3537943785791257, 174, 105467
521, -94.99006108101457, 188, 0.35308678982196745, 174, 105654
522, 4.805981485173106, 88, 0.35238061624232353, 174, 105741
523, -45.24901000398677, 180, 0.3516758550098389, 174, 105920
524, -66.83241389738396, 470, 0.3509725032998192, 174, 106389
525, -11.275414497111342, 61, 0.35027055829321957, 174, 106449
526, 8.326579301385209, 298, 0.3495700171766331, 174, 106746
527, -8.809849412646145, 361, 0.3488708771422798, 174, 107106
528, 4.877858996391296, 23, 0.34817313538799527, 174, 107128
529, 42.68702637939714, 203, 0.3474767891172193, 174, 107330
530, -35.31988196063321, 205, 0.34678183553898484, 174, 107534
531, 8.24794481677236, 134, 0.34608827186790686, 174, 107667
532, -49.57604815706145, 219, 0.34539609532417104, 174, 107885
533, -73.21285361470655, 193, 0.3447053031335227, 174, 108077
534, 25.502652468625456, 286, 0.3440158925272557, 174, 108362
535, -40.622029564809054, 60, 0.3433278607422012, 174, 108421
536, -2.3748509101569653, 67, 0.34264120502071677, 174, 108487
537, -36.28058350645006, 175, 0.3419559226106753, 174, 108661
538, -30.82758805528283, 62, 0.34127201076545394, 174, 108722
539, -114.85951614566147, 216, 0.34058946674392304, 174, 108937
540, -257.39767560362816, 288, 0.3399082878104352, 174, 109224
541, -283.33280149428174, 316, 0.3392284712348143, 174, 109539
542, -158.43384908512235, 273, 0.33855001429234466, 174, 109811
543, 14.953425099141896, 212, 0.33787291426376, 174, 110022
544, -66.03317131084623, 633, 0.33719716843523245, 174, 110654
545, -137.62069606781006, 122, 0.336522774098362, 174, 110775
546, -232.12635165359825, 181, 0.33584972855016526, 174, 110955
547, -62.22696682997048, 182, 0.33517802909306493, 174, 111136
548, -110.74491042061709, 388, 0.3345076730348788, 174, 111523
549, -171.43887537531555, 255, 0.33383865768880905, 174, 111777
551, -47.78047069814056, 136, 0.3325046384126845, 174, 111912
552, -159.74322574818507, 475, 0.3318396291358591, 174, 112386
553, -387.9645330645144, 440, 0.3311759498775874, 174, 112825
554, -82.96399682760239, 77, 0.33051359797783225, 174, 112901
555, -73.5443145189347, 560, 0.3298525707818766, 174, 113460
556, 16.979337121360004, 104, 0.3291928656403128, 174, 113563
557, -96.19875191073515, 216, 0.3285344799090322, 174, 113778
558, -30.396117937227245, 94, 0.32787741094921413, 174, 113871
559, -118.00302194990218, 260, 0.3272216561273157, 174, 114130
560, -91.80309756752104, 301, 0.32656721281506107, 174, 114430
561, -39.18687594495714, 62, 0.32591407838943093, 174, 114491
562, -60.30741269374266, 105, 0.32526225023265204, 174, 114595
563, -32.11273838020861, 119, 0.3246117257321867, 174, 114713
564, 30.760559837333858, 63, 0.3239625022807223, 174, 114775
565, -0.3670921241864562, 27, 0.32331457727616086, 174, 114801
566, -5.78268945205491, 195, 0.32266794812160854, 174, 114995
567, -223.60509533854201, 476, 0.3220226122253653, 174, 115470
568, 14.934971315786242, 106, 0.3213785670009146, 174, 115575
569, 8.862745185382664, 27, 0.3207358098669128, 174, 115601
570, 34.24696140375454, 171, 0.320094338247179, 174, 115771
571, 3.126335909124464, 230, 0.31945414957068463, 174, 116000
572, 66.7782883581458, 386, 0.31881524127154326, 174, 116385
573, -20.474979480728507, 80, 0.3181776107890002, 174, 116464
574, -82.39500283403322, 541, 0.3175412555674222, 174, 117004
575, -270.9383164118044, 365, 0.3169061730562873, 174, 117368
576, -65.20038032531738, 143, 0.3162723607101747, 174, 117510
577, 43.73834851005813, 265, 0.3156398159887544, 174, 117774
578, -41.58916303142905, 149, 0.3150085363567769, 174, 117922
579, -91.32337822722911, 282, 0.31437851928406335, 174, 118203
580, -62.782296020537615, 190, 0.3137497622454952, 174, 118392
581, -40.42332953365985, 81, 0.31312226272100424, 174, 118472
582, -43.05048025818542, 182, 0.3124960181955622, 174, 118653
583, -150.8276528243441, 184, 0.3118710261591711, 174, 118836
584, -151.18039785698056, 366, 0.31124728410685276, 174, 119201
585, 1.357495453208685, 65, 0.31062478953863903, 174, 119265
587, 24.38059839559719, 98, 0.30938353287964265, 174, 119362
588, 11.760542175499722, 168, 0.30876476581388335, 174, 119529
589, -3.0142655856907368, 29, 0.3081472362822556, 174, 119557
590, -20.107300848700106, 127, 0.3075309418096911, 174, 119683
591, 0.523883244022727, 199, 0.3069158799260717, 174, 119881
592, 32.59993402194232, 141, 0.3063020481662196, 174, 120021
593, -4.173132266616449, 116, 0.30568944406988713, 174, 120136
594, -5.15186985488981, 73, 0.30507806518174735, 174, 120208
595, 14.524334288202226, 84, 0.3044679090513839, 174, 120291
596, 15.235909213428386, 115, 0.3038589732332811, 174, 120405
597, 23.52280338597484, 148, 0.3032512552868145, 174, 120552
598, -21.787392616271973, 11, 0.30264475277624087, 174, 120562
599, 9.610168723389506, 88, 0.30203946327068837, 174, 120649
600, 3.9552497640252113, 50, 0.301435384344147, 174, 120698
601, 24.648424186743796, 78, 0.3008325135754587, 174, 120775
602, 5.228670495096594, 26, 0.3002308485483078, 174, 120800
603, 26.008744079619646, 133, 0.2996303868512112, 174, 120932
604, 5.30642569437623, 49, 0.29903112607750876, 174, 120980
605, 25.809515802538954, 151, 0.29843306382535373, 174, 121130
606, 18.554983727633953, 55, 0.29783619769770303, 174, 121184
607, 20.530636556446552, 35, 0.2972405253023076, 174, 121218
608, -13.881985566753428, 180, 0.296646044251703, 174, 121397
609, 10.829904437065125, 9, 0.2960527521631996, 174, 121405
610, 7.759155437233858, 243, 0.29546064665887317, 174, 121647
611, -16.495587795972824, 35, 0.29486972536555545, 174, 121681
612, 18.7933684932068, 81, 0.29427998591482435, 174, 121761
613, 86.55510872602463, 262, 0.2936914259429947, 174, 122022
614, -59.39089543744922, 58, 0.2931040430911087, 174, 122079
615, 26.360346743837, 70, 0.2925178350049265, 174, 122148
616, 23.817060572328046, 240, 0.29193279933491667, 174, 122387
617, -21.719062002375722, 69, 0.2913489337362468, 174, 122455
618, 20.13087256345898, 118, 0.2907662358687743, 174, 122572
619, -32.23128604888916, 38, 0.2901847033970368, 174, 122609
620, 24.480931606143713, 73, 0.2896043339902427, 174, 122681
621, 37.15925012156367, 217, 0.2890251253222622, 174, 122897
623, 32.95044992212206, 79, 0.2878701809214745, 174, 122975
624, 22.343976106494665, 105, 0.28729444055963155, 174, 123079
625, 31.31200268305838, 71, 0.28671985167851227, 174, 123149
626, 15.28381315805018, 91, 0.2861464119751552, 174, 123239
627, -70.7955710105598, 105, 0.2855741191512049, 174, 123343
628, -30.77342051267624, 58, 0.2850029709129025, 174, 123400
629, -17.67301382124424, 83, 0.2844329649710767, 174, 123482
630, -70.90578473359346, 137, 0.2838640990411345, 174, 123618
631, -169.27404977940023, 255, 0.28329637084305226, 174, 123872
632, 28.49711494008079, 71, 0.2827297781013662, 174, 123942
633, -16.193180859088898, 17, 0.28216431854516344, 174, 123958
