episode, reward, success, duration, n_steps, epsilon, success_count, memory length, avg_critic_loss, avg_actor_loss
1, 11472.72034600377, True, 2.368403196334839, 216, 1.0, 0, 215, 0.7661861777305603, 122.31145477294922
2, -12530.014360249043, False, 13.10110354423523, 666, 0.999, 0, 880, 24.40669059753418, 180.3517303466797
3, -11212.736832634226, False, 15.547510862350464, 777, 0.998001, 0, 1656, 20.067007064819336, 464.7071533203125
4, -10238.28759581782, False, 6.44291353225708, 318, 0.997002999, 0, 1973, 17.32269287109375, 533.8678588867188
5, -11027.014142129803, False, 18.11628031730652, 877, 0.996005996001, 0, 2849, 18.002506256103516, 495.0583190917969
6, -11349.14921478182, False, 11.41073203086853, 563, 0.995009990004999, 0, 3411, 17.044588088989258, 608.4300537109375
7, -10600.471100193448, False, 10.80807638168335, 518, 0.994014980014994, 0, 3928, 19.85857582092285, 595.8994140625
8, -11542.258803614648, False, 11.92663860321045, 559, 0.993020965034979, 0, 4486, 18.962890625, 663.0707397460938
9, -10753.629586294992, False, 15.781398296356201, 756, 0.9920279440699441, 0, 5241, 16.56599235534668, 664.54345703125
10, -11380.996314045042, False, 7.843777418136597, 383, 0.9910359161258742, 0, 5623, 14.998664855957031, 660.8971557617188
11, -11043.85484683048, False, 5.643258571624756, 258, 0.9900448802097482, 0, 5880, 20.105182647705078, 726.53466796875
12, -10387.962608228903, False, 4.671951770782471, 220, 0.9890548353295385, 0, 6099, 18.302326202392578, 735.4840087890625
13, -10710.190557657857, False, 20.316241979599, 977, 0.988065780494209, 0, 7075, 19.193723678588867, 814.4481811523438
14, -10852.473722234368, False, 3.4105286598205566, 164, 0.9870777147137147, 0, 7238, 12.768438339233398, 976.9052124023438
15, -10274.117206158291, False, 10.997461318969727, 513, 0.986090636999001, 0, 7750, 19.22087287902832, 1009.966796875
16, -10990.902261674404, False, 6.933047771453857, 334, 0.9851045463620021, 0, 8083, 23.171327590942383, 1131.9793701171875
17, 12312.504214033484, True, 3.8625051975250244, 177, 0.98411944181564, 0, 8259, 20.978126525878906, 1130.6455078125
18, -10790.87156609731, False, 5.603386163711548, 265, 0.9831353223738244, 0, 8523, 21.226398468017578, 1148.7137451171875
19, -11118.532574951649, False, 11.647894382476807, 558, 0.9821521870514506, 0, 9080, 21.454153060913086, 1319.3665771484375
20, -10553.401870463043, False, 5.208405256271362, 243, 0.9811700348643991, 0, 9322, 20.940628051757812, 1380.2840576171875
21, -10871.928858876228, False, 4.800022840499878, 262, 0.9801888648295347, 0, 9583, 17.61211395263672, 1423.27392578125
22, -10527.15157296136, False, 5.01714563369751, 263, 0.9792086759647052, 0, 9845, 23.693912506103516, 1446.9893798828125
23, -10227.666526981775, False, 6.395381927490234, 349, 0.9782294672887405, 0, 10193, 22.83949851989746, 1436.15966796875
24, -10963.034496154898, False, 5.0069804191589355, 273, 0.9772512378214517, 0, 10465, 23.56047821044922, 1403.507568359375
25, -11129.759575735428, False, 10.902723789215088, 594, 0.9762739865836303, 0, 11058, 22.394746780395508, 1517.176025390625
26, -9974.122987214825, False, 10.903685808181763, 589, 0.9752977125970467, 0, 11646, 24.099361419677734, 1654.580810546875
27, -11882.009723155934, False, 17.75386333465576, 979, 0.9743224148844496, 0, 12624, 22.424884796142578, 1724.970947265625
28, -10949.94713235923, False, 11.15172266960144, 620, 0.9733480924695651, 0, 13243, 23.25283432006836, 1894.8441162109375
29, -10215.805416405201, False, 5.33506441116333, 284, 0.9723747443770956, 0, 13526, 27.464508056640625, 1864.749755859375
30, -11083.410518625285, False, 6.395568370819092, 335, 0.9714023696327185, 0, 13860, 20.91922950744629, 1884.328857421875
31, -9930.270456226775, False, 11.962502241134644, 640, 0.9704309672630859, 0, 14499, 19.68499755859375, 1964.275634765625
32, -10704.831921273086, False, 12.92011308670044, 707, 0.9694605362958227, 0, 15205, 24.576065063476562, 2058.54150390625
33, -11156.6162532866, False, 11.274153232574463, 616, 0.9684910757595269, 0, 15820, 22.273807525634766, 2114.05419921875
34, -11063.579832062125, False, 12.388845205307007, 662, 0.9675225846837673, 0, 16481, 20.77768325805664, 2168.859619140625
35, -11509.31545505629, False, 7.923979759216309, 414, 0.9665550620990835, 0, 16894, 18.765457153320312, 2256.0537109375
36, -9889.604057125747, False, 11.145248174667358, 585, 0.9655885070369844, 0, 17478, 20.41312026977539, 2293.41259765625
37, -10972.199416637537, False, 11.733429431915283, 629, 0.9646229185299474, 0, 18106, 25.286422729492188, 2358.046142578125
38, 12330.993074715137, True, 3.871770143508911, 198, 0.9636582956114175, 0, 18303, 19.216983795166016, 2325.826171875
39, -11060.38256469369, False, 7.619017601013184, 396, 0.9626946373158061, 0, 18698, 22.445709228515625, 2448.20166015625
40, 12343.780129736057, True, 4.358031272888184, 231, 0.9617319426784903, 0, 18928, 22.734439849853516, 2532.521484375
41, -10453.142985743005, False, 2.265627861022949, 113, 0.9607702107358118, 0, 19040, 22.859926223754883, 2322.641357421875
42, -11051.59120069728, False, 12.373971462249756, 663, 0.959809440525076, 0, 19702, 22.952024459838867, 2390.53271484375
43, -10551.859967495082, False, 13.249341487884521, 745, 0.9588496310845509, 0, 20446, 20.45557975769043, 2424.439208984375
44, -10619.632978375652, False, 6.077531814575195, 322, 0.9578907814534664, 0, 20767, 17.924800872802734, 2403.227783203125
45, -10378.012329936028, False, 5.256357192993164, 269, 0.9569328906720129, 0, 21035, 24.13665008544922, 2397.7392578125
46, -11018.871552015073, False, 16.256802797317505, 891, 0.9559759577813409, 0, 21925, 22.675195693969727, 2380.495849609375
47, -10321.714769901591, False, 6.582922458648682, 361, 0.9550199818235596, 0, 22285, 21.804866790771484, 2442.643798828125
48, -10878.668582379818, False, 4.706913232803345, 227, 0.9540649618417361, 0, 22511, 19.067798614501953, 2395.560546875
49, -13191.264676217921, False, 12.81746506690979, 690, 0.9531108968798944, 0, 23200, 24.46148681640625, 2488.081787109375
50, -13135.057833611965, False, 11.885534286499023, 656, 0.9521577859830145, 0, 23855, 18.81997299194336, 2830.3125
51, -11342.513093713933, False, 11.748494148254395, 635, 0.9512056281970315, 0, 24489, 21.210716247558594, 2949.981201171875
52, -11366.90331697464, False, 5.571423530578613, 291, 0.9502544225688344, 0, 24779, 25.37675666809082, 3070.683349609375
53, -10984.494523838162, False, 6.308447360992432, 330, 0.9493041681462656, 0, 25108, 21.64975357055664, 3225.697998046875
54, -10214.637067867443, False, 10.965800762176514, 577, 0.9483548639781193, 0, 25684, 20.920530319213867, 3141.90478515625
55, -11035.90088558261, False, 12.218052864074707, 672, 0.9474065091141411, 0, 26355, 22.077396392822266, 3076.40673828125
56, -10150.059899212327, False, 6.736521482467651, 363, 0.946459102605027, 0, 26717, 18.990571975708008, 3225.843994140625
57, -10978.416746185132, False, 7.32683801651001, 387, 0.9455126435024219, 0, 27103, 18.56601333618164, 3258.935302734375
58, -12968.823127614683, False, 11.749256134033203, 644, 0.9445671308589195, 0, 27746, 23.581382751464844, 3223.771240234375
59, -11626.00397977978, False, 12.650043964385986, 699, 0.9436225637280606, 0, 28444, 22.66629981994629, 3703.652099609375
60, -10652.226483547362, False, 6.915077447891235, 329, 0.9426789411643326, 0, 28772, 18.60649871826172, 3706.366943359375
61, -10953.948220837628, False, 11.590878963470459, 620, 0.9417362622231683, 0, 29391, 22.548030853271484, 3836.99560546875
62, -10755.055704845232, False, 11.590724468231201, 633, 0.9407945259609451, 0, 30023, 18.95892906188965, 3743.019287109375
63, -12261.023264061194, False, 11.392476797103882, 623, 0.9398537314349842, 0, 30645, 22.050840377807617, 3920.832275390625
64, -11299.675926537893, False, 11.804449558258057, 643, 0.9389138777035492, 0, 31287, 24.715126037597656, 3970.8017578125
65, -10927.967960047463, False, 9.508278131484985, 517, 0.9379749638258457, 0, 31803, 20.250164031982422, 4186.59912109375
66, -11140.980562005258, False, 13.698632717132568, 734, 0.9370369888620198, 0, 32536, 23.52952003479004, 4193.46630859375
67, -11298.266280184267, False, 11.659658908843994, 639, 0.9360999518731578, 0, 33174, 21.65185546875, 4367.0263671875
68, -14443.576169137057, False, 15.679755210876465, 856, 0.9351638519212846, 0, 34029, 20.980762481689453, 4358.3359375
69, -11081.6031596018, False, 9.672908306121826, 530, 0.9342286880693633, 0, 34558, 19.002532958984375, 4691.48046875
70, 12327.547909457237, True, 4.12265419960022, 215, 0.933294459381294, 0, 34772, 20.559864044189453, 4533.77880859375
71, -16991.37150685172, False, 19.88330364227295, 1076, 0.9323611649219127, 0, 35847, 21.60917091369629, 4719.6142578125
72, 2659.3371423361823, True, 22.58461046218872, 1256, 0.9314288037569908, 0, 37102, 22.80902099609375, 5233.68701171875
73, -11712.280623586383, False, 13.68107008934021, 731, 0.9304973749532338, 0, 37832, 23.0863094329834, 5263.44775390625
74, -10795.613310471177, False, 5.264718770980835, 271, 0.9295668775782806, 0, 38102, 20.096174240112305, 5226.97802734375
75, 1592.686218033312, True, 15.63329005241394, 816, 0.9286373107007023, 0, 38917, 21.70786476135254, 5621.67236328125
76, -11754.66449039895, False, 4.679009437561035, 243, 0.9277086733900016, 0, 39159, 18.809797286987305, 5894.8740234375
77, -12696.176304402761, False, 13.283173561096191, 694, 0.9267809647166116, 0, 39852, 21.307214736938477, 6108.45947265625
78, -11399.810496501159, False, 18.876984119415283, 1028, 0.925854183751895, 0, 40879, 23.05602264404297, 6437.5576171875
79, -10298.964726664126, False, 4.857597351074219, 257, 0.9249283295681431, 0, 41135, 19.215866088867188, 6715.66796875
80, -11403.037654849393, False, 17.28419017791748, 911, 0.9240034012385749, 0, 42045, 21.34611701965332, 6537.89892578125
81, -26458.351698069833, False, 21.42431879043579, 1166, 0.9230793978373364, 0, 43210, 22.03757667541504, 6992.93505859375
82, -13151.922035110474, False, 12.546205282211304, 664, 0.9221563184394991, 0, 43873, 21.327184677124023, 7778.59130859375
83, -10147.142721565324, False, 4.955616474151611, 252, 0.9212341621210596, 0, 44124, 22.343463897705078, 8075.7841796875
84, -11604.345316657098, False, 12.051747560501099, 609, 0.9203129279589385, 0, 44732, 21.245546340942383, 7903.43994140625
85, 12751.130913962144, True, 13.724168062210083, 736, 0.9193926150309796, 0, 45467, 22.75710105895996, 8218.1708984375
86, -11686.342183835804, False, 6.013094663619995, 308, 0.9184732224159486, 0, 45774, 24.194244384765625, 8044.84033203125
87, -11406.987463833764, False, 12.099889516830444, 626, 0.9175547491935327, 0, 46399, 20.12289047241211, 8336.4384765625
88, -9787.937829496892, False, 24.65753197669983, 1314, 0.9166371944443392, 0, 47712, 22.43602180480957, 8330.044921875
89, -10308.467153089121, False, 7.4892919063568115, 394, 0.9157205572498949, 0, 48105, 19.959970474243164, 8614.3447265625
90, -11325.748353209347, False, 13.76387071609497, 695, 0.914804836692645, 0, 48799, 21.24055290222168, 8399.296875
91, -12113.963115613908, False, 9.921142101287842, 478, 0.9138900318559524, 0, 49276, 23.39869499206543, 8740.58984375
92, -11421.96173542738, False, 6.979597806930542, 347, 0.9129761418240965, 0, 49622, 26.01947021484375, 8712.978515625
93, -10617.551147314254, False, 5.919966459274292, 292, 0.9120631656822724, 0, 49913, 21.53086280822754, 8506.9130859375
94, -10958.480829394306, False, 11.11563229560852, 565, 0.9111511025165902, 0, 50477, 20.256301879882812, 8786.6611328125
95, 12278.103590651415, True, 4.776453495025635, 238, 0.9102399514140735, 0, 50714, 21.993249893188477, 8851.94140625
96, -10809.952578492113, False, 7.263353586196899, 359, 0.9093297114626595, 0, 51072, 19.415813446044922, 8709.9619140625
97, -10597.387838792987, False, 5.4456493854522705, 273, 0.9084203817511969, 0, 51344, 20.462322235107422, 8602.7724609375
98, -13051.429081291084, False, 11.252455711364746, 577, 0.9075119613694457, 0, 51920, 20.763185501098633, 8735.388671875
99, -10383.838235277392, False, 5.179792881011963, 260, 0.9066044494080763, 0, 52179, 27.799896240234375, 9455.62890625
100, -10704.51196452789, False, 12.881158351898193, 648, 0.9056978449586682, 0, 52826, 22.288074493408203, 9398.8115234375
101, -10369.836425462738, False, 5.305377006530762, 270, 0.9047921471137096, 0, 53095, 19.219449996948242, 9185.8359375
102, -18456.831795703736, False, 14.13264513015747, 719, 0.9038873549665959, 0, 53813, 25.348051071166992, 9386.6328125
103, -10517.274914775044, False, 5.121103525161743, 258, 0.9029834676116293, 0, 54070, 25.97735023498535, 9876.7705078125
104, -10990.560082546202, False, 7.212771654129028, 361, 0.9020804841440176, 0, 54430, 23.547792434692383, 9875.146484375
105, -11404.425678522675, False, 15.128770112991333, 759, 0.9011784036598737, 0, 55188, 21.25567626953125, 9946.36328125
106, -10637.685806972524, False, 9.625762462615967, 495, 0.9002772252562138, 0, 55682, 20.978519439697266, 9996.3515625
107, -11843.924453908912, False, 13.293484210968018, 672, 0.8993769480309576, 0, 56353, 20.72403335571289, 10031.181640625
108, -10566.409597912105, False, 5.301515817642212, 262, 0.8984775710829266, 0, 56614, 21.42472267150879, 9965.3955078125
109, -10690.460099348798, False, 13.987689733505249, 690, 0.8975790935118436, 0, 57303, 22.108020782470703, 10196.8017578125
110, -11733.767260486959, False, 11.988340854644775, 590, 0.8966815144183318, 0, 57892, 22.269580841064453, 10134.232421875
111, -11752.745548227802, False, 12.534824848175049, 635, 0.8957848329039134, 0, 58526, 21.553844451904297, 10255.1953125
112, -10931.031209641136, False, 5.372156858444214, 268, 0.8948890480710096, 0, 58793, 25.10443115234375, 10230.978515625
113, -11223.032302565873, False, 8.145606756210327, 401, 0.8939941590229386, 0, 59193, 18.886001586914062, 10326.48046875
114, -10802.003900484648, False, 9.801227807998657, 480, 0.8931001648639156, 0, 59672, 20.17966079711914, 10615.9384765625
115, -11774.864905003109, False, 20.925410747528076, 1063, 0.8922070646990518, 0, 60734, 20.886743545532227, 10603.1298828125
116, -10977.75972514128, False, 15.0995614528656, 760, 0.8913148576343527, 0, 61493, 21.181440353393555, 10712.7255859375
117, 12653.06801828742, True, 8.959084033966064, 408, 0.8904235427767183, 0, 61900, 22.77211570739746, 10817.5302734375
118, -12174.73697460536, False, 3.4752936363220215, 161, 0.8895331192339416, 0, 62060, 19.282594680786133, 10961.6435546875
119, -10412.572349553928, False, 5.411438941955566, 256, 0.8886435861147077, 0, 62315, 24.506019592285156, 11394.712890625
120, -22141.68247008114, False, 16.7931170463562, 828, 0.887754942528593, 0, 63142, 24.228376388549805, 11269.8232421875
121, -10741.56810150412, False, 5.722086668014526, 286, 0.8868671875860644, 0, 63427, 21.148645401000977, 11970.4287109375
122, -10995.189125090837, False, 3.679875612258911, 173, 0.8859803203984784, 0, 63599, 22.538896560668945, 11726.1767578125
123, -13523.578100448125, False, 15.531041622161865, 751, 0.88509434007808, 0, 64349, 25.19594955444336, 11889.4912109375
124, -10709.67493201462, False, 5.4165332317352295, 262, 0.8842092457380019, 0, 64610, 23.291732788085938, 11687.1884765625
125, -10406.986844440922, False, 9.438186883926392, 458, 0.8833250364922639, 0, 65067, 20.255657196044922, 12137.78515625
126, 12659.33671952784, True, 8.834184646606445, 432, 0.8824417114557717, 0, 65498, 23.724082946777344, 11995.2421875
127, -12688.485448732972, False, 3.7379343509674072, 176, 0.8815592697443159, 0, 65673, 23.69670867919922, 12384.83203125
128, -10276.656645160867, False, 11.77754020690918, 571, 0.8806777104745716, 0, 66243, 24.90562629699707, 12176.4619140625
129, -10607.053530496312, False, 3.5048582553863525, 166, 0.8797970327640969, 0, 66408, 25.658750534057617, 11996.6845703125
130, -12232.046051344194, False, 11.123704195022583, 520, 0.8789172357313328, 0, 66927, 22.07353401184082, 12009.6904296875
131, -10703.877259918372, False, 7.007793664932251, 329, 0.8780383184956015, 0, 67255, 21.931692123413086, 12446.6943359375
132, -11211.776230132207, False, 9.985867261886597, 474, 0.8771602801771059, 0, 67728, 25.23613166809082, 12177.576171875
133, -10810.60475846217, False, 6.585731029510498, 312, 0.8762831198969288, 0, 68039, 22.757158279418945, 11754.9248046875
134, -20615.966650045593, False, 14.880256414413452, 717, 0.8754068367770318, 0, 68755, 25.480356216430664, 12403.5576171875
135, -16526.440022055427, False, 13.217697858810425, 644, 0.8745314299402548, 0, 69398, 22.572010040283203, 12903.91796875
136, -21936.058906735387, False, 20.428874731063843, 989, 0.8736568985103146, 0, 70386, 22.52774429321289, 13010.4033203125
137, -11191.895232542418, False, 6.901849269866943, 332, 0.8727832416118043, 0, 70717, 22.028799057006836, 13849.5966796875
138, -11192.48691423051, False, 6.975754261016846, 324, 0.8719104583701925, 0, 71040, 22.206321716308594, 14123.9951171875
139, -10695.130558258854, False, 4.091932535171509, 166, 0.8710385479118223, 0, 71205, 24.180002212524414, 14068.7587890625
140, -10759.098063427955, False, 5.275548458099365, 210, 0.8701675093639105, 0, 71414, 21.66631317138672, 13795.6572265625
141, -10257.544491678476, False, 5.265698194503784, 215, 0.8692973418545467, 0, 71628, 20.11713981628418, 14072.4775390625
142, -11490.328205512837, False, 16.986803770065308, 700, 0.8684280445126921, 0, 72327, 26.22270965576172, 14062.2509765625
143, -10440.633320297056, False, 4.9435715675354, 200, 0.8675596164681794, 0, 72526, 26.816089630126953, 13922.5927734375
144, -10849.883345633745, False, 6.855911731719971, 279, 0.8666920568517111, 0, 72804, 24.086284637451172, 14323.923828125
145, 12596.780822135508, True, 9.085201501846313, 373, 0.8658253647948594, 0, 73176, 25.617918014526367, 14127.6787109375
146, -14553.28859309107, False, 7.444072008132935, 302, 0.8649595394300645, 0, 73477, 24.94704246520996, 14309.736328125
147, -10526.248088756343, False, 5.374841213226318, 217, 0.8640945798906344, 0, 73693, 25.30196189880371, 14358.4462890625
148, -11585.990594506264, False, 6.511621475219727, 266, 0.8632304853107438, 0, 73958, 26.187971115112305, 14426.025390625
149, -11517.182890695054, False, 6.857461214065552, 281, 0.862367254825433, 0, 74238, 25.999135971069336, 14604.8388671875
150, -10783.305467880215, False, 5.6450841426849365, 230, 0.8615048875706075, 0, 74467, 19.8536434173584, 15137.3779296875
151, -10956.423044112511, False, 12.952750205993652, 533, 0.8606433826830369, 0, 74999, 24.262632369995117, 14440.388671875
152, -13723.507719855581, False, 19.346962213516235, 799, 0.8597827393003539, 0, 75797, 25.692203521728516, 14980.64453125
153, 12257.330341398716, True, 4.204178094863892, 163, 0.8589229565610536, 0, 75959, 23.902515411376953, 14221.9521484375
154, -14868.439893335104, False, 7.649991273880005, 306, 0.8580640336044925, 0, 76264, 23.722482681274414, 15079.9169921875
155, -11262.614482358098, False, 4.088321685791016, 166, 0.857205969570888, 0, 76429, 25.052934646606445, 15478.8701171875
156, 12263.365407139063, True, 4.030031442642212, 164, 0.8563487636013172, 0, 76592, 26.3291072845459, 15198.2392578125
157, -13021.635103382403, False, 8.243849039077759, 334, 0.8554924148377159, 0, 76925, 23.589771270751953, 15203.3291015625
158, -10848.276835651603, False, 6.605440139770508, 268, 0.8546369224228781, 0, 77192, 24.111948013305664, 14970.74609375
159, -10278.84772138088, False, 5.260541200637817, 209, 0.8537822855004553, 0, 77400, 24.744203567504883, 15128.3408203125
160, -10334.221404283307, False, 4.965967178344727, 196, 0.8529285032149548, 0, 77595, 27.417478561401367, 15856.7880859375
161, -12321.083067546948, False, 14.89295244216919, 603, 0.8520755747117399, 0, 78197, 22.849254608154297, 15851.3486328125
162, -15258.8858282906, False, 14.470362901687622, 682, 0.8512234991370281, 0, 78878, 21.935733795166016, 15715.9765625
163, -11281.512365512084, False, 8.091149806976318, 375, 0.8503722756378911, 0, 79252, 22.876808166503906, 15838.34765625
164, -11005.403105228208, False, 12.938286066055298, 583, 0.8495219033622532, 0, 79834, 25.315092086791992, 16031.7080078125
165, -13418.239517321344, False, 6.889949083328247, 318, 0.8486723814588909, 0, 80151, 25.661495208740234, 16481.50390625
166, -16470.29083026864, False, 15.211151838302612, 699, 0.847823709077432, 0, 80849, 26.60457992553711, 16313.75
167, -10541.584341143724, False, 7.205242156982422, 332, 0.8469758853683546, 0, 81180, 25.836402893066406, 16651.0
168, 11048.032707070932, True, 11.654354333877563, 528, 0.8461289094829862, 0, 81707, 27.464967727661133, 16716.666015625
169, -12713.74354878068, False, 3.7149529457092285, 166, 0.8452827805735033, 0, 81872, 22.020967483520508, 16593.09765625
170, -12549.757596228621, False, 29.690742254257202, 1357, 0.8444374977929298, 0, 83228, 25.604694366455078, 17228.66015625
171, -12560.669402832165, False, 12.810891151428223, 606, 0.8435930602951368, 0, 83833, 27.435882568359375, 17365.37890625
172, -10074.717304270715, False, 6.593250036239624, 291, 0.8427494672348417, 0, 84123, 33.22212600708008, 17532.4765625
173, -10796.129153430462, False, 6.720287322998047, 294, 0.8419067177676068, 0, 84416, 26.099584579467773, 16819.333984375
174, 12176.546855034307, True, 5.257958650588989, 234, 0.8410648110498392, 0, 84649, 27.686988830566406, 16879.697265625
175, -10700.903045994695, False, 3.9586052894592285, 168, 0.8402237462387894, 0, 84816, 20.027870178222656, 16195.6669921875
176, -10518.02751438308, False, 9.723704099655151, 438, 0.8393835224925505, 0, 85253, 25.70804786682129, 16657.671875
177, -10766.860499814153, False, 3.2221646308898926, 140, 0.838544138970058, 0, 85392, 27.30170249938965, 17095.732421875
178, -10856.316158485657, False, 3.5054268836975098, 156, 0.8377055948310879, 0, 85547, 30.225297927856445, 17477.734375
179, -13037.864394661272, False, 16.371951818466187, 742, 0.8368678892362568, 0, 86288, 25.178918838500977, 17173.525390625
180, -11313.535528384615, False, 5.923238039016724, 270, 0.8360310213470206, 0, 86557, 27.45282554626465, 17168.423828125
181, 12278.935288406909, True, 3.888424873352051, 166, 0.8351949903256736, 0, 86722, 24.229583740234375, 17338.595703125
182, -12252.51905399502, False, 14.755041122436523, 671, 0.8343597953353479, 0, 87392, 26.55569076538086, 17558.53125
183, -11390.501505244174, False, 12.25793743133545, 569, 0.8335254355400126, 0, 87960, 27.86256980895996, 17246.875
184, -10545.929485560395, False, 2.897824287414551, 123, 0.8326919101044725, 0, 88082, 27.90062713623047, 17725.22265625
185, -11019.792802752927, False, 7.36967396736145, 324, 0.831859218194368, 0, 88405, 25.605220794677734, 17083.2734375
186, -10904.228434259072, False, 8.706656694412231, 371, 0.8310273589761736, 0, 88775, 25.077190399169922, 17783.279296875
187, -10685.801988830324, False, 3.4787545204162598, 127, 0.8301963316171974, 0, 88901, 25.859079360961914, 17754.13671875
188, 12252.750791975064, True, 4.1055309772491455, 181, 0.8293661352855802, 0, 89081, 26.18439483642578, 16994.333984375
189, -10606.969237953424, False, 3.1073763370513916, 134, 0.8285367691502946, 0, 89214, 26.04448890686035, 16921.8984375
190, 12312.71480384469, True, 3.8885550498962402, 172, 0.8277082323811443, 0, 89385, 28.178586959838867, 17527.18359375
191, -11766.82175661144, False, 15.725396633148193, 712, 0.8268805241487632, 0, 90096, 27.090200424194336, 17540.546875
192, 12576.474769413471, True, 9.009342670440674, 411, 0.8260536436246144, 0, 90506, 27.52433967590332, 17823.21484375
193, -15602.183071684092, False, 6.183480501174927, 272, 0.8252275899809898, 0, 90777, 22.81186294555664, 17637.33203125
194, -10903.330873791827, False, 18.417577266693115, 830, 0.8244023623910088, 0, 91606, 26.589181900024414, 17990.0234375
195, -10142.195854928344, False, 5.126469612121582, 231, 0.8235779600286178, 0, 91836, 27.121503829956055, 18608.267578125
196, -16141.071851918303, False, 18.312082052230835, 831, 0.8227543820685892, 0, 92666, 26.525856018066406, 18315.107421875
197, -10243.277245790232, False, 5.664444208145142, 256, 0.8219316276865206, 0, 92921, 23.869718551635742, 18088.412109375
198, -10633.832158854231, False, 5.494462966918945, 237, 0.8211096960588341, 0, 93157, 27.34334945678711, 18340.6328125
199, 12582.456009864807, True, 9.532106399536133, 420, 0.8202885863627752, 0, 93576, 27.23125457763672, 18142.330078125
200, -11605.701533854008, False, 4.544942140579224, 198, 0.8194682977764125, 0, 93773, 26.47369956970215, 17961.552734375
201, -10796.268704684451, False, 3.0769917964935303, 134, 0.818648829478636, 0, 93906, 25.915267944335938, 18345.228515625
202, -10585.448090837337, False, 5.407416582107544, 235, 0.8178301806491574, 0, 94140, 28.211759567260742, 18463.591796875
203, -10307.315758022945, False, 17.51932716369629, 760, 0.8170123504685082, 0, 94899, 29.863405227661133, 18934.265625
204, -10969.806411486352, False, 7.056586503982544, 324, 0.8161953381180397, 0, 95222, 28.41925048828125, 18349.5625
205, -10489.707190891728, False, 4.960463285446167, 218, 0.8153791427799216, 0, 95439, 27.77689552307129, 19014.353515625
206, -11787.626102002338, False, 8.152288913726807, 361, 0.8145637636371417, 0, 95799, 29.914743423461914, 18677.1171875
207, -2190.666455215658, False, 43.19472861289978, 1998, 0.8137491998735046, 0, 97796, 27.30286979675293, 18741.751953125
208, -10564.1106014057, False, 5.032959222793579, 225, 0.812935450673631, 0, 98020, 28.896677017211914, 19330.01171875
209, 12453.719886502251, True, 12.3567054271698, 536, 0.8121225152229574, 0, 98555, 26.14351463317871, 18951.68359375
210, -10475.480569513282, False, 4.894690036773682, 210, 0.8113103927077344, 0, 98764, 24.468814849853516, 18645.576171875
211, -10119.330775920302, False, 11.081817388534546, 486, 0.8104990823150267, 0, 99249, 28.12774658203125, 18630.576171875
212, 6945.839533402643, True, 29.51336431503296, 1351, 0.8096885832327116, 0, 100000, 26.62626838684082, 18850.177734375
213, -12349.142244336108, False, 31.24593234062195, 1453, 0.8088788946494789, 0, 100000, 27.416162490844727, 18934.9453125
214, -13352.648319504922, False, 15.279274702072144, 687, 0.8080700157548294, 0, 100000, 28.98851776123047, 19076.705078125
215, -14937.785092205508, False, 18.89509892463684, 821, 0.8072619457390746, 0, 100000, 27.551254272460938, 19254.474609375
216, 11596.846416261164, True, 10.615042209625244, 469, 0.8064546837933355, 0, 100000, 26.29509735107422, 19598.38671875
217, -11116.40658672899, False, 6.043097496032715, 255, 0.8056482291095421, 0, 100000, 29.602163314819336, 19530.0703125
218, -11444.96704312216, False, 12.62153148651123, 537, 0.8048425808804326, 0, 100000, 30.059703826904297, 20086.947265625
219, 12147.255235137418, True, 13.367473363876343, 587, 0.8040377382995522, 0, 100000, 27.263578414916992, 20013.947265625
220, 12210.603390828473, True, 35.14502286911011, 1589, 0.8032337005612527, 0, 100000, 26.8520565032959, 20028.845703125
221, -15784.783458425663, False, 6.004603624343872, 266, 0.8024304668606914, 0, 100000, 28.528745651245117, 19749.904296875
222, 11716.067365969531, True, 17.17370319366455, 744, 0.8016280363938307, 0, 100000, 29.407514572143555, 20412.392578125
223, -10437.274054646492, False, 2.252528667449951, 96, 0.8008264083574369, 0, 100000, 32.642215728759766, 20593.38671875
224, -10779.61591002345, False, 5.1147472858428955, 214, 0.8000255819490795, 0, 100000, 29.577533721923828, 20394.431640625
225, -10434.500028743409, False, 5.795959234237671, 249, 0.7992255563671304, 0, 100000, 27.907602310180664, 20717.359375
226, -11222.79800522211, False, 10.416688919067383, 454, 0.7984263308107633, 0, 100000, 28.425256729125977, 20578.998046875
227, -17614.489171554334, False, 15.306664943695068, 672, 0.7976279044799526, 0, 100000, 28.87786293029785, 20486.95703125
228, 12499.620538517833, True, 8.979209661483765, 392, 0.7968302765754727, 0, 100000, 24.51831817626953, 20976.490234375
229, 9209.372258346528, True, 14.235844612121582, 612, 0.7960334462988972, 0, 100000, 27.365665435791016, 21341.02734375
230, 12331.598528050585, True, 33.916850566864014, 1523, 0.7952374128525983, 0, 100000, 27.37872886657715, 21230.974609375
231, -10625.846286563203, False, 5.799968242645264, 256, 0.7944421754397457, 0, 100000, 27.199382781982422, 20840.904296875
232, -10424.502381298225, False, 17.914896965026855, 765, 0.7936477332643059, 0, 100000, 27.571697235107422, 20966.4609375
233, -10585.62537613511, False, 5.210613012313843, 224, 0.7928540855310416, 0, 100000, 25.981828689575195, 20893.033203125
234, -10723.427069104742, False, 6.9322826862335205, 291, 0.7920612314455105, 0, 100000, 27.988977432250977, 21217.798828125
235, 11573.037192530232, True, 17.998205184936523, 777, 0.7912691702140651, 0, 100000, 30.482343673706055, 21250.708984375
236, 12622.360452608205, True, 22.97778034210205, 1033, 0.790477901043851, 0, 100000, 27.05344581604004, 21344.392578125
237, 10428.565391314216, True, 16.651435613632202, 642, 0.7896874231428072, 0, 100000, 28.320158004760742, 21047.50390625
238, -11359.715564036742, False, 8.70573377609253, 370, 0.7888977357196644, 0, 100000, 29.015575408935547, 21690.44921875
239, -10756.46584235318, False, 7.020570278167725, 292, 0.7881088379839447, 0, 100000, 33.33252716064453, 21835.16796875
240, -10553.94412491005, False, 4.925511360168457, 208, 0.7873207291459607, 0, 100000, 27.885343551635742, 21480.8984375
241, 12249.521233037114, True, 4.022217512130737, 168, 0.7865334084168147, 0, 100000, 25.848737716674805, 20814.41796875
242, -10832.0850212574, False, 3.060809850692749, 127, 0.7857468750083979, 0, 100000, 27.23119354248047, 21400.73828125
243, 8635.486902205972, True, 28.259604930877686, 1244, 0.7849611281333895, 0, 100000, 28.770532608032227, 21735.359375
244, 11467.536954834126, True, 30.573444843292236, 1398, 0.784176167005256, 0, 100000, 27.20284080505371, 21717.26171875
245, -10773.220923462883, False, 16.810078144073486, 745, 0.7833919908382508, 0, 100000, 28.657756805419922, 22072.94921875
246, -10366.015220671892, False, 5.009905815124512, 212, 0.7826085988474126, 0, 100000, 27.220855712890625, 22400.396484375
247, 10440.297411863692, True, 14.083436250686646, 602, 0.7818259902485653, 0, 100000, 30.308719635009766, 22696.22265625
248, 11306.086261657067, True, 17.317113161087036, 760, 0.7810441642583167, 0, 100000, 28.372425079345703, 22447.08984375
249, -11245.561321431538, False, 8.857234716415405, 380, 0.7802631200940584, 0, 100000, 31.115262985229492, 22857.5390625
250, -12530.959645954528, False, 35.57564926147461, 1582, 0.7794828569739644, 0, 100000, 28.61810874938965, 22309.5859375
251, -11437.412692538695, False, 19.96267867088318, 913, 0.7787033741169904, 0, 100000, 27.961416244506836, 22068.15625
252, -11057.055651634932, False, 3.749671697616577, 159, 0.7779246707428734, 0, 100000, 28.239404678344727, 22799.51171875
253, -12728.09760546987, False, 37.38642692565918, 1661, 0.7771467460721305, 0, 100000, 30.132993698120117, 21978.828125
254, -11031.972898550797, False, 13.948068857192993, 636, 0.7763695993260584, 0, 100000, 31.163619995117188, 22225.236328125
255, 10474.436392451054, True, 31.264376163482666, 1362, 0.7755932297267324, 0, 100000, 29.280351638793945, 22392.64453125
256, -10415.822329585091, False, 14.551050901412964, 645, 0.7748176364970056, 0, 100000, 28.76896858215332, 22189.025390625
257, 11682.82436602097, True, 13.147072315216064, 558, 0.7740428188605086, 0, 100000, 29.708921432495117, 22000.822265625
258, 9908.654249548446, True, 25.936094284057617, 1129, 0.7732687760416481, 0, 100000, 28.346269607543945, 22135.490234375
259, -10430.469673964195, False, 6.298422813415527, 261, 0.7724955072656065, 0, 100000, 28.4161376953125, 22131.404296875
260, -9995.609069729224, False, 11.243085622787476, 408, 0.7717230117583408, 0, 100000, 27.430099487304688, 22161.51171875
261, 12180.449313417077, True, 4.18558931350708, 158, 0.7709512887465825, 0, 100000, 30.175453186035156, 22547.47265625
262, -11277.621696439921, False, 3.09067702293396, 110, 0.7701803374578359, 0, 100000, 36.701908111572266, 22186.55859375
263, -10226.600553151919, False, 6.719152927398682, 246, 0.7694101571203781, 0, 100000, 27.322851181030273, 22263.666015625
264, 12515.72574562952, True, 8.880271911621094, 331, 0.7686407469632577, 0, 100000, 29.418399810791016, 22435.62890625
265, 11718.045480079949, True, 10.532781600952148, 389, 0.7678721062162944, 0, 100000, 28.99273681640625, 22267.943359375
266, -10068.367444228381, False, 14.992871046066284, 565, 0.7671042341100781, 0, 100000, 28.927013397216797, 22272.0234375
267, 12255.99739716202, True, 3.9981162548065186, 149, 0.766337129875968, 0, 100000, 26.799409866333008, 21904.568359375
268, -10489.782478302717, False, 3.166571855545044, 118, 0.7655707927460921, 0, 100000, 24.23440933227539, 20710.05078125
269, 12210.642014353769, True, 4.087748765945435, 150, 0.764805221953346, 0, 100000, 27.106128692626953, 22190.248046875
270, -10312.807091754861, False, 2.665731430053711, 96, 0.7640404167313927, 0, 100000, 36.18333053588867, 21474.197265625
271, -10525.098905690946, False, 5.146199941635132, 187, 0.7632763763146613, 0, 100000, 28.35957145690918, 22008.142578125
272, 12192.048839891213, True, 9.843245029449463, 365, 0.7625130999383466, 0, 100000, 25.300403594970703, 21335.5625
273, -10416.226630467921, False, 5.762250185012817, 217, 0.7617505868384082, 0, 100000, 30.118572235107422, 21830.228515625
274, 11186.552199214697, True, 12.16643238067627, 456, 0.7609888362515699, 0, 100000, 27.076019287109375, 22108.9453125
275, -14074.50772653961, False, 14.219983100891113, 535, 0.7602278474153183, 0, 100000, 28.057113647460938, 21650.15625
276, -10553.041175654278, False, 29.573790073394775, 1142, 0.759467619567903, 0, 100000, 30.35552406311035, 21843.44921875
277, 12536.972600502893, True, 8.941015481948853, 344, 0.7587081519483351, 0, 100000, 29.669635772705078, 22103.060546875
278, -12054.914669831749, False, 5.48037576675415, 200, 0.7579494437963867, 0, 100000, 27.847129821777344, 21523.41015625
279, 12533.674573346972, True, 9.299004554748535, 339, 0.7571914943525904, 0, 100000, 29.289209365844727, 22098.021484375
280, -14287.915239673108, False, 14.25446629524231, 622, 0.7564343028582378, 0, 100000, 30.375173568725586, 22149.34375
281, -10443.316691286862, False, 3.4825868606567383, 150, 0.7556778685553796, 0, 100000, 26.079233169555664, 22151.162109375
282, -13063.108597711078, False, 22.416496992111206, 977, 0.7549221906868242, 0, 100000, 32.527488708496094, 21880.2265625
283, 12302.865964084864, True, 4.101974725723267, 181, 0.7541672684961374, 0, 100000, 32.001487731933594, 20667.90234375
284, -12039.009328696877, False, 9.178605556488037, 390, 0.7534131012276413, 0, 100000, 33.30390930175781, 21362.3984375
285, -10799.896808238584, False, 5.109836578369141, 216, 0.7526596881264136, 0, 100000, 29.85894775390625, 21830.625
286, -10546.524305585073, False, 10.13271975517273, 429, 0.7519070284382872, 0, 100000, 35.177093505859375, 21903.814453125
287, -10464.190791659523, False, 2.7380595207214355, 115, 0.7511551214098489, 0, 100000, 38.84088134765625, 22252.115234375
288, 11587.241641757078, True, 12.10353970527649, 516, 0.750403966288439, 0, 100000, 32.26321792602539, 21854.734375
289, -12444.740171683952, False, 10.729940414428711, 467, 0.7496535623221505, 0, 100000, 31.706005096435547, 21938.73828125
290, -10367.938253690489, False, 10.90279507637024, 472, 0.7489039087598284, 0, 100000, 33.6723518371582, 21976.90234375
291, 12247.019852139056, True, 3.890284538269043, 163, 0.7481550048510686, 0, 100000, 32.61866760253906, 22170.146484375
292, -12958.39988339704, False, 18.838905572891235, 814, 0.7474068498462175, 0, 100000, 31.358736038208008, 21019.7890625
293, -10538.495383864734, False, 5.213160276412964, 230, 0.7466594429963713, 0, 100000, 33.98465347290039, 21094.19921875
294, -10858.01419509761, False, 5.287828207015991, 219, 0.745912783553375, 0, 100000, 33.35654830932617, 20467.71484375
295, -10364.513600379229, False, 4.96480131149292, 208, 0.7451668707698216, 0, 100000, 31.518573760986328, 20424.16015625
296, -10044.01143236924, False, 9.428116083145142, 400, 0.7444217038990517, 0, 100000, 32.11262893676758, 21285.814453125
297, -10312.728913411498, False, 4.667490243911743, 199, 0.7436772821951526, 0, 100000, 32.9910888671875, 20599.6796875
298, -10401.06821642496, False, 11.543691158294678, 489, 0.7429336049129575, 0, 100000, 33.623409271240234, 20419.669921875
299, -11184.035034179688, False, 3.8142385482788086, 166, 0.7421906713080445, 0, 100000, 35.29269027709961, 20956.306640625
300, -10393.842795042321, False, 4.983071804046631, 209, 0.7414484806367364, 0, 100000, 30.647932052612305, 21255.732421875
301, 12457.745563533157, True, 10.369721412658691, 436, 0.7407070321560997, 0, 100000, 34.84144973754883, 20577.06640625
302, -10733.418790294789, False, 2.6731297969818115, 108, 0.7399663251239436, 0, 100000, 29.248241424560547, 20607.412109375
303, -10904.991845090757, False, 6.7192769050598145, 283, 0.7392263587988196, 0, 100000, 30.697948455810547, 21493.56640625
304, -13898.680970538604, False, 19.042893648147583, 829, 0.7384871324400207, 0, 100000, 32.28062438964844, 20818.93359375
305, -10841.751843919978, False, 5.363667726516724, 227, 0.7377486453075807, 0, 100000, 32.88725280761719, 21075.416015625
306, -11450.936983590946, False, 6.880802392959595, 278, 0.737010896662273, 0, 100000, 32.80628967285156, 21442.169921875
307, -10437.097658399493, False, 3.128199338912964, 128, 0.7362738857656108, 0, 100000, 36.18868637084961, 20979.873046875
308, -10835.917285140633, False, 10.513729333877563, 447, 0.7355376118798452, 0, 100000, 32.19698715209961, 21934.2421875
309, 9113.059342635795, True, 15.265512704849243, 660, 0.7348020742679654, 0, 100000, 36.436920166015625, 21545.380859375
310, -11174.465600350828, False, 4.221268653869629, 181, 0.7340672721936974, 0, 100000, 30.176485061645508, 21491.37109375
311, -11025.187513873447, False, 12.477331638336182, 532, 0.7333332049215037, 0, 100000, 36.04666519165039, 21947.853515625
312, -11377.691102206561, False, 13.466915607452393, 577, 0.7325998717165821, 0, 100000, 38.157958984375, 21297.66796875
313, 11857.186191929504, True, 11.12810468673706, 471, 0.7318672718448656, 0, 100000, 30.7591552734375, 22004.734375
314, 12512.995053148363, True, 12.615067720413208, 542, 0.7311354045730207, 0, 100000, 32.76285934448242, 21575.58203125
315, -10490.084906900884, False, 4.153456926345825, 177, 0.7304042691684477, 0, 100000, 28.551633834838867, 21778.759765625
316, -10563.881806951016, False, 5.153437614440918, 210, 0.7296738648992792, 0, 100000, 34.47753143310547, 21591.74609375
317, -10220.34305170644, False, 10.439155101776123, 444, 0.7289441910343799, 0, 100000, 29.807310104370117, 21121.19140625
318, -10192.91317356797, False, 14.352347612380981, 627, 0.7282152468433455, 0, 100000, 34.12813949584961, 21476.201171875
319, 12584.684282003902, True, 9.461037397384644, 409, 0.7274870315965022, 0, 100000, 33.59914016723633, 21677.3046875
320, -12022.047543115914, False, 4.883028268814087, 205, 0.7267595445649057, 0, 100000, 28.980844497680664, 20860.529296875
321, 11897.241414893651, True, 11.590408086776733, 489, 0.7260327850203407, 0, 100000, 32.275146484375, 21074.236328125
322, -9986.828844633885, False, 17.120028972625732, 744, 0.7253067522353204, 0, 100000, 33.68367004394531, 20627.341796875
323, 8807.174792732345, True, 25.35442328453064, 1128, 0.724581445483085, 0, 100000, 33.47832107543945, 20747.984375
324, -12002.67681663856, False, 10.708935737609863, 469, 0.723856864037602, 0, 100000, 31.868541717529297, 20957.505859375
325, 12809.175642766058, True, 13.635046482086182, 582, 0.7231330071735643, 0, 100000, 34.057212829589844, 20945.490234375
326, -11781.983486767858, False, 5.694775104522705, 243, 0.7224098741663908, 0, 100000, 36.33570861816406, 21227.966796875
327, 12424.706233356148, True, 11.879714488983154, 508, 0.7216874642922244, 0, 100000, 35.91485595703125, 20762.966796875
328, -14606.083122237585, False, 24.07788634300232, 1068, 0.7209657768279322, 0, 100000, 34.08491134643555, 21098.353515625
329, -10695.966359240934, False, 3.147813320159912, 133, 0.7202448110511043, 0, 100000, 30.803197860717773, 20420.275390625
330, -10449.543616366107, False, 2.586625576019287, 108, 0.7195245662400531, 0, 100000, 34.60245895385742, 20052.615234375
331, 12521.595408154652, True, 9.827183485031128, 406, 0.7188050416738131, 0, 100000, 30.65190887451172, 21195.029296875
332, 11367.309756362345, True, 22.90570044517517, 1008, 0.7180862366321393, 0, 100000, 33.73260498046875, 21160.1953125
333, -11165.801813332364, False, 3.888336420059204, 165, 0.7173681503955072, 0, 100000, 33.439064025878906, 20749.806640625
334, 12241.657692588866, True, 3.86470365524292, 161, 0.7166507822451117, 0, 100000, 39.04094696044922, 21279.931640625
335, 10828.312033872353, True, 18.21994948387146, 790, 0.7159341314628666, 0, 100000, 32.25033950805664, 20499.021484375
336, -11905.834404552821, False, 10.318922281265259, 456, 0.7152181973314037, 0, 100000, 31.91257667541504, 20402.482421875
337, -10654.389311915264, False, 3.3525290489196777, 144, 0.7145029791340722, 0, 100000, 34.570552825927734, 21630.625
338, -12055.84858962521, False, 14.512003898620605, 622, 0.7137884761549381, 0, 100000, 37.28710174560547, 21412.99609375
339, 12413.094417091692, True, 15.195721626281738, 669, 0.7130746876787832, 0, 100000, 34.68604278564453, 20754.46484375
340, -11677.002027683891, False, 8.481337308883667, 368, 0.7123616129911045, 0, 100000, 31.8640079498291, 19853.12109375
341, -11222.011343319668, False, 17.924460649490356, 760, 0.7116492513781133, 0, 100000, 33.95559310913086, 20287.7421875
342, 12682.390305272304, True, 13.890774726867676, 602, 0.7109376021267352, 0, 100000, 34.97245407104492, 19823.609375
343, 8879.958085219376, True, 31.30713391304016, 1379, 0.7102266645246085, 0, 100000, 34.308109283447266, 20160.224609375
344, 12505.266235803487, True, 12.070766925811768, 535, 0.7095164378600839, 0, 100000, 33.60507583618164, 20014.00390625
345, -12330.979431053438, False, 11.124139308929443, 471, 0.7088069214222238, 0, 100000, 30.476606369018555, 19721.853515625
346, 12644.759895158932, True, 8.775230407714844, 373, 0.7080981145008015, 0, 100000, 35.91505432128906, 19947.087890625
347, 11494.193370947381, True, 35.30094122886658, 1560, 0.7073900163863007, 0, 100000, 34.1797981262207, 19178.6796875
348, -11797.884345366503, False, 23.516664028167725, 1056, 0.7066826263699144, 0, 100000, 31.72732162475586, 18559.775390625
349, 11823.699623118155, True, 15.77848744392395, 686, 0.7059759437435444, 0, 100000, 35.596317291259766, 17899.126953125
350, -10859.816502877977, False, 20.45717430114746, 879, 0.7052699677998009, 0, 100000, 35.351497650146484, 17769.0546875
351, 12462.415394460317, True, 16.513728141784668, 713, 0.704564697832001, 0, 100000, 34.73328399658203, 17402.765625
352, 11664.041852930794, True, 20.89266347885132, 900, 0.7038601331341691, 0, 100000, 33.17137145996094, 17497.7421875
353, -11319.00515611589, False, 24.02636408805847, 1059, 0.7031562730010349, 0, 100000, 31.911752700805664, 16864.55859375
354, 12191.405118728653, True, 10.117014408111572, 436, 0.7024531167280339, 0, 100000, 36.04752731323242, 16621.98828125
355, -11864.590457482962, False, 16.283867359161377, 691, 0.7017506636113059, 0, 100000, 31.07731056213379, 16694.875
356, -12125.311023385555, False, 14.730729341506958, 636, 0.7010489129476946, 0, 100000, 34.830116271972656, 16522.955078125
357, 12371.168847315363, True, 17.098636150360107, 745, 0.7003478640347469, 0, 100000, 35.686058044433594, 16014.080078125
358, 12488.456970283056, True, 23.58233642578125, 1038, 0.6996475161707122, 0, 100000, 33.23149871826172, 15695.419921875
359, -12993.754039406776, False, 4.546101808547974, 191, 0.6989478686545415, 0, 100000, 30.89678382873535, 14657.9716796875
360, -12709.308565694839, False, 27.339997053146362, 1191, 0.698248920785887, 0, 100000, 30.845596313476562, 15236.658203125
361, -11871.56825658027, False, 10.346715211868286, 463, 0.6975506718651011, 0, 100000, 32.32329559326172, 15644.4482421875
362, -13231.918773188721, False, 22.41073989868164, 961, 0.6968531211932361, 0, 100000, 32.47319030761719, 14954.1953125
363, -10352.269787002355, False, 2.8926801681518555, 124, 0.6961562680720428, 0, 100000, 36.302703857421875, 14279.685546875
364, 12252.542775746435, True, 3.9273715019226074, 161, 0.6954601118039707, 0, 100000, 27.97762680053711, 14191.2392578125
365, -14092.549319055863, False, 10.990676403045654, 467, 0.6947646516921667, 0, 100000, 31.718889236450195, 14443.8662109375
366, 12364.046168931993, True, 11.512897968292236, 477, 0.6940698870404746, 0, 100000, 33.29931640625, 14970.4736328125
367, -11022.772286558757, False, 21.403363704681396, 936, 0.6933758171534341, 0, 100000, 30.655086517333984, 14238.88671875
368, 12252.529054654762, True, 3.9766204357147217, 173, 0.6926824413362807, 0, 100000, 33.72921371459961, 14573.173828125
369, -10366.339966211468, False, 3.221914529800415, 134, 0.6919897588949444, 0, 100000, 33.74557113647461, 14796.689453125
370, -10763.922872782801, False, 14.788433074951172, 631, 0.6912977691360495, 0, 100000, 31.752336502075195, 14370.158203125
371, -10693.338964327588, False, 13.732665300369263, 594, 0.6906064713669134, 0, 100000, 32.05878829956055, 13712.359375
372, -11051.945740491152, False, 7.262517690658569, 307, 0.6899158648955466, 0, 100000, 31.9431209564209, 14402.958984375
373, 12411.334027279168, True, 12.267280101776123, 528, 0.689225949030651, 0, 100000, 30.8223876953125, 13997.08203125
374, -16083.165881998837, False, 9.30476689338684, 335, 0.6885367230816204, 0, 100000, 30.53077507019043, 13941.1748046875
375, 12172.054300179356, True, 10.996171236038208, 456, 0.6878481863585387, 0, 100000, 30.164138793945312, 14309.6318359375
376, 12444.791960146278, True, 11.979437112808228, 518, 0.6871603381721801, 0, 100000, 29.548385620117188, 13755.083984375
377, -11976.387152418145, False, 20.979060173034668, 923, 0.686473177834008, 0, 100000, 32.057498931884766, 13972.0419921875
378, 10319.287072183797, True, 20.010655164718628, 884, 0.685786704656174, 0, 100000, 31.350902557373047, 13925.8232421875
379, -18559.714905187488, False, 6.921492576599121, 295, 0.6851009179515178, 0, 100000, 35.036468505859375, 14120.8662109375
380, 12381.781957719242, True, 18.603606462478638, 798, 0.6844158170335664, 0, 100000, 32.010868072509766, 14318.240234375
381, 11596.828958601982, True, 42.03092288970947, 1905, 0.6837314012165328, 0, 100000, 32.21786880493164, 13783.802734375
382, 12538.14605096355, True, 10.62789797782898, 473, 0.6830476698153162, 0, 100000, 31.307512283325195, 13213.3935546875
383, -13714.077548588859, False, 38.7390558719635, 1683, 0.6823646221455009, 0, 100000, 29.697641372680664, 12704.99609375
384, -13006.987506167381, False, 32.09635663032532, 1447, 0.6816822575233553, 0, 100000, 31.608932495117188, 12753.939453125
385, 12559.745668189895, True, 14.385677099227905, 626, 0.6810005752658319, 0, 100000, 31.762365341186523, 12789.126953125
386, -13736.158873546054, False, 8.021071434020996, 337, 0.680319574690566, 0, 100000, 28.488996505737305, 12854.9541015625
387, 12319.584252007771, True, 19.67937421798706, 827, 0.6796392551158754, 0, 100000, 31.297210693359375, 12712.5341796875
388, 10954.839871363249, True, 27.39817786216736, 1216, 0.6789596158607596, 0, 100000, 29.925498962402344, 12617.0419921875
389, -10549.163854715414, False, 19.109089374542236, 841, 0.6782806562448989, 0, 100000, 30.626949310302734, 12741.0400390625
390, 12446.372089428827, True, 11.543529987335205, 498, 0.677602375588654, 0, 100000, 31.931880950927734, 12737.3759765625
391, -21364.40427622573, False, 30.593442916870117, 1323, 0.6769247732130653, 0, 100000, 32.35757827758789, 12688.3232421875
392, 12304.047358304262, True, 4.004074811935425, 174, 0.6762478484398523, 0, 100000, 28.77140235900879, 12519.2685546875
393, -14535.69022972288, False, 11.502782821655273, 483, 0.6755716005914124, 0, 100000, 28.180788040161133, 13172.3388671875
394, 12523.957096249796, True, 10.137824773788452, 438, 0.674896028990821, 0, 100000, 30.59990119934082, 13502.6943359375
395, 12073.617426390992, True, 26.268571376800537, 1127, 0.6742211329618302, 0, 100000, 30.937114715576172, 13623.8056640625
396, 11531.406511908164, True, 31.715062618255615, 1404, 0.6735469118288684, 0, 100000, 29.185293197631836, 13011.474609375
397, -24411.11021091882, False, 16.444334745407104, 709, 0.6728733649170395, 0, 100000, 30.506267547607422, 12991.2158203125
398, 12175.695436872542, True, 9.209914445877075, 392, 0.6722004915521225, 0, 100000, 28.07380485534668, 13920.5087890625
399, 12309.694095132872, True, 10.605491876602173, 444, 0.6715282910605703, 0, 100000, 33.17559051513672, 13471.916015625
400, 12529.229374664603, True, 20.037022590637207, 847, 0.6708567627695098, 0, 100000, 32.47365188598633, 13803.015625
401, 12639.287835962023, True, 29.195846796035767, 1293, 0.6701859060067403, 0, 100000, 31.55215835571289, 13188.6650390625
402, 8702.091931009665, True, 16.191850900650024, 704, 0.6695157201007336, 0, 100000, 28.689184188842773, 13127.740234375
403, 9937.754619772924, True, 33.134971380233765, 1418, 0.6688462043806328, 0, 100000, 30.687828063964844, 12553.3486328125
404, 10379.36507304397, True, 28.830960988998413, 1280, 0.6681773581762521, 0, 100000, 30.3064022064209, 12101.83203125
405, -11052.814188119024, False, 18.220651388168335, 796, 0.6675091808180759, 0, 100000, 32.146644592285156, 12325.2333984375
406, -10911.436569639482, False, 7.164027452468872, 300, 0.6668416716372578, 0, 100000, 30.40900993347168, 12200.779296875
407, 12254.951642941684, True, 3.8997244834899902, 154, 0.6661748299656206, 0, 100000, 32.291236877441406, 12101.853515625
408, 11079.857791232178, True, 17.562630891799927, 738, 0.6655086551356549, 0, 100000, 29.739938735961914, 12209.1884765625
409, -10746.388913742965, False, 19.08075261116028, 845, 0.6648431464805192, 0, 100000, 30.812776565551758, 12113.8916015625
410, -12759.479197178338, False, 23.880088329315186, 1048, 0.6641783033340387, 0, 100000, 29.082454681396484, 12543.142578125
411, 12172.484243188286, True, 3.9105522632598877, 135, 0.6635141250307047, 0, 100000, 26.69882583618164, 12450.7939453125
412, 10058.897810951865, True, 31.062461614608765, 1339, 0.662850610905674, 0, 100000, 29.625032424926758, 12369.322265625
413, -11039.420925842598, False, 11.769140243530273, 523, 0.6621877602947683, 0, 100000, 27.24827003479004, 12363.712890625
414, 11736.832335408079, True, 14.520104169845581, 602, 0.6615255725344735, 0, 100000, 32.242637634277344, 12470.755859375
415, -12062.054761629552, False, 6.652846574783325, 278, 0.660864046961939, 0, 100000, 29.435007095336914, 12241.00390625
416, 10905.650868190452, True, 22.38043999671936, 949, 0.660203182914977, 0, 100000, 32.01426315307617, 12286.560546875
417, -16526.536882288754, False, 6.773178339004517, 290, 0.6595429797320621, 0, 100000, 29.769393920898438, 13180.9931640625
418, 12218.23578965923, True, 12.362151622772217, 518, 0.6588834367523301, 0, 100000, 28.856536865234375, 13265.3837890625
419, 12472.171051952057, True, 10.453006744384766, 444, 0.6582245533155777, 0, 100000, 34.17856216430664, 13053.6591796875
420, -11828.616508787498, False, 13.078773736953735, 553, 0.6575663287622622, 0, 100000, 29.78209114074707, 12811.0166015625
421, -11381.741856621578, False, 10.65135145187378, 448, 0.6569087624334999, 0, 100000, 32.85176467895508, 13064.8369140625
422, 12279.896380707622, True, 3.7831692695617676, 159, 0.6562518536710664, 0, 100000, 30.73552703857422, 12832.69921875
423, -21814.052282659337, False, 18.816258430480957, 741, 0.6555956018173954, 0, 100000, 29.832244873046875, 13456.361328125
424, 12269.535648463963, True, 30.326154947280884, 1349, 0.654940006215578, 0, 100000, 31.485687255859375, 13964.7734375
425, -10592.841493245214, False, 21.309548139572144, 949, 0.6542850662093624, 0, 100000, 30.442209243774414, 14118.2177734375
426, -11744.920146271237, False, 15.415095090866089, 662, 0.6536307811431531, 0, 100000, 30.610151290893555, 13992.228515625
427, 12469.342171491357, True, 15.251902103424072, 626, 0.65297715036201, 0, 100000, 32.01588439941406, 13664.912109375
428, -13103.268286781618, False, 27.442975521087646, 1203, 0.6523241732116479, 0, 100000, 31.306859970092773, 13962.94140625
429, 12490.114616132341, True, 10.53010106086731, 461, 0.6516718490384363, 0, 100000, 31.34752655029297, 13682.443359375
430, -11512.86559664458, False, 14.294389486312866, 602, 0.6510201771893979, 0, 100000, 29.495136260986328, 13753.357421875
431, 12443.92328183446, True, 12.199462890625, 517, 0.6503691570122084, 0, 100000, 29.171092987060547, 13577.154296875
432, 11590.064590723894, True, 31.531335592269897, 1375, 0.6497187878551962, 0, 100000, 29.152568817138672, 13667.24609375
433, 12420.411876015132, True, 20.760851621627808, 914, 0.649069069067341, 0, 100000, 31.856185913085938, 13689.5966796875
434, -11101.40366529097, False, 12.089380741119385, 514, 0.6484199999982736, 0, 100000, 28.143964767456055, 13351.31640625
435, 11777.457738391357, True, 16.780563592910767, 706, 0.6477715799982753, 0, 100000, 29.997026443481445, 13847.345703125
436, 11682.530744994292, True, 22.387407064437866, 974, 0.647123808418277, 0, 100000, 29.001901626586914, 13306.7509765625
437, -12242.107924230397, False, 9.481528759002686, 408, 0.6464766846098587, 0, 100000, 27.664134979248047, 13197.9677734375
438, 11110.655915918527, True, 27.715096712112427, 1209, 0.6458302079252489, 0, 100000, 31.64103126525879, 14078.921875
439, 12883.938929886237, True, 19.33793354034424, 855, 0.6451843777173236, 0, 100000, 30.878049850463867, 14109.5263671875
440, 9985.822370673879, True, 23.05233144760132, 1008, 0.6445391933396063, 0, 100000, 30.550254821777344, 13443.173828125
441, 9728.803586797207, True, 29.861968278884888, 1309, 0.6438946541462667, 0, 100000, 30.245946884155273, 13298.619140625
442, -10626.288370198105, False, 11.353155851364136, 498, 0.6432507594921204, 0, 100000, 31.20860481262207, 13552.59765625
443, -1858.0844870945439, False, 46.17904019355774, 1998, 0.6426075087326283, 0, 100000, 28.310544967651367, 13204.12109375
444, -12175.449931652518, False, 12.683443069458008, 559, 0.6419649012238956, 0, 100000, 28.18547248840332, 12731.76953125
445, 12452.540677740588, True, 10.337053775787354, 421, 0.6413229363226717, 0, 100000, 27.408527374267578, 12600.9306640625
446, -11271.57385860756, False, 3.1947152614593506, 130, 0.640681613386349, 0, 100000, 28.499486923217773, 12481.1865234375
447, 8997.056520070648, True, 32.7794725894928, 1410, 0.6400409317729626, 0, 100000, 29.086984634399414, 12629.984375
448, 11978.987470468506, True, 11.851927757263184, 516, 0.6394008908411897, 0, 100000, 28.865550994873047, 12876.0439453125
449, 6713.6755028143525, True, 33.52685308456421, 1427, 0.6387614899503485, 0, 100000, 27.181499481201172, 12090.3583984375
450, -17598.736359000206, False, 6.844121217727661, 295, 0.6381227284603982, 0, 100000, 30.302324295043945, 13307.365234375
451, 12454.05909445323, True, 10.524097442626953, 432, 0.6374846057319378, 0, 100000, 26.49188995361328, 12791.0849609375
452, -10909.74676668644, False, 3.679525375366211, 143, 0.6368471211262058, 0, 100000, 26.301803588867188, 13286.3984375
453, 12270.790569005534, True, 4.0013227462768555, 164, 0.6362102740050796, 0, 100000, 25.924203872680664, 13422.595703125
454, -12903.143322499207, False, 18.268274068832397, 753, 0.6355740637310745, 0, 100000, 29.299209594726562, 13166.8125
455, 12497.595498881827, True, 10.009108304977417, 414, 0.6349384896673435, 0, 100000, 26.068845748901367, 12978.4189453125
456, 12087.258543445729, True, 29.048019886016846, 1076, 0.6343035511776761, 0, 100000, 27.168909072875977, 12601.3310546875
457, -10677.591613001889, False, 19.039307117462158, 720, 0.6336692476264985, 0, 100000, 26.015907287597656, 12294.7431640625
458, -4988.571873204259, False, 52.24504852294922, 1998, 0.6330355783788719, 0, 100000, 29.597627639770508, 12255.890625
459, -14038.60877897439, False, 23.510006189346313, 922, 0.632402542800493, 0, 100000, 27.433977127075195, 12559.70703125
460, 12421.779973619618, True, 10.82357907295227, 406, 0.6317701402576925, 0, 100000, 26.6212215423584, 12621.85546875
461, -17213.648434251547, False, 9.79231882095337, 357, 0.6311383701174348, 0, 100000, 28.712003707885742, 13135.96875
462, 11782.992446152399, True, 11.822562456130981, 433, 0.6305072317473174, 0, 100000, 29.285436630249023, 12923.15625
463, -9927.909244609997, False, 17.514060497283936, 640, 0.6298767245155701, 0, 100000, 27.23198890686035, 13146.419921875
464, 11685.15796532773, True, 10.87352967262268, 405, 0.6292468477910546, 0, 100000, 29.2551212310791, 12442.251953125
465, -10485.843224866316, False, 6.1121721267700195, 221, 0.6286176009432635, 0, 100000, 25.62474822998047, 13108.470703125
466, 12519.609788760543, True, 8.783354997634888, 327, 0.6279889833423202, 0, 100000, 26.55982780456543, 12623.05078125
467, -13910.905336635187, False, 14.396164178848267, 554, 0.6273609943589779, 0, 100000, 30.37540626525879, 12876.9150390625
468, -10565.713548237807, False, 14.344083070755005, 610, 0.6267336333646188, 0, 100000, 27.62363052368164, 12915.5927734375
469, 9505.558919426665, True, 18.87239694595337, 804, 0.6261068997312542, 0, 100000, 30.008628845214844, 12693.0966796875
470, -815.7626579877106, False, 44.91873860359192, 1998, 0.6254807928315229, 0, 100000, 27.183963775634766, 12665.3310546875
471, -11942.168391969055, False, 12.944166660308838, 579, 0.6248553120386914, 0, 100000, 25.96898651123047, 11997.8896484375
472, 12450.601370276883, True, 10.73214077949524, 457, 0.6242304567266527, 0, 100000, 25.674850463867188, 12025.8544921875
473, 10773.133450753754, True, 36.87280035018921, 1613, 0.623606226269926, 0, 100000, 27.64534568786621, 12203.3095703125
474, 12821.162137513937, True, 15.074119329452515, 660, 0.6229826200436561, 0, 100000, 27.954160690307617, 12317.6796875
475, -11175.10943434015, False, 4.541258096694946, 190, 0.6223596374236124, 0, 100000, 28.70107078552246, 12117.3798828125
476, -10165.176864463137, False, 9.650250911712646, 409, 0.6217372777861888, 0, 100000, 24.237117767333984, 11309.0498046875
477, 12466.484513264615, True, 12.47199034690857, 531, 0.6211155405084027, 0, 100000, 24.976768493652344, 11196.365234375
478, -11374.492117119953, False, 7.562695741653442, 316, 0.6204944249678943, 0, 100000, 24.762447357177734, 11898.666015625
479, 12190.83521335898, True, 7.822970390319824, 328, 0.6198739305429264, 0, 100000, 26.383825302124023, 12320.3876953125
480, -15508.244431150233, False, 24.981213808059692, 1079, 0.6192540566123834, 0, 100000, 27.5421085357666, 11006.5
481, -11496.979343456216, False, 7.182405233383179, 310, 0.6186348025557711, 0, 100000, 23.187131881713867, 11985.158203125
482, -12544.527294784784, False, 7.041438102722168, 293, 0.6180161677532153, 0, 100000, 27.957717895507812, 11984.85546875
483, -11370.22735848371, False, 15.811313390731812, 677, 0.6173981515854621, 0, 100000, 25.969514846801758, 11747.443359375
484, -10980.375503414078, False, 5.947517395019531, 246, 0.6167807534338766, 0, 100000, 25.964406967163086, 11600.3642578125
485, 12252.36785633117, True, 4.231027126312256, 176, 0.6161639726804428, 0, 100000, 27.15729522705078, 12061.2021484375
486, -14397.771591011784, False, 20.10474920272827, 855, 0.6155478087077623, 0, 100000, 25.08439064025879, 12275.34375
487, 12540.017031635856, True, 11.939809322357178, 514, 0.6149322608990545, 0, 100000, 27.371131896972656, 12138.169921875
488, -24473.980634763837, False, 13.80668020248413, 592, 0.6143173286381555, 0, 100000, 23.98817253112793, 12113.9736328125
489, -10886.60124784708, False, 3.4256958961486816, 142, 0.6137030113095173, 0, 100000, 27.425745010375977, 12521.087890625
490, -12712.33689150706, False, 24.74589967727661, 1069, 0.6130893082982078, 0, 100000, 28.06550407409668, 13179.388671875
491, -11648.852475956082, False, 6.712153911590576, 287, 0.6124762189899097, 0, 100000, 26.135053634643555, 12244.4951171875
492, -12014.748958524287, False, 16.609583139419556, 712, 0.6118637427709198, 0, 100000, 26.92569923400879, 13287.2529296875
493, -11304.623982097954, False, 6.710392951965332, 284, 0.6112518790281489, 0, 100000, 28.61517333984375, 12966.4697265625
494, 12400.78733430989, True, 14.51936650276184, 610, 0.6106406271491208, 0, 100000, 26.110307693481445, 13682.466796875
495, 12494.01513508649, True, 25.433691024780273, 1094, 0.6100299865219717, 0, 100000, 27.627817153930664, 13292.5986328125
496, -15285.037680663168, False, 21.056164979934692, 913, 0.6094199565354498, 0, 100000, 28.789085388183594, 13388.259765625
497, 8657.774124095857, True, 39.94808387756348, 1764, 0.6088105365789144, 0, 100000, 26.34012222290039, 14108.783203125
498, -11045.832249075174, False, 9.059593439102173, 398, 0.6082017260423355, 0, 100000, 28.05251693725586, 14084.798828125
499, 11827.148881310364, True, 13.44372272491455, 565, 0.6075935243162931, 0, 100000, 27.57651710510254, 13693.072265625
500, -11684.435782038141, False, 14.283818483352661, 607, 0.6069859307919768, 0, 100000, 27.84355926513672, 13834.208984375
501, -14704.786525458097, False, 13.641219139099121, 578, 0.6063789448611848, 0, 100000, 28.560630798339844, 14070.685546875
502, 10637.897758290172, True, 10.060819864273071, 443, 0.6057725659163237, 0, 100000, 29.22510528564453, 14612.93359375
503, -12022.2852679356, False, 14.809266805648804, 637, 0.6051667933504074, 0, 100000, 26.61178207397461, 14735.4580078125
504, -11561.273088822258, False, 6.695333957672119, 285, 0.6045616265570569, 0, 100000, 24.277183532714844, 14391.73828125
505, -11912.22838318412, False, 13.379756689071655, 581, 0.6039570649304998, 0, 100000, 26.873027801513672, 14765.4853515625
506, -11658.366735790856, False, 15.353320837020874, 666, 0.6033531078655693, 0, 100000, 25.957414627075195, 14201.060546875
507, -11198.170408009551, False, 7.961908578872681, 335, 0.6027497547577038, 0, 100000, 25.38311767578125, 13810.166015625
508, -11881.69781263941, False, 13.06012511253357, 555, 0.602147005002946, 0, 100000, 27.289871215820312, 13995.017578125
509, 12269.11021232605, True, 4.062769174575806, 168, 0.6015448579979431, 0, 100000, 28.866004943847656, 14542.3583984375
510, 11422.674981008757, True, 29.645099639892578, 1270, 0.6009433131399452, 0, 100000, 27.185205459594727, 14178.912109375
511, -13174.695878863335, False, 4.055394887924194, 170, 0.6003423698268052, 0, 100000, 28.457122802734375, 13945.939453125
512, -11768.401610182133, False, 8.021272659301758, 332, 0.5997420274569785, 0, 100000, 26.88245964050293, 14315.76953125
513, 11228.96493773302, True, 21.460408687591553, 914, 0.5991422854295215, 0, 100000, 28.35748291015625, 14320.24609375
514, -12239.911308005452, False, 3.868840456008911, 162, 0.598543143144092, 0, 100000, 33.5306396484375, 14828.087890625
515, -13092.539393195882, False, 12.63612699508667, 534, 0.5979446000009478, 0, 100000, 26.90505027770996, 14691.5283203125
516, 11527.181316436734, True, 19.349086046218872, 820, 0.5973466554009469, 0, 100000, 26.607603073120117, 15004.486328125
517, -15074.245231271721, False, 6.5134382247924805, 276, 0.596749308745546, 0, 100000, 26.164522171020508, 14867.2255859375
518, 12504.164841215126, True, 10.551204442977905, 443, 0.5961525594368005, 0, 100000, 27.90697479248047, 15001.7265625
519, -11234.811526630307, False, 15.617653131484985, 660, 0.5955564068773637, 0, 100000, 26.64008903503418, 14735.8798828125
520, 10735.017706418876, True, 16.960897207260132, 729, 0.5949608504704863, 0, 100000, 28.619140625, 15321.455078125
521, -11649.890027295798, False, 3.3441781997680664, 141, 0.5943658896200158, 0, 100000, 33.4349250793457, 15179.0634765625
522, -13526.325731694698, False, 33.982219219207764, 1466, 0.5937715237303958, 0, 100000, 27.71221351623535, 15085.013671875
523, -11852.941607539542, False, 14.526617765426636, 646, 0.5931777522066654, 0, 100000, 27.531038284301758, 15023.6552734375
524, 10706.012660542037, True, 19.729157209396362, 846, 0.5925845744544587, 0, 100000, 29.001920700073242, 15041.283203125
525, -13508.93615298532, False, 10.494685888290405, 444, 0.5919919898800042, 0, 100000, 27.59525489807129, 15480.6171875
526, 10714.264468598849, True, 14.596614360809326, 611, 0.5913999978901242, 0, 100000, 25.671199798583984, 15478.4619140625
527, -17118.01005082857, False, 11.97713041305542, 508, 0.590808597892234, 0, 100000, 30.512786865234375, 16066.130859375
528, 10665.466222926509, True, 11.444691181182861, 488, 0.5902177892943418, 0, 100000, 24.312213897705078, 15521.458984375
529, -11045.436994649703, False, 15.035301923751831, 634, 0.5896275715050474, 0, 100000, 26.78145408630371, 16083.93359375
530, 12266.25435359776, True, 4.090386390686035, 169, 0.5890379439335424, 0, 100000, 30.600839614868164, 16170.3447265625
531, 10497.721009684727, True, 22.03403353691101, 932, 0.5884489059896089, 0, 100000, 30.222627639770508, 15919.5322265625
532, -15555.086239530254, False, 39.755615234375, 1769, 0.5878604570836192, 0, 100000, 28.137388229370117, 15840.98046875
533, 12110.589533696373, True, 12.686691761016846, 562, 0.5872725966265356, 0, 100000, 31.322959899902344, 15608.4267578125
534, -11039.582737045828, False, 7.055027961730957, 301, 0.5866853240299091, 0, 100000, 31.960302352905273, 15764.6416015625
535, 11742.69033242925, True, 10.093878984451294, 426, 0.5860986387058792, 0, 100000, 28.671321868896484, 15625.9404296875
536, -11743.5999886645, False, 14.283397912979126, 599, 0.5855125400671733, 0, 100000, 31.21102523803711, 16256.01171875
537, -13053.397451222874, False, 16.777642250061035, 711, 0.5849270275271061, 0, 100000, 26.990585327148438, 15880.8271484375
538, 11309.124191142735, True, 10.186412811279297, 438, 0.584342100499579, 0, 100000, 27.70062255859375, 16639.251953125
539, -10776.92824743269, False, 14.809078454971313, 625, 0.5837577583990794, 0, 100000, 29.019575119018555, 16694.208984375
540, -10778.342672748026, False, 14.332764625549316, 605, 0.5831740006406804, 0, 100000, 30.05083656311035, 16348.7060546875
541, 12822.15083932504, True, 13.516738414764404, 569, 0.5825908266400397, 0, 100000, 28.152591705322266, 16334.5556640625
542, 8523.65430868353, True, 24.75525450706482, 1059, 0.5820082358133997, 0, 100000, 30.14522933959961, 16161.53125
543, -13958.1398752979, False, 36.137308835983276, 1592, 0.5814262275775862, 0, 100000, 28.445053100585938, 16029.6064453125
544, 12197.40142393345, True, 9.191344499588013, 398, 0.5808448013500086, 0, 100000, 30.974821090698242, 16621.5859375
545, 8496.129237301531, True, 27.22097659111023, 1158, 0.5802639565486586, 0, 100000, 26.235624313354492, 16299.6005859375
546, -10635.035727626644, False, 14.3028244972229, 602, 0.57968369259211, 0, 100000, 29.342300415039062, 15487.51171875
547, 10168.008285356103, True, 16.026151180267334, 679, 0.5791040088995179, 0, 100000, 28.514028549194336, 15645.2255859375
548, 11222.757996913744, True, 16.38734459877014, 692, 0.5785249048906184, 0, 100000, 29.829784393310547, 15533.9521484375
549, 9771.880107764155, True, 12.545331001281738, 532, 0.5779463799857277, 0, 100000, 31.011825561523438, 15338.1796875
550, 11836.21643047966, True, 16.443503618240356, 713, 0.577368433605742, 0, 100000, 29.045278549194336, 16507.171875
551, 10315.071018551243, True, 27.223341941833496, 1176, 0.5767910651721362, 0, 100000, 28.32984161376953, 15842.52734375
552, 12380.207670663483, True, 16.28389310836792, 710, 0.576214274106964, 0, 100000, 26.327428817749023, 15882.1689453125
553, -10716.902642633766, False, 4.786301374435425, 201, 0.5756380598328571, 0, 100000, 28.974262237548828, 15528.140625
554, -11441.214330509305, False, 6.086852788925171, 254, 0.5750624217730242, 0, 100000, 28.455135345458984, 15335.2255859375
555, 12221.862619446125, True, 10.817331075668335, 461, 0.5744873593512512, 0, 100000, 31.098583221435547, 15868.7041015625
556, 8236.819469365291, True, 10.99616813659668, 466, 0.5739128719918999, 0, 100000, 30.585783004760742, 15838.541015625
557, -10490.485952557996, False, 9.5740065574646, 355, 0.573338959119908, 0, 100000, 26.810672760009766, 15773.8916015625
558, -14963.622103477595, False, 35.97457933425903, 1337, 0.572765620160788, 0, 100000, 29.138471603393555, 16510.720703125
559, 11191.148490003776, True, 14.321877002716064, 546, 0.5721928545406272, 0, 100000, 28.90630340576172, 16766.126953125
560, -10949.523528844118, False, 2.178314447402954, 79, 0.5716206616860866, 0, 100000, 26.85588264465332, 16288.33203125
561, 12441.980834506452, True, 9.883384943008423, 364, 0.5710490410244006, 0, 100000, 30.540342330932617, 17033.0859375
562, 12444.700100604445, True, 11.449784755706787, 424, 0.5704779919833761, 0, 100000, 29.461166381835938, 16354.7109375
563, -10462.204443197697, False, 2.59098482131958, 95, 0.5699075139913927, 0, 100000, 28.06924819946289, 16196.65625
564, 11311.489968196489, True, 14.917817115783691, 552, 0.5693376064774013, 0, 100000, 31.157432556152344, 16837.28125
565, -10485.515152582433, False, 10.23446774482727, 379, 0.5687682688709239, 0, 100000, 32.84220504760742, 16494.716796875
566, -11348.175264455378, False, 6.184614896774292, 230, 0.5681995006020529, 0, 100000, 29.996152877807617, 16527.8125
567, -10999.899273540825, False, 13.185896873474121, 484, 0.5676313011014509, 0, 100000, 29.56884765625, 17102.076171875
568, 11273.419701608364, True, 16.3564715385437, 615, 0.5670636698003494, 0, 100000, 29.465909957885742, 16748.326171875
569, -10565.81045249477, False, 2.606534481048584, 94, 0.5664966061305491, 0, 100000, 24.403465270996094, 17703.111328125
570, -10420.969715099112, False, 13.269998788833618, 492, 0.5659301095244186, 0, 100000, 28.043655395507812, 17552.4765625
571, 12169.202756543644, True, 7.965663194656372, 297, 0.5653641794148941, 0, 100000, 31.562231063842773, 17407.009765625
572, -11159.238429646939, False, 7.913366794586182, 288, 0.5647988152354793, 0, 100000, 32.278411865234375, 17370.3828125
573, -12131.401469526114, False, 11.271795988082886, 447, 0.5642340164202437, 0, 100000, 30.20683479309082, 17213.685546875
574, 11674.2002672542, True, 15.35037612915039, 651, 0.5636697824038235, 0, 100000, 31.362354278564453, 16836.30078125
575, -10622.822299220134, False, 12.80516004562378, 538, 0.5631061126214196, 0, 100000, 29.089330673217773, 16566.837890625
576, -12077.758397215512, False, 18.11202073097229, 781, 0.5625430065087982, 0, 100000, 29.212020874023438, 16574.908203125
577, -11066.745392336394, False, 15.3920316696167, 665, 0.5619804635022894, 0, 100000, 29.55125617980957, 16702.34375
578, 11396.867115303874, True, 17.800369262695312, 766, 0.561418483038787, 0, 100000, 28.626663208007812, 16078.07421875
579, -10730.391796480864, False, 21.259770154953003, 929, 0.5608570645557482, 0, 100000, 30.443470001220703, 15290.703125
580, -12070.914699258283, False, 22.40006375312805, 975, 0.5602962074911925, 0, 100000, 28.603988647460938, 15287.1923828125
581, 12598.965147450566, True, 8.950976133346558, 383, 0.5597359112837013, 0, 100000, 26.414710998535156, 15308.9990234375
582, -11501.152210848406, False, 8.76137089729309, 370, 0.5591761753724176, 0, 100000, 33.73949432373047, 15740.6455078125
583, -11886.860945185414, False, 7.76747727394104, 330, 0.5586169991970452, 0, 100000, 29.46864891052246, 15807.359375
584, 11212.379552296363, True, 17.50308632850647, 736, 0.5580583821978482, 0, 100000, 31.67410659790039, 15250.2001953125
585, 11417.795038941607, True, 24.170713186264038, 1034, 0.5575003238156504, 0, 100000, 29.380861282348633, 15309.28515625
586, -11047.34454715997, False, 5.3661580085754395, 226, 0.5569428234918348, 0, 100000, 31.877260208129883, 16195.4833984375
587, 11899.048948945245, True, 25.479393243789673, 1082, 0.5563858806683429, 0, 100000, 31.25161361694336, 15704.173828125
588, 12708.346929501742, True, 12.432536840438843, 530, 0.5558294947876746, 0, 100000, 29.74156379699707, 15629.21484375
589, -14057.219918624702, False, 18.2621169090271, 792, 0.5552736652928869, 0, 100000, 30.4932918548584, 15728.3310546875
590, 12532.541422311217, True, 8.93616533279419, 387, 0.5547183916275941, 0, 100000, 30.447599411010742, 15995.0283203125
591, 12291.475018845871, True, 10.866997003555298, 463, 0.5541636732359665, 0, 100000, 32.086212158203125, 15794.5810546875
592, 11118.040251547296, True, 10.535129070281982, 445, 0.5536095095627305, 0, 100000, 31.011890411376953, 15838.51171875
593, 12203.193374550436, True, 21.999948978424072, 940, 0.5530559000531677, 0, 100000, 30.286405563354492, 15827.400390625
594, 11000.175209194422, True, 18.482869386672974, 797, 0.5525028441531146, 0, 100000, 30.751585006713867, 15758.7890625
595, 11140.821932937193, True, 26.730437755584717, 1153, 0.5519503413089615, 0, 100000, 30.22367286682129, 15626.6484375
596, -10506.252862582915, False, 15.635712146759033, 680, 0.5513983909676525, 0, 100000, 29.703413009643555, 15394.9501953125
597, 12600.204508698662, True, 22.67745089530945, 978, 0.5508469925766849, 0, 100000, 29.657968521118164, 15446.51953125
598, -11343.425389450043, False, 4.606810808181763, 193, 0.5502961455841082, 0, 100000, 31.976957321166992, 15633.80078125
599, 12122.043408780359, True, 14.262077808380127, 608, 0.5497458494385241, 0, 100000, 32.312313079833984, 15979.41796875
600, -12481.32151969336, False, 6.2359607219696045, 259, 0.5491961035890855, 0, 100000, 29.027008056640625, 15314.623046875
601, 12577.807544864136, True, 8.692799806594849, 367, 0.5486469074854965, 0, 100000, 34.89679718017578, 16259.0791015625
602, -11929.939085211488, False, 10.27873706817627, 434, 0.548098260578011, 0, 100000, 27.765411376953125, 15935.88671875
603, 10525.751747486647, True, 27.12609601020813, 1163, 0.547550162317433, 0, 100000, 29.575374603271484, 16172.2353515625
604, 12135.473313227296, True, 18.19687533378601, 797, 0.5470026121551156, 0, 100000, 34.79079055786133, 16117.2568359375
605, -11185.1038882609, False, 7.594458818435669, 326, 0.5464556095429605, 0, 100000, 33.43094253540039, 16443.388671875
606, -11652.113255486474, False, 18.186015129089355, 775, 0.5459091539334175, 0, 100000, 31.78195571899414, 16270.4541015625
607, -14786.234813312069, False, 22.89188861846924, 979, 0.5453632447794842, 0, 100000, 32.73954772949219, 16570.064453125
608, 12427.332260428462, True, 12.035284757614136, 513, 0.5448178815347047, 0, 100000, 29.945781707763672, 16250.6845703125
609, -12121.6033053149, False, 23.96618151664734, 1035, 0.54427306365317, 0, 100000, 30.743261337280273, 16651.13671875
610, -12373.838658406377, False, 9.806615591049194, 419, 0.5437287905895168, 0, 100000, 30.245100021362305, 16497.78515625
611, 12543.844425727148, True, 15.092495203018188, 644, 0.5431850617989273, 0, 100000, 32.8486213684082, 16583.998046875
612, -13962.727380797034, False, 9.979943990707397, 403, 0.5426418767371284, 0, 100000, 32.32777786254883, 16163.642578125
613, -11022.266160180792, False, 9.863649368286133, 417, 0.5420992348603912, 0, 100000, 34.176475524902344, 17487.080078125
614, 12225.726451880299, True, 27.688809156417847, 1187, 0.5415571356255309, 0, 100000, 30.321542739868164, 16356.9755859375
615, 12459.576255549677, True, 12.612796545028687, 542, 0.5410155784899053, 0, 100000, 31.116268157958984, 15594.1240234375
616, -13287.19555016607, False, 4.794735670089722, 202, 0.5404745629114154, 0, 100000, 33.75975799560547, 16175.2119140625
617, 12498.085269946372, True, 13.987162828445435, 588, 0.539934088348504, 0, 100000, 32.63333511352539, 16331.9833984375
618, -20016.329214155674, False, 13.503929138183594, 579, 0.5393941542601555, 0, 100000, 32.4786376953125, 16485.869140625
619, 11777.285743425018, True, 15.588169813156128, 666, 0.5388547601058953, 0, 100000, 30.58677101135254, 17008.19140625
620, -11479.490132351391, False, 22.09782910346985, 935, 0.5383159053457894, 0, 100000, 27.81415557861328, 17323.2421875
621, 11585.131647195129, True, 10.758241653442383, 454, 0.5377775894404436, 0, 100000, 28.890647888183594, 16837.619140625
622, -17358.92461540131, False, 43.49479651451111, 1886, 0.5372398118510032, 0, 100000, 30.597518920898438, 16998.0703125
623, -13166.655091244727, False, 11.323742866516113, 500, 0.5367025720391522, 0, 100000, 30.14158821105957, 16832.169921875
624, -10769.928182682954, False, 3.199272632598877, 135, 0.536165869467113, 0, 100000, 32.92110061645508, 17500.970703125
625, 12522.191721506417, True, 9.71496844291687, 414, 0.5356297035976458, 0, 100000, 32.10728454589844, 17380.26171875
626, -11444.153008224443, False, 14.943720579147339, 632, 0.5350940738940482, 0, 100000, 32.06747055053711, 16933.05859375
627, -10804.831173088402, False, 6.807321310043335, 283, 0.5345589798201541, 0, 100000, 29.790515899658203, 16519.806640625
628, 12305.143281278957, True, 17.106757164001465, 733, 0.534024420840334, 0, 100000, 31.978483200073242, 16953.69921875
629, -13408.616483937614, False, 14.213754653930664, 602, 0.5334903964194936, 0, 100000, 31.360740661621094, 16975.662109375
630, 11066.513267760805, True, 18.246643543243408, 784, 0.5329569060230741, 0, 100000, 32.755516052246094, 17187.224609375
631, 12041.378765805392, True, 24.766870737075806, 1041, 0.532423949117051, 0, 100000, 33.376895904541016, 16612.611328125
632, -13072.385742707644, False, 18.480875253677368, 796, 0.531891525167934, 0, 100000, 32.23699188232422, 16425.056640625
633, 11132.373940794729, True, 25.644593477249146, 1121, 0.5313596336427661, 0, 100000, 31.353078842163086, 16992.671875
634, 11511.852740876377, True, 14.971561908721924, 654, 0.5308282740091232, 0, 100000, 32.92183303833008, 16512.689453125
635, 12383.984034096822, True, 14.53230619430542, 626, 0.5302974457351142, 0, 100000, 32.67854690551758, 16944.240234375
636, -11408.245618647896, False, 15.156750440597534, 650, 0.5297671482893791, 0, 100000, 31.39947509765625, 16868.4453125
637, -10825.963778671809, False, 2.891954183578491, 120, 0.5292373811410898, 0, 100000, 33.813819885253906, 17538.181640625
638, 12573.941780881025, True, 9.807508707046509, 421, 0.5287081437599487, 0, 100000, 31.6274356842041, 17237.712890625
639, 9728.556111135673, True, 21.211440086364746, 923, 0.5281794356161887, 0, 100000, 33.56840896606445, 17099.802734375
640, 5025.326254499843, True, 34.91030788421631, 1523, 0.5276512561805725, 0, 100000, 31.91098976135254, 17279.91015625
641, -305.42202644082863, False, 44.41397738456726, 1998, 0.5271236049243919, 0, 100000, 32.01558303833008, 17056.55859375
642, 12382.688631105702, True, 16.083024263381958, 705, 0.5265964813194676, 0, 100000, 32.793758392333984, 16118.361328125
643, 7425.877912101336, True, 17.664357900619507, 740, 0.5260698848381481, 0, 100000, 31.69548988342285, 16386.423828125
644, -13071.31279866863, False, 16.302125215530396, 691, 0.5255438149533099, 0, 100000, 29.524534225463867, 16219.6630859375
645, -13672.175339880632, False, 35.67306399345398, 1508, 0.5250182711383566, 0, 100000, 31.354196548461914, 15584.4228515625
646, -14001.581190610974, False, 21.045520305633545, 926, 0.5244932528672183, 0, 100000, 31.179115295410156, 15480.7900390625
647, 11440.318054709584, True, 14.123254537582397, 604, 0.5239687596143511, 0, 100000, 30.629230499267578, 15541.96484375
648, 11556.95205729839, True, 18.30113959312439, 773, 0.5234447908547367, 0, 100000, 28.931461334228516, 15116.2275390625
649, -12543.320705357939, False, 5.202889919281006, 219, 0.522921346063882, 0, 100000, 28.329681396484375, 15295.7109375
650, 12314.136039634002, True, 16.039615631103516, 669, 0.522398424717818, 0, 100000, 30.54859161376953, 15815.2509765625
651, -13557.25910103321, False, 4.460500240325928, 183, 0.5218760262931003, 0, 100000, 30.01751136779785, 15935.8916015625
652, 12537.828214341775, True, 14.999516010284424, 627, 0.5213541502668072, 0, 100000, 30.33367347717285, 16209.783203125
653, 12911.032911228016, True, 18.649083614349365, 789, 0.5208327961165404, 0, 100000, 32.284969329833984, 15906.41796875
654, -11562.511131329928, False, 5.172940492630005, 215, 0.5203119633204238, 0, 100000, 33.88959503173828, 14909.0986328125
655, 12268.696745365858, True, 3.9947898387908936, 162, 0.5197916513571034, 0, 100000, 28.721670150756836, 14901.19140625
656, -11121.388764757663, False, 4.8127501010894775, 196, 0.5192718597057463, 0, 100000, 31.10704803466797, 15184.658203125
657, 9722.053020738764, True, 15.781926155090332, 661, 0.5187525878460405, 0, 100000, 30.68195915222168, 15377.357421875
658, 12853.706277530058, True, 17.992083072662354, 759, 0.5182338352581944, 0, 100000, 33.52167510986328, 15548.1884765625
659, -11411.160691685509, False, 17.561424732208252, 741, 0.5177156014229363, 0, 100000, 33.62709426879883, 15530.4970703125
660, 12463.666663126787, True, 11.114369630813599, 472, 0.5171978858215134, 0, 100000, 30.960966110229492, 15625.89453125
661, -10128.230805096216, False, 17.299188375473022, 735, 0.5166806879356919, 0, 100000, 29.750656127929688, 15064.2314453125
662, 12232.546092029661, True, 4.117512226104736, 170, 0.5161640072477562, 0, 100000, 31.819625854492188, 14221.4619140625
663, -12039.352139040828, False, 3.919851779937744, 159, 0.5156478432405085, 0, 100000, 25.74004554748535, 14886.3935546875
664, 12254.33390775323, True, 4.000601530075073, 159, 0.515132195397268, 0, 100000, 25.661344528198242, 14269.4873046875
665, -13022.209651642683, False, 9.027276992797852, 370, 0.5146170632018707, 0, 100000, 29.548843383789062, 14494.3056640625
