episode, reward, duration, n_steps, epsilon, success_count, memory length
601, 687.3718926906586, 1.7090246677398682, 66, 0.5502961455841082, 0, 90383
603, 1434.3751950263977, 8.27462649345398, 322, 0.5491961035890855, 0, 90704
605, -781.8594515081495, 3.109733819961548, 125, 0.548098260578011, 0, 90828
606, 1642.8998070955276, 9.950586795806885, 414, 0.547550162317433, 0, 91241
607, -542.5818810164928, 4.910008907318115, 199, 0.5470026121551156, 0, 91439
608, 1034.707074046135, 5.416370153427124, 206, 0.5464556095429605, 0, 91644
609, 1240.2322087287903, 7.005770206451416, 261, 0.5459091539334175, 0, 91904
611, -327.87423473596573, 6.963778734207153, 259, 0.5448178815347047, 0, 92162
612, -39.24079084396362, 9.200146675109863, 353, 0.54427306365317, 0, 92514
613, 108.81774377822876, 10.959370851516724, 424, 0.5437287905895168, 0, 92937
614, 1070.3496181964874, 5.382761240005493, 216, 0.5431850617989273, 0, 93152
616, 566.7789488736307, 15.035372495651245, 601, 0.5420992348603912, 0, 93752
617, -352.15021657943726, 6.780308246612549, 272, 0.5415571356255309, 0, 94023
618, -373.67060989979655, 7.35044527053833, 274, 0.5410155784899053, 0, 94296
619, 1473.3022627830505, 9.639201879501343, 362, 0.5404745629114154, 0, 94657
620, -37.381762037053704, 10.905173540115356, 425, 0.539934088348504, 0, 95081
621, 147.755530834198, 11.034664869308472, 437, 0.5393941542601555, 0, 95517
622, 1622.9111129045486, 9.940108299255371, 404, 0.5388547601058953, 0, 95920
624, -489.8054361343384, 6.476581811904907, 262, 0.5377775894404436, 0, 96181
625, 4.3058154582977295, 9.095016717910767, 365, 0.5372398118510032, 0, 96545
626, -516.7545222043991, 4.710772275924683, 186, 0.5367025720391522, 0, 96730
627, 1068.482028245926, 5.547229766845703, 219, 0.536165869467113, 0, 96948
629, -388.12508456222713, 7.177363872528076, 285, 0.5350940738940482, 0, 97232
630, -524.2602138519287, 4.569955110549927, 182, 0.5345589798201541, 0, 97413
631, -375.06154843838885, 7.125205993652344, 284, 0.534024420840334, 0, 97696
632, -529.9646584689617, 4.619204521179199, 182, 0.5334903964194936, 0, 97877
633, 1538.2207535505295, 9.36939525604248, 375, 0.5329569060230741, 0, 98251
634, 2662.994030892849, 19.98863697052002, 804, 0.532423949117051, 0, 99054
635, 2246.538502883166, 16.449308395385742, 659, 0.531891525167934, 0, 99712
636, 867.6283187866211, 17.735763549804688, 710, 0.5313596336427661, 0, 100000
637, 1615.7626268863678, 9.653404235839844, 390, 0.5308282740091232, 0, 100000
638, 2669.329005509615, 19.95900797843933, 795, 0.5302974457351142, 0, 100000
639, -379.75096756219864, 5.997114419937134, 265, 0.5297671482893791, 0, 100000
640, -433.96534131094813, 5.14490008354187, 222, 0.5292373811410898, 0, 100000
641, 524.1973158121109, 12.630833387374878, 581, 0.5287081437599487, 0, 100000
642, 1782.623701453209, 9.828837633132935, 455, 0.5281794356161887, 0, 100000
644, -494.94146221503615, 5.703929424285889, 264, 0.5271236049243919, 0, 100000
645, 1016.2147407531738, 4.041601181030273, 186, 0.5265964813194676, 0, 100000
648, 354.0385367870331, 11.844953060150146, 544, 0.5250182711383566, 0, 100000
649, 152.46923488378525, 9.332988739013672, 425, 0.5244932528672183, 0, 100000
650, -394.5204895325005, 5.093569040298462, 238, 0.5239687596143511, 0, 100000
651, 335.45924231410027, 11.109287023544312, 515, 0.5234447908547367, 0, 100000
652, 523.4439401626587, 12.85818600654602, 595, 0.522921346063882, 0, 100000
653, 310.65907222032547, 10.593024969100952, 492, 0.522398424717818, 0, 100000
654, -188.47508363425732, 8.243975639343262, 384, 0.5218760262931003, 0, 100000
655, -438.4530631676316, 4.756943225860596, 220, 0.5213541502668072, 0, 100000
656, 1652.6683824062347, 9.28255844116211, 415, 0.5208327961165404, 0, 100000
657, -921.7726889848709, 2.0780417919158936, 95, 0.5203119633204238, 0, 100000
658, -433.5627602636814, 4.867934942245483, 218, 0.5197916513571034, 0, 100000
659, 395.5187756717205, 11.244436740875244, 526, 0.5192718597057463, 0, 100000
660, 300.47330445051193, 10.711673259735107, 494, 0.5187525878460405, 0, 100000
661, -244.37491765618324, 7.7898595333099365, 357, 0.5182338352581944, 0, 100000
662, -397.2394886612892, 5.034841060638428, 227, 0.5177156014229363, 0, 100000
663, 1712.005854010582, 9.8146493434906, 454, 0.5171978858215134, 0, 100000
664, 1130.490163385868, 5.5840818881988525, 256, 0.5166806879356919, 0, 100000
666, -982.6957757025957, 1.225722312927246, 53, 0.5156478432405085, 0, 100000
667, 1762.2069816589355, 9.56314754486084, 438, 0.515132195397268, 0, 100000
669, -969.879531693412, 1.560633659362793, 68, 0.5141024461386688, 0, 100000
670, 1028.9101190567017, 4.041928052902222, 186, 0.5135883436925301, 0, 100000
672, -848.4166427850723, 1.7572941780090332, 74, 0.5125616805934888, 0, 100000
673, -177.7275193054229, 8.662123918533325, 395, 0.5120491189128954, 0, 100000
674, 1759.789390206337, 9.919493198394775, 449, 0.5115370697939825, 0, 100000
676, -988.9173393864185, 1.7336628437042236, 79, 0.5105145071914643, 0, 100000
677, 1681.736344575882, 9.178473234176636, 423, 0.5100039926842729, 0, 100000
679, -995.3396104248241, 2.307569980621338, 105, 0.508984494702897, 0, 100000
680, -302.978596998204, 7.218936204910278, 333, 0.508475510208194, 0, 100000
681, 1716.205981850624, 9.495815515518188, 438, 0.5079670346979859, 0, 100000
683, 1857.2659801933914, 11.84379267692566, 538, 0.5069516085956246, 0, 100000
685, 1608.2770568365231, 9.809589385986328, 448, 0.505938212330042, 0, 100000
687, 2271.8401556015015, 14.318263053894043, 616, 0.5049268418435943, 0, 100000
689, -977.3653153292835, 1.2397887706756592, 54, 0.5039174930867489, 0, 100000
690, -392.9217356443405, 4.957730770111084, 229, 0.5034135755936622, 0, 100000
691, -409.4269673526287, 4.930222749710083, 227, 0.5029101620180685, 0, 100000
692, -123.80375859560445, 11.244310855865479, 524, 0.5024072518560504, 0, 100000
693, 1016.8043689727783, 3.884490966796875, 177, 0.5019048446041944, 0, 100000
694, -730.6959617137909, 2.6938138008117676, 122, 0.5014029397595902, 0, 100000
695, 1734.5351958274841, 9.661150693893433, 450, 0.5009015368198305, 0, 100000
697, -967.5378749328665, 1.837918996810913, 78, 0.4999002346477277, 0, 100000
698, -407.3775328397751, 4.880690813064575, 228, 0.49940033441307996, 0, 100000
699, 1037.3387567996979, 4.009753227233887, 183, 0.49890093407866687, 0, 100000
700, -781.3292501866817, 2.6605472564697266, 121, 0.4984020331445882, 0, 100000
701, 107.774509370327, 8.861984014511108, 410, 0.4979036311114436, 0, 100000
702, -400.85080420970917, 4.809520721435547, 223, 0.4974057274803321, 0, 100000
703, 360.9797364473343, 11.10979700088501, 524, 0.49690832175285177, 0, 100000
704, -256.9043725966476, 8.848782539367676, 406, 0.4964114134310989, 0, 100000
705, 366.84187042713165, 11.375129222869873, 521, 0.4959150020176678, 0, 100000
706, -337.3827000260353, 8.615427732467651, 356, 0.49541908701565013, 0, 100000
707, 1027.9741876125336, 3.972869634628296, 180, 0.49492366792863446, 0, 100000
710, 1632.7590201199055, 9.133721113204956, 419, 0.4934403812009287, 0, 100000
712, -336.17189688095823, 6.491191148757935, 295, 0.49245399387890804, 0, 100000
713, 1185.0575555562973, 5.880553483963013, 269, 0.4919615398850291, 0, 100000
714, 1502.9043005108833, 8.618616580963135, 393, 0.4914695783451441, 0, 100000
715, 1743.5936951637268, 9.347615242004395, 426, 0.4909781087667989, 0, 100000
717, 2069.9050629138947, 11.937115669250488, 546, 0.4899966435273741, 0, 100000
718, -482.95045763254166, 5.312471866607666, 239, 0.4895066468838467, 0, 100000
719, -396.83814388513565, 5.101896286010742, 231, 0.48901714023696286, 0, 100000
720, -302.669973494485, 7.330895185470581, 335, 0.4885281230967259, 0, 100000
721, 1642.238002538681, 9.024117708206177, 407, 0.48803959497362914, 0, 100000
722, 1865.9725598059595, 12.1005699634552, 558, 0.4875515553786555, 0, 100000
725, 1513.9108698368073, 9.863071918487549, 449, 0.48609036287963414, 0, 100000
726, 1686.691717594862, 9.93113374710083, 461, 0.48560427251675453, 0, 100000
728, -653.1854799985886, 3.6966187953948975, 170, 0.4846335495759935, 0, 100000
729, 1799.996431350708, 10.080815553665161, 468, 0.4841489160264175, 0, 100000
731, -917.0576141476631, 1.5481338500976562, 67, 0.4831811023432807, 0, 100000
732, 347.6195693016052, 11.0980064868927, 514, 0.4826979212409374, 0, 100000
733, -248.26720409095287, 7.176408052444458, 326, 0.48221522331969646, 0, 100000
734, 230.74037051200867, 12.09280514717102, 492, 0.48173300809637676, 0, 100000
735, 2143.696237027645, 12.973787784576416, 590, 0.48125127508828036, 0, 100000
737, 1333.6037875181064, 19.755740880966187, 909, 0.48028925378937887, 0, 100000
738, 1781.6999728679657, 9.810646295547485, 454, 0.47980896453558947, 0, 100000
739, 2387.986653121654, 15.968306303024292, 737, 0.4793291555710539, 0, 100000
741, 1546.9712272882462, 8.963390111923218, 410, 0.47837097658906735, 0, 100000
743, 264.457055747509, 10.314253091812134, 472, 0.4774147130068658, 0, 100000
744, 71.73869067430496, 8.750608921051025, 396, 0.4769372982938589, 0, 100000
745, 142.49779731035233, 9.221691846847534, 423, 0.47646036099556505, 0, 100000
746, 326.5046519935131, 11.337204456329346, 517, 0.47598390063456947, 0, 100000
747, 2199.070191502571, 13.512611627578735, 618, 0.4755079167339349, 0, 100000
748, -199.9746220856905, 7.72813606262207, 335, 0.47503240881720094, 0, 100000
749, -401.9371769428253, 5.219343900680542, 236, 0.47455737640838375, 0, 100000
750, 1672.8096117973328, 8.97426724433899, 413, 0.47408281903197536, 0, 100000
752, -950.3164827637374, 2.9411332607269287, 131, 0.4731351274767304, 0, 100000
753, 1765.0301402807236, 9.715271234512329, 442, 0.4726619923492537, 0, 100000
755, 1830.6679685283452, 13.167783975601196, 604, 0.47171714102654755, 0, 100000
757, 93.20795837044716, 10.612419128417969, 479, 0.47077417846163544, 0, 100000
758, -266.4414091408253, 6.937832593917847, 318, 0.4703034042831738, 0, 100000
759, -409.0444657802582, 4.996812343597412, 228, 0.46983310087889063, 0, 100000
760, 1770.6250545978546, 9.791666746139526, 449, 0.46936326777801174, 0, 100000
762, -978.7282989025116, 1.0841071605682373, 47, 0.4684250106057235, 0, 100000
763, 2130.355256944895, 13.891664028167725, 636, 0.46795658559511777, 0, 100000
764, -533.1571174059063, 4.9882495403289795, 228, 0.46748862900952265, 0, 100000
765, 1006.9656965732574, 4.014346122741699, 177, 0.4670211403805131, 0, 100000
768, 470.0263041257858, 12.162659645080566, 552, 0.4656214775557716, 0, 100000
769, -264.2321704477072, 6.866563558578491, 315, 0.46515585607821586, 0, 100000
770, -1.88869708776474, 8.55427360534668, 389, 0.46469070022213765, 0, 100000
771, 1694.1583960056305, 9.249601602554321, 427, 0.4642260095219155, 0, 100000
773, -972.9122358635068, 2.1989524364471436, 99, 0.46329802172888124, 0, 100000
774, -457.3942894935608, 5.007612705230713, 210, 0.46283472370715234, 0, 100000
775, 1165.6809453964233, 5.821885824203491, 262, 0.46237188898344517, 0, 100000
777, 1523.5490839481354, 8.25263524055481, 373, 0.46144760757736725, 0, 100000
779, -851.7983029484749, 1.600229024887085, 71, 0.46052517380982005, 0, 100000
780, -229.8332131326897, 7.463708400726318, 340, 0.4600646486360102, 0, 100000
781, -426.34222704172134, 4.9939165115356445, 223, 0.4596045839873742, 0, 100000
782, 1751.6401302814484, 9.507006406784058, 438, 0.45914497940338683, 0, 100000
785, -515.8307814598083, 4.396564722061157, 194, 0.45776892144096987, 0, 100000
786, -399.77534705400467, 5.028605699539185, 230, 0.4573111525195289, 0, 100000
787, 530.2820945978165, 12.858330249786377, 580, 0.4568538413670094, 0, 100000
788, 349.38654613494873, 11.432629108428955, 527, 0.4563969875256424, 0, 100000
789, 1133.8110098838806, 5.263856410980225, 238, 0.45594059053811675, 0, 100000
791, -819.4296672940254, 2.157971143722534, 94, 0.45502916529763104, 0, 100000
792, 1161.4955471158028, 5.465166091918945, 256, 0.45457413613233344, 0, 100000
794, 2423.203477740288, 14.402636289596558, 663, 0.4536654424342049, 0, 100000
796, 1952.6256965398788, 11.938367366790771, 554, 0.452758565214779, 0, 100000
798, -508.051120698452, 4.957300186157227, 221, 0.45185350084291465, 0, 100000
799, -265.94617818295956, 6.917055368423462, 319, 0.4514016473420717, 0, 100000
800, 1242.4508926272392, 6.428778171539307, 295, 0.45095024569472963, 0, 100000
801, 1046.5359618663788, 5.018041133880615, 230, 0.4504992954490349, 0, 100000
803, -626.2141140252352, 3.9337875843048096, 178, 0.44959874735743227, 0, 100000
804, -403.4488014578819, 5.130740404129028, 233, 0.4491491486100748, 0, 100000
805, 295.6055491864681, 10.784026145935059, 496, 0.44869999946146477, 0, 100000
806, 1157.2194752693176, 5.6733996868133545, 257, 0.4482512994620033, 0, 100000
808, 886.6499468684196, 15.19555401802063, 695, 0.44735524511437874, 0, 100000
809, -400.7784671783447, 5.226864814758301, 239, 0.4469078898692644, 0, 100000
810, -250.45708110183477, 7.1157310009002686, 325, 0.4464609819793951, 0, 100000
811, 1667.853051662445, 9.224911212921143, 418, 0.44601452099741573, 0, 100000
812, 1685.9207572937012, 11.115212678909302, 469, 0.4455685064764183, 0, 100000
815, 251.94248431921005, 10.2398202419281, 463, 0.44423313721693997, 0, 100000
816, 1678.4232512712479, 9.42012619972229, 424, 0.44378890407972305, 0, 100000
818, -907.5357573032379, 1.3919694423675537, 62, 0.4429017700604677, 0, 100000
819, 20.061587929725647, 9.061220645904541, 413, 0.44245886829040726, 0, 100000
820, -259.36316442489624, 6.998385429382324, 315, 0.44201640942211684, 0, 100000
821, -60.391665518283844, 8.142926692962646, 375, 0.44157439301269474, 0, 100000
822, 292.2169514000416, 11.137571096420288, 510, 0.44113281861968207, 0, 100000
823, 177.99397259950638, 9.443578958511353, 434, 0.4406916858010624, 0, 100000
824, 23.804393708705902, 8.913389921188354, 414, 0.4402509941152613, 0, 100000
825, 1119.2968419790268, 5.065197944641113, 232, 0.43981074312114604, 0, 100000
827, -20.166438814252615, 8.73371934890747, 402, 0.4389315614456469, 0, 100000
828, 84.81348657608032, 9.381846904754639, 406, 0.43849262988420123, 0, 100000
829, 1006.7912695407867, 3.8842759132385254, 176, 0.438054137254317, 0, 100000
831, 213.9218841791153, 9.906763315200806, 443, 0.43717846703394564, 0, 100000
832, 987.8242373466492, 3.9002604484558105, 169, 0.4367412885669117, 0, 100000
834, 1587.954058662057, 9.12857985496521, 408, 0.43586824273106645, 0, 100000
836, -168.25960034132004, 7.523684501647949, 329, 0.43499694211384704, 0, 100000
837, -381.8680260181427, 5.56119966506958, 248, 0.4345619451717332, 0, 100000
838, 1662.6458101272583, 9.17858099937439, 410, 0.43412738322656147, 0, 100000
840, -883.5824155211449, 1.6581263542175293, 75, 0.43325956258749154, 0, 100000
841, 1666.505902171135, 9.19394564628601, 411, 0.43282630302490405, 0, 100000
843, -958.8045527916402, 1.5787193775177002, 67, 0.4319610832451573, 0, 100000
844, -281.48689740896225, 6.730540752410889, 297, 0.43152912216191214, 0, 100000
845, 133.5382451415062, 9.425954818725586, 424, 0.4310975930397502, 0, 100000
846, 1669.0343487262726, 9.052080869674683, 412, 0.43066649544671043, 0, 100000
848, 1687.3946611434221, 10.123539447784424, 449, 0.4298055931223125, 0, 100000
849, 18.2322056889534, 11.874135732650757, 536, 0.42937578752919014, 0, 100000
850, 154.96711963415146, 9.693507194519043, 436, 0.4289464117416609, 0, 100000
851, 1655.1529334243387, 9.299497365951538, 421, 0.42851746532991924, 0, 100000
852, 1359.7556571969762, 33.32140517234802, 1498, 0.42808894786458934, 0, 100000
853, -60.18331068754196, 8.91155195236206, 397, 0.42766085891672473, 0, 100000
854, 475.93547463417053, 12.589011430740356, 570, 0.427233198057808, 0, 100000
855, -384.6209096759558, 8.189412832260132, 370, 0.4268059648597502, 0, 100000
856, -483.60617147700395, 8.532534122467041, 333, 0.4263791588948904, 0, 100000
857, 1653.8615299463272, 9.261625528335571, 412, 0.42595277973599555, 0, 100000
858, -895.5306969285011, 3.395310163497925, 150, 0.42552682695625954, 0, 100000
859, 1657.7076915502548, 9.277404546737671, 410, 0.4251013001293033, 0, 100000
860, -901.1625605225563, 3.1032211780548096, 136, 0.424676198829174, 0, 100000
861, 1026.8691148757935, 4.0183820724487305, 182, 0.4242515226303448, 0, 100000
863, 229.43318730592728, 10.20312786102295, 448, 0.4234034438366067, 0, 100000
864, 416.9692831635475, 12.76918911933899, 544, 0.4229800403927701, 0, 100000
865, 453.0671938061714, 12.814080238342285, 552, 0.42255706035237733, 0, 100000
866, -10.440049707889557, 9.391448974609375, 412, 0.42213450329202495, 0, 100000
867, 1593.683644413948, 8.994483470916748, 388, 0.4217123687887329, 0, 100000
868, -633.733979347162, 12.710824489593506, 561, 0.4212906564199442, 0, 100000
869, 1724.4010498821735, 9.79544997215271, 431, 0.42086936576352424, 0, 100000
871, -985.7433852851391, 0.9839143753051758, 41, 0.42002804790136294, 0, 100000
872, 1743.9210583940148, 9.890783786773682, 438, 0.4196080198534616, 0, 100000
874, -596.3211539983749, 3.6873583793640137, 163, 0.41876922342177453, 0, 100000
875, -305.56483095884323, 6.969686269760132, 314, 0.41835045419835276, 0, 100000
876, -325.4394183754921, 6.889259338378906, 307, 0.4179321037441544, 0, 100000
877, 1699.2790042161942, 9.483654737472534, 432, 0.41751417164041027, 0, 100000
879, 1816.0218528062105, 11.476595401763916, 525, 0.4166795608113011, 0, 100000
881, -968.1496282964945, 2.3258440494537354, 103, 0.41584661836923925, 0, 100000
882, 1778.216618925333, 10.020533084869385, 451, 0.41543077175087, 0, 100000
883, -537.6688976287842, 4.649296760559082, 212, 0.41501534097911913, 0, 100000
884, 511.75223184376955, 12.627845525741577, 578, 0.41460032563814003, 0, 100000
885, -574.1879428178072, 11.714380264282227, 529, 0.4141857253125019, 0, 100000
886, -301.58341521024704, 7.726583242416382, 352, 0.41377153958718943, 0, 100000
887, -236.78830962255597, 8.089975833892822, 367, 0.4133577680476022, 0, 100000
888, -277.56360551714897, 7.058669090270996, 324, 0.4129444102795546, 0, 100000
889, 1032.162961602211, 5.376475811004639, 202, 0.412531465869275, 0, 100000
890, -291.0985625386238, 5.754719495773315, 256, 0.41211893440340575, 0, 100000
891, 268.3215992450714, 10.67162036895752, 475, 0.41170681546900234, 0, 100000
892, 2019.6260940432549, 13.536005735397339, 607, 0.41129510865353336, 0, 100000
893, -593.0733332633972, 6.019145488739014, 267, 0.41088381354487985, 0, 100000
894, 913.1620411872864, 3.940018653869629, 146, 0.410472929731335, 0, 100000
895, 791.7377146929502, 15.484663009643555, 688, 0.41006245680160364, 0, 100000
896, 983.9341039657593, 4.074325323104858, 177, 0.40965239434480205, 0, 100000
898, 1807.4717545509338, 11.13204574584961, 484, 0.40883349920850676, 0, 100000
900, -779.3888118863106, 3.2842588424682617, 145, 0.40801624104358897, 0, 100000
901, -471.0414753854275, 5.700375080108643, 229, 0.4076082248025454, 0, 100000
902, -423.4821306467056, 5.665009021759033, 244, 0.4072006165777428, 0, 100000
903, 1730.4602019786835, 9.676311254501343, 432, 0.4067934159611651, 0, 100000
904, -555.8150450587273, 4.298148155212402, 188, 0.4063866225452039, 0, 100000
905, 1649.6966128349304, 9.340010643005371, 413, 0.4059802359226587, 0, 100000
908, -459.2785532772541, 9.592464208602905, 437, 0.4047635127496183, 0, 100000
909, 1656.1286984682083, 9.149677515029907, 413, 0.4043587492368687, 0, 100000
910, -852.5304661095142, 3.101423501968384, 141, 0.4039543904876318, 0, 100000
911, -959.991333335638, 18.611544609069824, 846, 0.4035504360971442, 0, 100000
912, -292.58486843458377, 7.2964630126953125, 325, 0.40314688566104706, 0, 100000
913, 2063.4638215899467, 13.338858604431152, 602, 0.402743738775386, 0, 100000
915, -615.8742218613625, 4.499262809753418, 199, 0.401938654041574, 0, 100000
916, -290.08496149722487, 9.946212530136108, 448, 0.4015367153875324, 0, 100000
917, 1625.4592018127441, 9.03603219985962, 398, 0.4011351786721449, 0, 100000
919, -388.4896660745144, 8.4579017162323, 371, 0.40033330944997925, 0, 100000
920, 1787.9809799268842, 10.128746509552002, 452, 0.39993297614052925, 0, 100000
922, -1058.6839918056503, 1.6140968799591064, 69, 0.39913351012122433, 0, 100000
923, -404.6778184771538, 5.475720167160034, 242, 0.3987343766111031, 0, 100000
924, -370.06172888725996, 9.010319232940674, 403, 0.398335642234492, 0, 100000
925, 514.9740448594093, 13.02916145324707, 583, 0.3979373065922575, 0, 100000
926, 515.5539758205414, 13.07408881187439, 589, 0.39753936928566525, 0, 100000
927, 1806.557703256607, 10.077173233032227, 456, 0.3971418299163796, 0, 100000
929, 270.48176869750023, 11.359323263168335, 505, 0.3963479433983767, 0, 100000
930, -285.89758215099573, 7.67995285987854, 344, 0.3959515954549783, 0, 100000
931, 1026.776925086975, 4.142261028289795, 184, 0.39555564385952335, 0, 100000
932, 1449.703889489174, 8.59123182296753, 383, 0.39516008821566384, 0, 100000
934, -361.2010126411915, 6.33601713180542, 284, 0.3943701631993207, 0, 100000
935, 1016.92311668396, 4.126961946487427, 179, 0.3939757930361214, 0, 100000
937, 1521.6026005744934, 8.539280891418457, 377, 0.3931882354258422, 0, 100000
938, 84.78684591455385, 9.84794545173645, 449, 0.39279504719041636, 0, 100000
939, -421.8956780731678, 11.071721315383911, 481, 0.39240225214322594, 0, 100000
940, -392.458083987236, 7.734762907028198, 319, 0.39200984989108273, 0, 100000
941, -397.95465998351574, 7.170160531997681, 268, 0.39161784004119166, 0, 100000
942, 1491.4985846281052, 9.360402584075928, 354, 0.39122622220115044, 0, 100000
944, 1436.684166431427, 10.019593954086304, 391, 0.3904441609829703, 0, 100000
945, 1351.4723344445229, 8.67130160331726, 330, 0.3900537168219873, 0, 100000
946, 1347.5310542806983, 8.721355438232422, 335, 0.3896636631051653, 0, 100000
948, 143.37287721037865, 11.349486351013184, 443, 0.3888847254426181, 0, 100000
949, 1657.9103159308434, 10.887436866760254, 421, 0.38849584071717547, 0, 100000
952, -966.4761044234037, 7.715668201446533, 298, 0.3873315182940503, 0, 100000
953, 1629.4885649681091, 10.19485330581665, 399, 0.38694418677575626, 0, 100000
954, -613.1369247436523, 4.722245216369629, 179, 0.3865572425889805, 0, 100000
955, 78.46571457386017, 10.750547885894775, 415, 0.38617068534639154, 0, 100000
956, 89.051298558712, 11.071517705917358, 426, 0.38578451466104513, 0, 100000
957, 1240.2898468952626, 12.450696468353271, 467, 0.3853987301463841, 0, 100000
960, 886.1735805869102, 4.219288349151611, 164, 0.3842436897667367, 0, 100000
961, 2667.693778720917, 24.20174765586853, 930, 0.3838594460769699, 0, 100000
962, 1309.4434904446825, 16.343968868255615, 631, 0.38347558663089293, 0, 100000
964, -512.16775816679, 5.816720485687256, 222, 0.3827090189332178, 0, 100000
965, -340.7177357301116, 7.706684827804565, 300, 0.38232630991428457, 0, 100000
966, 1825.256457209587, 10.5267915725708, 471, 0.38194398360437026, 0, 100000
968, -1031.8041297718883, 1.2848007678985596, 54, 0.38118047758114515, 0, 100000
969, -262.4670468047261, 7.149273633956909, 315, 0.380799297103564, 0, 100000
970, -235.35786569397897, 7.757012128829956, 347, 0.3804184978064605, 0, 100000
971, 1694.6259892582893, 9.464634895324707, 421, 0.380038079308654, 0, 100000
972, 2872.1250074207783, 19.619821786880493, 877, 0.3796580412293454, 0, 100000
974, 3026.4225839972496, 20.019649744033813, 897, 0.3788991048049279, 0, 100000
976, -445.93943656556075, 15.317243099212646, 686, 0.37814168549442284, 0, 100000
977, 1136.1150616407394, 5.724458456039429, 255, 0.3777635438089284, 0, 100000
978, 1542.514041800052, 9.986733198165894, 441, 0.3773857802651195, 0, 100000
980, -906.4675883054733, 1.6869335174560547, 73, 0.3766313860903695, 0, 100000
981, 319.2285349369049, 11.423189640045166, 509, 0.37625475470427916, 0, 100000
982, 2137.7080796957016, 13.800628900527954, 609, 0.3758784999495749, 0, 100000
983, -208.2693065814674, 8.087831974029541, 358, 0.3755026214496253, 0, 100000
984, 229.0614086985588, 10.69948959350586, 476, 0.3751271188281757, 0, 100000
985, 2125.5615614652634, 14.025103330612183, 630, 0.3747519917093475, 0, 100000
987, -423.4297026395798, 5.743754148483276, 254, 0.37400286247792053, 0, 100000
988, 1037.7539729475975, 4.4557859897613525, 194, 0.3736288596154426, 0, 100000
989, 1529.727186333388, 9.277393817901611, 414, 0.37325523075582717, 0, 100000
991, -709.4287587590516, 4.292911529541016, 172, 0.37250909354954626, 0, 100000
992, 1957.6279799938202, 14.146598815917969, 536, 0.37213658445599673, 0, 100000
993, -285.8768667578697, 7.854951858520508, 296, 0.3717644478715407, 0, 100000
994, -499.74262323984294, 9.100389957427979, 350, 0.3713926834236692, 0, 100000
995, -454.51253789663315, 6.077715873718262, 233, 0.37102129074024554, 0, 100000
996, 157.71791511774063, 11.740326642990112, 452, 0.3706502694495053, 0, 100000
997, 1534.9001559615135, 9.5753173828125, 370, 0.3702796191800558, 0, 100000
999, -847.896173030138, 3.399014949798584, 130, 0.36953943022131486, 0, 100000
1000, 1614.8748157024384, 10.156835794448853, 390, 0.3691698907910935, 0, 100000
1001, -575.6683087348938, 4.808825969696045, 191, 0.3688007209003024, 0, 100000
1002, 941.2478590011597, 3.9979519844055176, 153, 0.36843192017940213, 0, 100000
1004, -779.8166105151176, 3.4785521030426025, 133, 0.3676954247709635, 0, 100000
1005, -61.275159895420074, 9.246902465820312, 352, 0.36732772934619257, 0, 100000
1006, 67.0355087518692, 12.343056917190552, 474, 0.3669604016168464, 0, 100000
1007, 1535.3265780061483, 9.635947227478027, 367, 0.3665934412152296, 0, 100000
1009, 1545.6808387339115, 10.574385404586792, 396, 0.36586062092624033, 0, 100000
1010, 1319.2577700018883, 8.360692739486694, 318, 0.3654947603053141, 0, 100000
1011, 479.24279857985675, 14.990719079971313, 578, 0.36512926554500874, 0, 100000
1012, -449.77683529257774, 6.0477986335754395, 228, 0.36476413627946375, 0, 100000
1013, 1050.613507091999, 5.747889757156372, 216, 0.3643993721431843, 0, 100000
1015, 1275.2486103978008, 8.619062423706055, 329, 0.3636709377982701, 0, 100000
1016, -797.6464493125677, 3.92797589302063, 148, 0.3633072668604718, 0, 100000
1017, -500.2371093034744, 5.790891408920288, 220, 0.36294395959361136, 0, 100000
1018, -484.36837002635, 5.6005539894104, 217, 0.36258101563401773, 0, 100000
1019, -408.84399074316025, 7.876274585723877, 295, 0.3622184346183837, 0, 100000
1020, -378.61017129803076, 7.850579023361206, 298, 0.36185621618376534, 0, 100000
1021, 109.38072556257248, 12.473981380462646, 478, 0.36149435996758156, 0, 100000
1022, 1043.8729202747345, 5.818443775177002, 216, 0.361132865607614, 0, 100000
1025, -507.3703987263143, 6.952885627746582, 261, 0.3600505500482551, 0, 100000
1026, -375.6484152674675, 7.454013347625732, 286, 0.35969049949820686, 0, 100000
1027, 1523.1722950935364, 9.442410469055176, 363, 0.3593308089987087, 0, 100000
1028, 400.71863159537315, 15.437430620193481, 588, 0.35897147818971, 0, 100000
1029, 1563.8372474908829, 9.809694290161133, 374, 0.3586125067115203, 0, 100000
1030, -622.6630029380322, 4.784396648406982, 179, 0.35825389420480874, 0, 100000
1031, 1513.281993985176, 9.311130285263062, 355, 0.35789564031060395, 0, 100000
1033, -956.5108631253242, 2.6270205974578857, 101, 0.3571802069256231, 0, 100000
1034, 1761.8116238713264, 13.331216096878052, 502, 0.3568230267186975, 0, 100000
1036, 1876.2169480323792, 13.318337440490723, 506, 0.35610973748828684, 0, 100000
1037, 754.4600784182549, 3.2059073448181152, 120, 0.35575362775079855, 0, 100000
1039, -525.1219938937575, 6.847130060195923, 259, 0.3550424762489247, 0, 100000
1040, 949.6618239879608, 4.099137544631958, 156, 0.3546874337726758, 0, 100000
1042, 1365.6692162752151, 8.478450536727905, 320, 0.35397841359256427, 0, 100000
1045, 1538.8476478531957, 12.008600234985352, 461, 0.352917539933049, 0, 100000
1046, 755.5532692819834, 4.026981353759766, 152, 0.3525646223931159, 0, 100000
1048, 502.25787927396595, 14.773078441619873, 564, 0.3518598457129521, 0, 100000
1049, -451.15704464912415, 5.615890264511108, 216, 0.35150798586723914, 0, 100000
1050, -365.74932416458614, 9.842317819595337, 373, 0.3511564778813719, 0, 100000
1051, -423.9813074320555, 6.98599100112915, 267, 0.3508053214034905, 0, 100000
1052, -30.13887071609497, 9.495703220367432, 362, 0.35045451608208705, 0, 100000
1053, 1059.7650526762009, 5.789763450622559, 222, 0.350104061566005, 0, 100000
1054, 2218.1285722851753, 16.53848147392273, 632, 0.349753957504439, 0, 100000
1056, -951.1398566365242, 3.213414430618286, 124, 0.3490547993433876, 0, 100000
1057, 189.45491907000542, 11.926690340042114, 461, 0.34870574454404424, 0, 100000
1058, -424.75781404972076, 5.952033042907715, 229, 0.3483570387995002, 0, 100000
1059, -472.1952147781849, 5.644242286682129, 215, 0.3480086817607007, 0, 100000
1060, 1587.666532754898, 10.038265466690063, 382, 0.34766067307894, 0, 100000
1061, -620.9646572396159, 4.998643159866333, 185, 0.34731301240586104, 0, 100000
1062, -396.2960541569628, 7.4609105587005615, 283, 0.3469656993934552, 0, 100000
1063, -457.3503227233887, 6.051604986190796, 234, 0.3466187336940617, 0, 100000
1064, 1493.939017534256, 9.360349416732788, 355, 0.34627211496036764, 0, 100000
1066, -551.9360537417233, 6.0145583152771, 211, 0.34557991700256185, 0, 100000
1067, -481.4522287673317, 8.35684871673584, 289, 0.3452343370855593, 0, 100000
1068, 1384.806147813797, 9.712122201919556, 315, 0.34488910274847373, 0, 100000
1069, 1391.6534608602524, 10.226531267166138, 358, 0.34454421364572524, 0, 100000
1072, -471.5187356825918, 7.40334153175354, 251, 0.34351161429288485, 0, 100000
1073, -120.10094758868217, 9.59481406211853, 335, 0.34316810267859194, 0, 100000
1074, 918.3879256248474, 4.3107616901397705, 143, 0.34282493457591334, 0, 100000
1076, -854.5083416104317, 2.004794120788574, 70, 0.3421396275316961, 0, 100000
1077, 1515.6388226747513, 9.912543773651123, 356, 0.34179748790416437, 0, 100000
1079, 2022.0578000545502, 16.370736360549927, 553, 0.34111423472584396, 0, 100000
1080, -536.8068434596062, 6.218826532363892, 228, 0.34077312049111813, 0, 100000
1081, 1550.2593117952347, 10.135565519332886, 367, 0.340432347370627, 0, 100000
1082, 1582.5327153205872, 15.81252408027649, 529, 0.34009191502325636, 0, 100000
1083, 1409.8717570472509, 16.09378409385681, 488, 0.3397518231082331, 0, 100000
1085, -896.0941242873669, 3.024083137512207, 77, 0.3390726592138397, 0, 100000
1086, -605.4372250065207, 8.613364219665527, 226, 0.3387335865546259, 0, 100000
1087, -219.97939424216747, 10.103045225143433, 294, 0.33839485296807126, 0, 100000
1088, 874.9323282241821, 4.105996370315552, 129, 0.3380564581151032, 0, 100000
1089, 1227.197315376252, 8.331117391586304, 286, 0.33771840165698813, 0, 100000
1090, 918.537280023098, 5.958316802978516, 204, 0.33738068325533116, 0, 100000
1091, -519.6412611156702, 7.016782522201538, 228, 0.3370433025720758, 0, 100000
1092, 1917.7262738347054, 14.4038667678833, 520, 0.33670625926950376, 0, 100000
1093, 1180.2132876515388, 9.538769483566284, 277, 0.33636955301023425, 0, 100000
1094, -349.89611824043095, 10.908252239227295, 297, 0.336033183457224, 0, 100000
1095, 825.4526376128197, 4.153214931488037, 113, 0.3356971502737668, 0, 100000
1097, 1091.1484687030315, 7.654795169830322, 212, 0.3350260916703695, 0, 100000
1100, 1145.6360160708427, 8.74267053604126, 243, 0.3340220181386073, 0, 100000
1101, -462.0028455853462, 7.948063850402832, 218, 0.33368799612046873, 0, 100000
1102, -244.31893825531006, 10.030599594116211, 283, 0.33335430812434824, 0, 100000
1103, -275.70870929956436, 10.074633836746216, 272, 0.3330209538162239, 0, 100000
1104, -588.983870819211, 7.767022132873535, 212, 0.33268793286240766, 0, 100000
1105, 906.6922249794006, 5.8978657722473145, 159, 0.33235524492954527, 0, 100000
1107, 1067.6281672120094, 7.826727390289307, 211, 0.33169086679493115, 0, 100000
1109, 973.0447238087654, 7.294942378997803, 195, 0.3310278167522081, 0, 100000
1110, 1740.354150235653, 16.593709230422974, 448, 0.3306967889354559, 0, 100000
1111, -296.0382894575596, 11.068816423416138, 304, 0.33036609214652046, 0, 100000
1112, -129.99740308523178, 12.025275945663452, 335, 0.3300357260543739, 0, 100000
1113, 1254.4425123929977, 10.182800054550171, 278, 0.32970569032831953, 0, 100000
1115, 1334.9893092513084, 11.578037977218628, 317, 0.3290466086533532, 0, 100000
1116, -183.17121203243732, 14.168567180633545, 385, 0.3287175620446999, 0, 100000
1117, 1295.6886130571365, 10.563868284225464, 288, 0.32838884448265515, 0, 100000
1119, 1070.3194301724434, 10.43647050857544, 275, 0.32773239518253433, 0, 100000
1121, -269.29461121559143, 10.719653129577637, 291, 0.32707725812456445, 0, 100000
1122, -624.933453835547, 6.265087842941284, 170, 0.32675018086643987, 0, 100000
1123, 1282.1526345685124, 10.762887001037598, 288, 0.32642343068557345, 0, 100000
1124, -859.0314705371857, 3.066376209259033, 84, 0.3260970072548879, 0, 100000
1125, -238.3565199971199, 10.393545150756836, 283, 0.325770910247633, 0, 100000
1126, 1603.6442792117596, 14.699393510818481, 405, 0.32544513933738534, 0, 100000
1128, -478.72048422694206, 7.904714345932007, 213, 0.32479457450384985, 0, 100000
1129, -225.49315622262657, 13.27133297920227, 354, 0.324469779929346, 0, 100000
1130, 1571.6213491559029, 14.675913572311401, 399, 0.32414531014941667, 0, 100000
1131, -491.34932219050825, 7.668158769607544, 217, 0.32382116483926726, 0, 100000
1132, -624.5296372920275, 9.2236168384552, 248, 0.323497343674428, 0, 100000
1133, 1531.8974807858467, 10.338446378707886, 369, 0.3231738463307536, 0, 100000
1134, -332.11663391813636, 8.05076551437378, 305, 0.32285067248442284, 0, 100000
1135, 1594.0436508655548, 10.160673379898071, 385, 0.3225278218119384, 0, 100000
1136, 2629.0648313118145, 21.20986580848694, 804, 0.3222052939901265, 0, 100000
1138, 1921.307107359171, 15.023903608322144, 579, 0.3215612056074402, 0, 100000
1139, 31.382286600535735, 12.001301050186157, 455, 0.3212396444018328, 0, 100000
1140, 928.3899600505829, 3.9595155715942383, 147, 0.32091840475743094, 0, 100000
1142, 2424.5208860635757, 18.367894887924194, 689, 0.32027688886632083, 0, 100000
1144, 1428.3696949779987, 9.309712886810303, 348, 0.31963665536547703, 0, 100000
1145, 1348.5551169216633, 8.880002975463867, 333, 0.31931701871011153, 0, 100000
1146, -571.8145641386509, 4.910534381866455, 182, 0.3189977016914014, 0, 100000
1147, 969.7083613276482, 4.4396891593933105, 165, 0.31867870398971, 0, 100000
1149, 111.54391664266586, 13.507997035980225, 519, 0.31804166526043454, 0, 100000
1150, 1043.1688914895058, 5.623345136642456, 213, 0.3177236235951741, 0, 100000
1151, 1351.1215957403183, 8.649033784866333, 324, 0.3174058999715789, 0, 100000
1152, 2509.786658346653, 18.961284399032593, 728, 0.31708849407160733, 0, 100000
1153, 1360.6164681911469, 8.92395281791687, 336, 0.31677140557753575, 0, 100000
1155, 270.8549364209175, 11.401866436004639, 501, 0.3161381795377863, 0, 100000
1156, 1152.4680733419955, 5.854897975921631, 257, 0.3158220413582485, 0, 100000
1159, 1477.669962823391, 21.027620792388916, 925, 0.3148755223844758, 0, 100000
1160, 1097.2101635411382, 5.551187515258789, 236, 0.31456064686209134, 0, 100000
1162, 1597.881039738655, 9.08828592300415, 407, 0.31393184012901404, 0, 100000
1164, 1491.3130376338959, 9.452625274658203, 356, 0.31330429038059615, 0, 100000
1166, 3110.3586936593056, 20.878542184829712, 919, 0.3126779951041253, 0, 100000
1168, -826.6321959272027, 4.856745958328247, 213, 0.3120529517919121, 0, 100000
1169, 1192.9510771632195, 6.1241455078125, 268, 0.3117408988401202, 0, 100000
1171, 1115.8333555050194, 5.120608329772949, 224, 0.31111772878333877, 0, 100000
1173, -780.0971424728632, 4.577443838119507, 196, 0.3104958044435009, 0, 100000
1174, -262.13700072467327, 8.148017644882202, 360, 0.3101853086390574, 0, 100000
1175, 1115.909807562828, 5.507075309753418, 235, 0.30987512333041833, 0, 100000
1177, 1542.2730224132538, 9.16626262664795, 386, 0.30925568295888084, 0, 100000
1180, 2081.080153428018, 13.224103450775146, 589, 0.3083288433677974, 0, 100000
1182, 2982.496609479189, 21.338640689849854, 900, 0.3077124940099052, 0, 100000
1184, -805.0664934646338, 8.106502056121826, 358, 0.30709737673437937, 0, 100000
1185, 1002.0726611614227, 4.047060966491699, 174, 0.30679027935764497, 0, 100000
1186, 343.9223549012095, 13.691781759262085, 601, 0.3064834890782873, 0, 100000
1187, -406.1322386264801, 5.2467570304870605, 231, 0.306177005589209, 0, 100000
1188, 328.7661593556404, 11.867911338806152, 520, 0.3058708285836198, 0, 100000
1189, 1079.8407709598541, 5.3090736865997314, 233, 0.30556495775503617, 0, 100000
1191, 1529.1580598056316, 8.84464144706726, 384, 0.30495413340448385, 0, 100000
1193, 333.16733211278915, 11.876445770263672, 522, 0.3043445300918083, 0, 100000
1194, 587.7239634096622, 14.357882261276245, 635, 0.30404018556171647, 0, 100000
1195, 1023.6720729470253, 5.461421489715576, 196, 0.30373614537615473, 0, 100000
1196, -44.53059658408165, 10.076605558395386, 392, 0.3034324092307786, 0, 100000
1197, 527.4406816363335, 13.051220178604126, 576, 0.3031289768215478, 0, 100000
1198, 1024.5489790439606, 4.264024496078491, 184, 0.30282584784472627, 0, 100000
1200, -865.8255012631416, 2.0166656970977783, 84, 0.3022204989748846, 0, 100000
1201, 1149.5489124655724, 5.719230890274048, 250, 0.30191827847590974, 0, 100000
1203, -159.74773812294006, 11.143328666687012, 392, 0.3013147438372364, 0, 100000
1204, 992.3349485397339, 4.120993375778198, 173, 0.3010134290933992, 0, 100000
1206, 420.6694325879216, 13.84216856956482, 602, 0.30041170324864147, 0, 100000
1207, 503.6312178969383, 13.555552959442139, 601, 0.30011129154539284, 0, 100000
1208, -263.8702358715236, 8.746769905090332, 384, 0.29981118025384745, 0, 100000
1209, 1019.1578678488731, 4.184240341186523, 179, 0.2995113690735936, 0, 100000
1211, 1997.2873862236738, 13.81843900680542, 580, 0.2989126458468155, 0, 100000
1212, -466.20441175298765, 6.24513840675354, 269, 0.2986137332009687, 0, 100000
1213, 609.3482114225626, 13.975609302520752, 613, 0.29831511946776773, 0, 100000
1214, 1767.7331783175468, 10.255231857299805, 445, 0.29801680434829997, 0, 100000
1216, 2565.5741703438107, 17.944663286209106, 783, 0.29742106875640767, 0, 100000
1218, -670.2227835059166, 3.242839813232422, 139, 0.2968265240399636, 0, 100000
1219, 1137.850480556488, 5.449999809265137, 238, 0.2965296975159237, 0, 100000
1220, 1686.6797665813938, 11.704109907150269, 505, 0.29623316781840775, 0, 100000
1222, 1138.1039080023766, 20.278070211410522, 895, 0.29564099771593877, 0, 100000
1223, 1047.5079153776169, 4.319703817367554, 187, 0.2953453567182228, 0, 100000
1225, 1359.2273062095046, 9.72003173828125, 362, 0.2947549613501431, 0, 100000
1227, 2621.2329528331757, 17.583717346191406, 776, 0.2941657461824042, 0, 100000
1229, -1006.8232803717256, 0.9791946411132812, 41, 0.2935777088557856, 0, 100000
1230, 573.8372042179108, 13.868934869766235, 601, 0.2932841311469298, 0, 100000
1231, 1758.2335277795792, 10.13563585281372, 444, 0.2929908470157829, 0, 100000
1233, -985.974394114688, 1.2956078052520752, 53, 0.29240515831259833, 0, 100000
1234, 1742.1892720460892, 10.076318502426147, 439, 0.29211275315428575, 0, 100000
1236, -97.21855260571465, 9.9835045337677, 436, 0.29152881976073036, 0, 100000
1237, 1041.241697460413, 5.661108732223511, 205, 0.2912372909409696, 0, 100000
1238, 1328.147813282907, 25.683587551116943, 1138, 0.2909460536500286, 0, 100000
1239, 1729.3436541259289, 10.171984195709229, 447, 0.2906551075963786, 0, 100000
1241, -1013.3767152577639, 4.984034776687622, 219, 0.2900740880362934, 0, 100000
1242, 1739.2038866579533, 10.543168544769287, 456, 0.28978401394825715, 0, 100000
1244, -912.2487117946148, 1.6925444602966309, 72, 0.2892047357043746, 0, 100000
1245, -217.70109881460667, 9.472249746322632, 409, 0.28891553096867023, 0, 100000
1246, -371.9869390130043, 7.268441200256348, 310, 0.2886266154377016, 0, 100000
1247, -239.1263415440917, 8.117841958999634, 347, 0.28833798882226386, 0, 100000
1248, 2308.393730521202, 15.900063753128052, 692, 0.2880496508334416, 0, 100000
1250, 2597.4344780957326, 21.129737854003906, 927, 0.2874738395814255, 0, 100000
1252, 1194.20864751935, 26.070714473724365, 1004, 0.28689917937610226, 0, 100000
1253, 2013.4707790017128, 15.434004783630371, 577, 0.2866122801967262, 0, 100000
1254, -483.4562246054411, 5.943158388137817, 223, 0.28632566791652947, 0, 100000
1255, 1032.218491524458, 5.546614646911621, 209, 0.28603934224861294, 0, 100000
1256, 951.0233544409275, 6.98934268951416, 258, 0.2857533029063643, 0, 100000
1257, 55.437827384099364, 19.329167366027832, 728, 0.28546754960345794, 0, 100000
1258, 924.5377771854401, 3.9644277095794678, 148, 0.2851820820538545, 0, 100000
1259, 80.06757546961308, 12.37599515914917, 463, 0.2848968999718006, 0, 100000
1260, 941.7267095446587, 4.132572412490845, 155, 0.2846120030718288, 0, 100000
1261, 2367.7899201214314, 19.291137218475342, 725, 0.284327391068757, 0, 100000
1262, 915.4432846326381, 20.819892168045044, 780, 0.2840430636776882, 0, 100000
1263, -332.5238191522658, 8.15216612815857, 312, 0.28375902061401054, 0, 100000
1264, -296.509198307991, 9.45674204826355, 360, 0.28347526159339653, 0, 100000
1265, 924.4119027256966, 4.020004987716675, 150, 0.28319178633180314, 0, 100000
1266, 2396.6982932686806, 19.062901735305786, 717, 0.28290859454547135, 0, 100000
1268, 845.8822582112625, 19.731955766677856, 742, 0.2823430602649749, 0, 100000
1269, -328.2540497290611, 7.93442177772522, 301, 0.28206071720470993, 0, 100000
1270, 1633.4614800810814, 10.627292394638062, 405, 0.2817786564875052, 0, 100000
1272, 1479.8080747581553, 14.062842845916748, 524, 0.2812153809531867, 0, 100000
1274, 2306.592004954815, 18.05837607383728, 684, 0.2806532314066613, 0, 100000
1275, 1186.1816487567849, 25.760335206985474, 975, 0.2803725781752547, 0, 100000
1276, 474.77167972922325, 15.76095461845398, 600, 0.2800922055970794, 0, 100000
1277, -379.3137663723901, 8.634130239486694, 326, 0.2798121133914823, 0, 100000
1278, -486.99874552397523, 8.373656034469604, 317, 0.2795323012780908, 0, 100000
1279, 1566.140223428607, 10.274255275726318, 390, 0.2792527689768127, 0, 100000
1281, 1388.8092669844627, 24.380040168762207, 923, 0.2786945426916281, 0, 100000
1282, 416.9358379095793, 15.939010381698608, 599, 0.27841584814893644, 0, 100000
1283, 1539.8452289104462, 10.216255187988281, 383, 0.2781374323007875, 0, 100000
1284, 2758.5445516854525, 24.403997659683228, 927, 0.27785929486848676, 0, 100000
1286, 1161.5701592639089, 25.44106388092041, 969, 0.27730385413804465, 0, 100000
1287, 1965.871878966689, 14.547545671463013, 553, 0.2770265502839066, 0, 100000
1288, -108.48978684376925, 16.31360173225403, 613, 0.2767495237336227, 0, 100000
1289, 1034.838135634549, 5.709645509719849, 214, 0.2764727742098891, 0, 100000
1290, 1358.2408232092857, 9.140709638595581, 342, 0.2761963014356792, 0, 100000
1291, -756.0843976140022, 4.4831156730651855, 168, 0.27592010513424353, 0, 100000
1292, 1029.6033762693405, 5.445079565048218, 205, 0.2756441850291093, 0, 100000
1294, 606.1917424649, 16.458961009979248, 622, 0.2750931723032361, 0, 100000
1295, -270.6260910399724, 11.004003047943115, 415, 0.27481807913093287, 0, 100000
1296, -291.21582397725433, 10.773561954498291, 401, 0.27454326105180193, 0, 100000
1297, 1597.1325269937515, 10.287193298339844, 395, 0.2742687177907501, 0, 100000
1298, 2589.1709311306477, 20.4770770072937, 822, 0.2739944490729594, 0, 100000
1299, 3664.4311276078224, 27.83983039855957, 1225, 0.27372045462388644, 0, 100000
1301, 850.4191100578755, 21.861769676208496, 957, 0.27317328743509334, 0, 100000
1302, -535.7733594123274, 11.956496000289917, 516, 0.27290011414765825, 0, 100000
1303, 997.6059993505478, 3.9907279014587402, 171, 0.2726272140335106, 0, 100000
1305, 1579.010973751545, 8.820976972579956, 381, 0.2720822322326576, 0, 100000
1307, -1015.9202778935432, 0.5380392074584961, 20, 0.27153833985042447, 0, 100000
1308, 1666.2096087932587, 10.139580249786377, 438, 0.27126680151057403, 0, 100000
1310, 1145.69790661335, 5.802413463592529, 254, 0.2707245391743544, 0, 100000
1312, 2653.436794489622, 18.012911081314087, 787, 0.27018336082054484, 0, 100000
1314, 1314.4172635525465, 23.99361753463745, 917, 0.2696432642822646, 0, 100000
1315, -410.03859347105026, 10.747629404067993, 402, 0.26937362101798235, 0, 100000
1316, -229.7318287671078, 13.233221292495728, 496, 0.26910424739696437, 0, 100000
1317, 1005.2948278784752, 5.177574157714844, 194, 0.2688351431495674, 0, 100000
1319, 2143.86527761817, 18.54377579689026, 693, 0.2682977416984114, 0, 100000
1320, 200.05595314502716, 15.790709972381592, 593, 0.268029443956713, 0, 100000
1321, 263.06631913781166, 15.149542808532715, 565, 0.2677614145127563, 0, 100000
1322, 1556.066228210926, 10.28618597984314, 383, 0.2674936530982436, 0, 100000
1324, 2277.4428718686104, 17.26262903213501, 651, 0.2669589332857002, 0, 100000
1325, 1131.8031010627747, 6.212208986282349, 232, 0.2666919743524145, 0, 100000
1327, 2728.723083615303, 23.789326429367065, 887, 0.266158857095684, 0, 100000
1328, 1829.4923216700554, 13.745742321014404, 508, 0.2658926982385883, 0, 100000
1330, 835.3827667534351, 4.05520486831665, 149, 0.26536117873480936, 0, 100000
1332, 1403.3171424269676, 8.503276586532593, 318, 0.26483072173851846, 0, 100000
1333, 639.7832481563091, 21.410074949264526, 801, 0.26456589101677996, 0, 100000
1334, 1006.5792763531208, 5.394483804702759, 200, 0.2643013251257632, 0, 100000
1336, 2341.2058728821576, 22.2481050491333, 838, 0.2637729867768368, 0, 100000
1337, 637.7353449460352, 21.695171356201172, 819, 0.26350921379006, 0, 100000
1338, 1563.302561879158, 10.659153461456299, 397, 0.26324570457626995, 0, 100000
1340, 2695.4495709240437, 21.86218023300171, 827, 0.262719476412822, 0, 100000
1342, 1155.9888334851712, 27.697216510772705, 1043, 0.26219430017947276, 0, 100000
1343, 1620.7912590652704, 11.44602656364441, 423, 0.2619321058792933, 0, 100000
1345, -641.5266348645091, 5.1608967781066895, 188, 0.2614085035996406, 0, 100000
1346, 935.8179769515991, 4.195448875427246, 153, 0.26114709509604095, 0, 100000
1348, 1085.8141032755375, 11.527116537094116, 260, 0.26062506205294395, 0, 100000
1349, -1543.3664487302303, 17.29110550880432, 605, 0.260364436990891, 0, 100000
1350, -485.3135279417038, 7.123838663101196, 234, 0.2601040725539001, 0, 100000
1351, 973.7528676390648, 5.387672424316406, 184, 0.2598439684813462, 0, 100000
1352, -228.5539771344047, 11.359811067581177, 398, 0.2595841245128649, 0, 100000
1353, 1298.0449587404728, 9.916283369064331, 295, 0.259324540388352, 0, 100000
1355, 92.87155255675316, 16.585315942764282, 488, 0.2588061506321157, 0, 100000
1356, -616.570996761322, 6.352548599243164, 186, 0.2585473444814836, 0, 100000
1357, -530.0869220197201, 6.744380950927734, 229, 0.2582887971370021, 0, 100000
1358, 1351.6347632408142, 11.47902226448059, 314, 0.2580305083398651, 0, 100000
1359, -658.5160956270993, 6.393381595611572, 195, 0.2577724778315252, 0, 100000
1360, -563.493032053113, 10.352342128753662, 306, 0.25751470535369364, 0, 100000
1361, 856.0881857872009, 3.948249101638794, 123, 0.25725719064833996, 0, 100000
1362, 253.25001953705214, 15.977858543395996, 566, 0.2569999334576916, 0, 100000
1363, 974.2839132845402, 5.513894081115723, 196, 0.25674293352423394, 0, 100000
1364, 31.63348661363125, 14.089592695236206, 497, 0.2564861905907097, 0, 100000
1365, 396.87849101796746, 20.972559213638306, 713, 0.256229704400119, 0, 100000
1366, -619.2197485715151, 6.7757837772369385, 177, 0.25597347469571885, 0, 100000
1367, 1525.275463104248, 10.751351118087769, 380, 0.25571750122102316, 0, 100000
1368, -777.0438466072083, 3.943234920501709, 137, 0.25546178371980216, 0, 100000
1369, 1524.8594180941582, 10.541073322296143, 380, 0.25520632193608234, 0, 100000
1370, -1066.3282816694991, 24.015204906463623, 853, 0.25495111561414624, 0, 100000
1371, 498.3944507688284, 22.34913182258606, 843, 0.2546961644985321, 0, 100000
1372, 573.9356242716312, 21.6137957572937, 817, 0.2544414683340336, 0, 100000
1373, -450.9995834096335, 9.239103078842163, 342, 0.25418702686569955, 0, 100000
1374, 1525.3041825977853, 15.092026710510254, 571, 0.25393283983883386, 0, 100000
1376, -735.5503342812881, 4.4026172161102295, 147, 0.253425228091996, 0, 100000
1377, 1593.8954764604568, 11.896733522415161, 422, 0.253171802863904, 0, 100000
1378, 2242.8801456317306, 22.79266357421875, 800, 0.2529186310610401, 0, 100000
1380, -404.99236688856035, 7.40482234954834, 256, 0.2524130467175491, 0, 100000
1381, 1514.4896650910378, 11.656747579574585, 383, 0.2521606336708316, 0, 100000
1383, -1002.9700246704742, 1.0908784866333008, 9, 0.25165656456412355, 0, 100000
1384, -519.6630493737757, 7.9522435665130615, 256, 0.25140490799955945, 0, 100000
1385, 1846.0565303266048, 15.805576086044312, 519, 0.25115350309155987, 0, 100000
1386, 531.5147064626217, 27.077173709869385, 984, 0.2509023495884683, 0, 100000
1387, 120.5454358458519, 13.57596206665039, 507, 0.25065144723887983, 0, 100000
1388, -282.9491119682789, 9.860148668289185, 341, 0.25040079579164093, 0, 100000
1389, -333.3032078833785, 11.17781376838684, 396, 0.2501503949958493, 0, 100000
1390, 923.7088399529457, 4.239595174789429, 149, 0.24990024460085344, 0, 100000
1392, 288.01957803964615, 15.610778570175171, 550, 0.24940069401189632, 0, 100000
1393, 1936.1171553730965, 16.7809796333313, 570, 0.24915129331788444, 0, 100000
1395, -380.62346786260605, 7.130450963973999, 254, 0.248653239882542, 0, 100000
1396, 1645.1342668533325, 11.251706838607788, 426, 0.24840458664265946, 0, 100000
1397, -625.8805482387543, 5.845176696777344, 222, 0.2481561820560168, 0, 100000
1398, 2095.226638317108, 17.22363567352295, 645, 0.2479080258739608, 0, 100000
1399, 1742.8774629458785, 17.275818347930908, 597, 0.24766011784808684, 0, 100000
1401, -81.9749738574028, 10.196826457977295, 361, 0.24716504527250852, 0, 100000
1402, 1504.641639381647, 11.40224838256836, 415, 0.24691788022723601, 0, 100000
1404, 2609.0534200668335, 22.332326412200928, 804, 0.24642429138466176, 0, 100000
1407, -1221.3238633628935, 6.07636833190918, 225, 0.24568575753695765, 0, 100000
1408, 2246.0009140372276, 17.601529121398926, 662, 0.2454400717794207, 0, 100000
1410, 129.94305488467216, 14.734707593917847, 555, 0.24494943707593364, 0, 100000
