episode, reward, success, duration, n_steps, epsilon, success_count, memory length, avg_critic_loss, avg_actor_loss
1, 7963.158022403717, True, 0.014774799346923828, 4, 0, 0, 3, 0.0, 0.0
2, -8935.360285043716, False, 12.542906761169434, 309, 0, 0, 311, 21.455272674560547, 499.426513671875
3, -7563.31921172142, False, 7.654881000518799, 113, 0, 0, 423, 47.537025451660156, 724.3238525390625
4, -7397.103678941727, False, 5.725593328475952, 89, 0, 0, 511, 42.21824264526367, 802.3561401367188
5, -7530.541769742966, False, 5.514031887054443, 84, 0, 0, 594, 54.64376449584961, 855.190673828125
6, -7749.63320350647, False, 11.952279806137085, 182, 0, 0, 775, 52.8769645690918, 959.5446166992188
7, -8250.821118116379, False, 23.633639574050903, 347, 0, 0, 1121, 45.497379302978516, 1046.717529296875
8, -8514.991901397705, False, 12.229718446731567, 178, 0, 0, 1298, 41.63565444946289, 1143.1754150390625
9, -7435.293793916702, False, 6.238246202468872, 92, 0, 0, 1389, 37.60576248168945, 1251.811279296875
10, -7632.657014429569, False, 14.240094423294067, 219, 0, 0, 1607, 40.54349136352539, 1279.9552001953125
11, -7456.977658390999, False, 5.810831785202026, 88, 0, 0, 1694, 42.42308807373047, 1302.1744384765625
12, -7409.053631067276, False, 5.525264024734497, 87, 0, 0, 1780, 46.0474967956543, 1317.351806640625
13, -7589.521381378174, False, 6.2217326164245605, 97, 0, 0, 1876, 44.389076232910156, 1350.256591796875
14, -7646.790895938873, False, 10.29128098487854, 157, 0, 0, 2032, 46.89337921142578, 1395.0218505859375
15, -8028.538832187653, False, 13.498366355895996, 199, 0, 0, 2230, 48.741180419921875, 1476.990234375
16, -8569.764423787594, False, 9.843477249145508, 148, 0, 0, 2377, 49.75898742675781, 1552.177001953125
17, -7862.414276599884, False, 10.218729496002197, 149, 0, 0, 2525, 43.68878936767578, 1663.3619384765625
18, -8609.912707448006, False, 27.128240823745728, 451, 0, 0, 2975, 44.71298599243164, 1737.66796875
19, -7867.867194592953, False, 8.104485511779785, 136, 0, 0, 3110, 43.110755920410156, 1776.3564453125
20, -7657.971360683441, False, 5.899873971939087, 97, 0, 0, 3206, 38.453670501708984, 1794.4774169921875
21, -7377.2067885398865, False, 7.387742042541504, 121, 0, 0, 3326, 45.55362319946289, 1856.3712158203125
22, 7735.582290887833, True, 9.79922342300415, 162, 0, 0, 3487, 41.608333587646484, 1887.070068359375
23, -7333.797491550446, False, 2.3480095863342285, 40, 0, 0, 3526, 39.520591735839844, 1865.3648681640625
24, -7463.270333886147, False, 6.311971426010132, 108, 0, 0, 3633, 45.93330764770508, 1967.60107421875
25, -7561.123501837254, False, 13.322626829147339, 221, 0, 0, 3853, 47.33706283569336, 2024.05517578125
26, -7776.3913106918335, False, 10.129639863967896, 168, 0, 0, 4020, 46.280784606933594, 2090.68310546875
27, -7759.110660970211, False, 14.640439510345459, 242, 0, 0, 4261, 44.655296325683594, 2123.89697265625
28, -8810.244315862656, False, 30.55855679512024, 506, 0, 0, 4766, 43.66228103637695, 2261.665283203125
29, -7539.7127813100815, False, 12.86272668838501, 211, 0, 0, 4976, 40.77059555053711, 2363.264892578125
30, -7879.93327832222, False, 10.529143333435059, 176, 0, 0, 5151, 42.32572937011719, 2419.3291015625
31, -7905.1934995651245, False, 12.951833724975586, 209, 0, 0, 5359, 37.01606369018555, 2540.613525390625
32, -7491.948819279671, False, 7.037342071533203, 112, 0, 0, 5470, 43.08940887451172, 2624.00830078125
33, -7430.465839385986, False, 5.303821086883545, 87, 0, 0, 5556, 36.05474853515625, 2652.5029296875
34, -7815.438453435898, False, 10.65880560874939, 172, 0, 0, 5727, 44.04979705810547, 2696.081787109375
35, -7604.341486930847, False, 9.750774383544922, 162, 0, 0, 5888, 30.466833114624023, 2702.6376953125
36, -7634.65701508522, False, 12.8968026638031, 218, 0, 0, 6105, 42.96121597290039, 2794.483642578125
37, -8063.168197393417, False, 13.54630970954895, 223, 0, 0, 6327, 40.9644889831543, 2890.611572265625
38, -7754.495321333408, False, 16.89607524871826, 276, 0, 0, 6602, 41.109798431396484, 3013.034912109375
39, -8233.772542834282, False, 22.909947633743286, 383, 0, 0, 6984, 40.62374496459961, 3136.025390625
40, 7775.002210080624, True, 11.788001775741577, 193, 0, 0, 7176, 41.57025146484375, 3216.54931640625
41, -7324.728453874588, False, 2.123739242553711, 35, 0, 0, 7210, 52.24567413330078, 3179.9541015625
42, -7459.654395580292, False, 5.251793622970581, 86, 0, 0, 7295, 39.977962493896484, 3265.66064453125
43, -7606.825859427452, False, 6.764599800109863, 111, 0, 0, 7405, 38.513031005859375, 3354.34716796875
44, -7551.8130784630775, False, 10.229424238204956, 172, 0, 0, 7576, 39.58222579956055, 3391.832763671875
45, 7487.143229305744, True, 14.345890760421753, 238, 0, 0, 7813, 41.5403938293457, 3476.373046875
46, -7498.067426681519, False, 1.1756818294525146, 20, 0, 0, 7832, 28.393423080444336, 3387.56298828125
47, -7279.264556884766, False, 5.591690301895142, 93, 0, 0, 7924, 39.49785614013672, 3524.374755859375
48, -7299.026943564415, False, 8.912081480026245, 148, 0, 0, 8071, 38.25957489013672, 3530.25439453125
49, -7537.121779680252, False, 5.4019999504089355, 88, 0, 0, 8158, 41.291629791259766, 3586.180419921875
50, -7969.150530636311, False, 15.922929763793945, 266, 0, 0, 8423, 42.49959182739258, 3672.390380859375
51, -7503.578876018524, False, 6.046565294265747, 102, 0, 0, 8524, 33.20841598510742, 3687.98876953125
52, 7778.176572978497, True, 11.06160569190979, 185, 0, 0, 8708, 39.759178161621094, 3757.537841796875
53, -7318.940446138382, False, 2.4399237632751465, 38, 0, 0, 8745, 39.89413070678711, 3813.47119140625
54, -7797.583744287491, False, 8.460160732269287, 141, 0, 0, 8885, 41.01314163208008, 3925.763671875
55, 7900.544947206974, True, 4.2887489795684814, 70, 0, 0, 8954, 39.27912902832031, 3940.36962890625
56, -7385.03427028656, False, 2.57387638092041, 44, 0, 0, 8997, 45.21139144897461, 3817.810791015625
57, -7519.167679548264, False, 5.746263265609741, 94, 0, 0, 9090, 38.528812408447266, 4017.398681640625
58, -7603.347195863724, False, 6.198885917663574, 101, 0, 0, 9190, 45.38176345825195, 4109.3193359375
59, -7368.24731361866, False, 5.579042911529541, 95, 0, 0, 9284, 45.9707145690918, 4066.690185546875
60, -7510.657849788666, False, 5.723001956939697, 94, 0, 0, 9377, 48.682132720947266, 4124.681640625
61, -7768.920386314392, False, 12.66255521774292, 211, 0, 0, 9587, 48.69739532470703, 4173.81591796875
62, -8186.640566945076, False, 13.114223957061768, 220, 0, 0, 9806, 43.060115814208984, 4318.65576171875
63, -7667.126323223114, False, 13.236916065216064, 228, 0, 0, 10033, 43.71494674682617, 4429.01025390625
64, -7397.290001749992, False, 5.428573369979858, 89, 0, 0, 10121, 41.40908432006836, 4442.04833984375
65, -7827.0999636650085, False, 7.6135523319244385, 125, 0, 0, 10245, 48.79091262817383, 4533.26513671875
66, -7524.210061311722, False, 5.33086895942688, 86, 0, 0, 10330, 44.02806091308594, 4622.654296875
67, -7570.358438253403, False, 8.88870882987976, 149, 0, 0, 10478, 49.22208786010742, 4589.7119140625
68, -7583.549489736557, False, 10.168910264968872, 172, 0, 0, 10649, 41.94457244873047, 4649.9560546875
69, -7840.51330858469, False, 13.069327354431152, 218, 0, 0, 10866, 43.19282913208008, 4726.3310546875
70, -8690.139315128326, False, 12.214450359344482, 208, 0, 0, 11073, 49.56293487548828, 4864.2783203125
71, -7546.212297439575, False, 7.276716947555542, 121, 0, 0, 11193, 45.4852180480957, 4983.2392578125
72, -7890.837385416031, False, 11.936854839324951, 197, 0, 0, 11389, 37.996559143066406, 4975.9794921875
73, -7397.8779175281525, False, 9.347923994064331, 157, 0, 0, 11545, 46.452693939208984, 5095.6396484375
74, -7885.137106478214, False, 16.521207809448242, 280, 0, 0, 11824, 44.64870834350586, 5228.13818359375
75, -8337.641778230667, False, 17.46117067337036, 291, 0, 0, 12114, 40.81852340698242, 5359.39453125
76, -7591.315270602703, False, 13.792651653289795, 229, 0, 0, 12342, 43.658206939697266, 5471.41748046875
77, -7505.45756983757, False, 5.661739826202393, 93, 0, 0, 12434, 42.337059020996094, 5473.50830078125
78, -8072.691672325134, False, 17.6527099609375, 292, 0, 0, 12725, 42.591007232666016, 5609.53466796875
79, -7682.974582076073, False, 12.911168575286865, 215, 0, 0, 12939, 43.293094635009766, 5741.859375
80, 7076.114617198706, True, 12.842140913009644, 210, 0, 0, 13148, 40.6920280456543, 5829.04541015625
81, -7309.514145374298, False, 1.8535072803497314, 31, 0, 0, 13178, 34.28928756713867, 5795.22265625
82, 7776.357411921024, True, 10.988287210464478, 179, 0, 0, 13356, 36.88717269897461, 5916.1865234375
83, -7343.427471160889, False, 2.363312244415283, 39, 0, 0, 13394, 46.357906341552734, 5890.3671875
84, -7930.965186059475, False, 18.413026094436646, 302, 0, 0, 13695, 39.85692596435547, 6145.6103515625
85, 7110.880490541458, True, 9.248101234436035, 156, 0, 0, 13850, 45.45962142944336, 6378.3037109375
86, -7706.853786468506, False, 7.891817092895508, 126, 0, 0, 13975, 41.9154167175293, 6274.39697265625
87, -7386.48507976532, False, 5.490436315536499, 88, 0, 0, 14062, 48.080928802490234, 6482.33251953125
88, -7613.175791621208, False, 14.205093383789062, 233, 0, 0, 14294, 43.535316467285156, 6476.447265625
89, 7952.488602787256, True, 4.252578258514404, 70, 0, 0, 14363, 42.09969711303711, 6537.16064453125
90, -7632.13644528389, False, 5.360053062438965, 86, 0, 0, 14448, 37.97279357910156, 6485.71240234375
91, 7213.39475351572, True, 13.928095579147339, 226, 0, 0, 14673, 40.918006896972656, 6664.55322265625
92, -7299.895795822144, False, 2.0025486946105957, 32, 0, 0, 14704, 35.13835906982422, 6477.2705078125
93, 7614.205078393221, True, 12.207530736923218, 200, 0, 0, 14903, 43.43403244018555, 6731.9794921875
94, -8039.826650738716, False, 10.816733121871948, 181, 0, 0, 15083, 45.761722564697266, 6946.36962890625
95, -8175.69460606575, False, 14.45830774307251, 245, 0, 0, 15327, 46.88903045654297, 7061.18212890625
96, 7164.934884727001, True, 13.126345872879028, 223, 0, 0, 15549, 42.064964294433594, 7104.96240234375
97, -7491.856771945953, False, 4.861465215682983, 79, 0, 0, 15627, 44.26200485229492, 7114.10205078125
98, -8143.502562761307, False, 26.34272050857544, 450, 0, 0, 16076, 42.077335357666016, 7313.478515625
99, 6973.064635276794, True, 20.882293224334717, 379, 0, 0, 16454, 45.777931213378906, 7565.29296875
100, -7449.341033220291, False, 1.7713682651519775, 35, 0, 0, 16488, 45.671730041503906, 7110.18701171875
101, -8352.74347937107, False, 19.276756763458252, 386, 0, 0, 16873, 42.972564697265625, 7770.67822265625
102, -7949.894831895828, False, 16.645025491714478, 251, 0, 0, 17123, 44.18269729614258, 8146.2841796875
103, -7563.748274922371, False, 9.606200456619263, 146, 0, 0, 17268, 39.733482360839844, 8028.619140625
104, -7755.125057458878, False, 16.9362735748291, 300, 0, 0, 17567, 42.48936462402344, 8190.119140625
105, -7572.749369084835, False, 14.366128206253052, 225, 0, 0, 17791, 40.03730010986328, 8323.5771484375
106, -7640.426056861877, False, 5.847521781921387, 119, 0, 0, 17909, 43.593345642089844, 8494.26953125
107, 7546.101400285959, True, 11.502800941467285, 233, 0, 0, 18141, 45.903526306152344, 8689.990234375
108, -7319.9658098220825, False, 2.228848457336426, 37, 0, 0, 18177, 28.79166603088379, 7995.0361328125
109, -7524.291083574295, False, 12.273735046386719, 198, 0, 0, 18374, 40.41341018676758, 8794.4921875
110, -7750.4488068223, False, 11.527986288070679, 233, 0, 0, 18606, 40.05462646484375, 8742.7392578125
111, 7785.046583473682, True, 9.389508485794067, 191, 0, 0, 18796, 42.8380241394043, 8877.552734375
112, -7410.132363557816, False, 2.1710755825042725, 44, 0, 0, 18839, 38.18412399291992, 8807.5458984375
113, -7862.350725412369, False, 13.509834051132202, 270, 0, 0, 19108, 40.1504020690918, 9100.9208984375
114, 7422.221730709076, True, 14.868656635284424, 238, 0, 0, 19345, 44.38974380493164, 9657.525390625
115, -7431.212876319885, False, 4.6676928997039795, 93, 0, 0, 19437, 39.507694244384766, 9085.12109375
116, -7915.112223148346, False, 12.281341075897217, 245, 0, 0, 19681, 44.11454391479492, 9644.4873046875
117, -7621.012199640274, False, 8.80060362815857, 175, 0, 0, 19855, 42.50000762939453, 9587.34765625
118, 7700.692111313343, True, 11.048263549804688, 224, 0, 0, 20078, 46.416465759277344, 9844.333984375
119, -7395.447439193726, False, 2.0646910667419434, 41, 0, 0, 20118, 35.81273651123047, 9925.38671875
120, 7265.324096143246, True, 19.417881965637207, 391, 0, 0, 20508, 42.14303207397461, 10022.974609375
121, -7402.631988286972, False, 3.116823434829712, 52, 0, 0, 20559, 33.930389404296875, 10010.19140625
122, 7554.411299049854, True, 9.720892667770386, 159, 0, 0, 20717, 43.0735969543457, 10235.2568359375
123, -7271.268114089966, False, 0.5751609802246094, 10, 0, 0, 20726, 46.90471649169922, 10508.5703125
124, -7475.435895681381, False, 9.630757331848145, 121, 0, 0, 20846, 43.735164642333984, 10389.408203125
125, 7853.34880284965, True, 11.583312273025513, 140, 0, 0, 20985, 39.48796081542969, 10482.056640625
126, -7321.883193969727, False, 2.5496020317077637, 35, 0, 0, 21019, 44.45150375366211, 10423.3935546875
127, 7620.489166557789, True, 18.24843692779541, 213, 0, 0, 21231, 41.6071891784668, 10797.49609375
128, -7374.121693372726, False, 4.834540605545044, 60, 0, 0, 21290, 47.513668060302734, 10478.5478515625
129, -7300.768806397915, False, 5.405314207077026, 88, 0, 0, 21377, 39.678218841552734, 10966.9267578125
130, 7158.163785368204, True, 14.826702117919922, 238, 0, 0, 21614, 40.95811080932617, 10853.3798828125
131, 7638.842237621546, True, 17.757144689559937, 243, 0, 0, 21856, 47.16956329345703, 11110.4189453125
132, -7536.655411601067, False, 3.047624111175537, 50, 0, 0, 21905, 51.322776794433594, 11129.8720703125
133, 7008.769335210323, True, 11.996864080429077, 166, 0, 0, 22070, 45.47755813598633, 11081.138671875
134, -7366.852852106094, False, 4.028308868408203, 51, 0, 0, 22120, 37.337093353271484, 10535.9404296875
135, 7447.567035317421, True, 14.974066734313965, 232, 0, 0, 22351, 40.33601760864258, 11702.166015625
136, -7621.573696374893, False, 3.205886125564575, 60, 0, 0, 22410, 39.52622985839844, 11366.30078125
137, 6627.872203588486, True, 20.712051391601562, 330, 0, 0, 22739, 43.530235290527344, 12025.5283203125
138, 6962.609768420458, True, 25.48271107673645, 442, 0, 0, 23180, 40.74782943725586, 12083.7587890625
139, -7682.771460533142, False, 3.293165683746338, 49, 0, 0, 23228, 37.28168487548828, 11491.705078125
140, -7425.488155186176, False, 9.507094383239746, 150, 0, 0, 23377, 47.07902526855469, 12268.904296875
141, 7511.381115794182, True, 11.559135675430298, 226, 0, 0, 23602, 40.306800842285156, 11828.310546875
142, -7750.9160495996475, False, 5.056059837341309, 80, 0, 0, 23681, 41.72972106933594, 11983.0478515625
143, 7894.206577003002, True, 4.447962045669556, 72, 0, 0, 23752, 49.326812744140625, 12446.9423828125
144, -7304.163343429565, False, 2.797198534011841, 46, 0, 0, 23797, 31.441617965698242, 12537.4453125
145, 7825.114771381021, True, 10.865439414978027, 161, 0, 0, 23957, 41.31110382080078, 12125.8115234375
146, -7330.9125854969025, False, 2.486476182937622, 38, 0, 0, 23994, 47.5925178527832, 11761.5908203125
147, -7343.894443869591, False, 9.261048316955566, 164, 0, 0, 24157, 43.95656967163086, 13010.5361328125
148, 7661.573832839727, True, 8.255732536315918, 163, 0, 0, 24319, 49.337852478027344, 12609.455078125
149, -7517.163109779358, False, 3.7536048889160156, 55, 0, 0, 24373, 38.130523681640625, 12330.123046875
150, 7623.251354038715, True, 12.876216411590576, 214, 0, 0, 24586, 46.4635009765625, 13250.0322265625
151, -7430.330348491669, False, 2.457491159439087, 51, 0, 0, 24636, 52.663970947265625, 13110.5517578125
152, 7733.552684426308, True, 8.37047266960144, 123, 0, 0, 24758, 42.91360092163086, 12992.9638671875
153, -7142.799643039703, False, 3.952601909637451, 60, 0, 0, 24817, 42.313438415527344, 12959.75
154, 6123.240566670895, True, 28.814358949661255, 531, 0, 0, 25347, 44.77189254760742, 13548.89453125
155, -7455.253505706787, False, 9.087236642837524, 134, 0, 0, 25480, 34.795413970947266, 13350.306640625
156, 7699.488277196884, True, 11.795962810516357, 197, 0, 0, 25676, 43.734554290771484, 13421.53515625
157, 7674.257999241352, True, 11.325839519500732, 226, 0, 0, 25901, 44.29381561279297, 13821.76171875
158, -7297.8338124752045, False, 2.1048262119293213, 40, 0, 0, 25940, 39.783355712890625, 13732.486328125
159, -7711.535373210907, False, 9.927117586135864, 201, 0, 0, 26140, 36.982757568359375, 13637.51953125
160, -7564.656244635582, False, 12.604923725128174, 254, 0, 0, 26393, 44.154659271240234, 13849.30078125
161, 5684.085281431675, True, 22.566077947616577, 418, 0, 0, 26810, 49.0500602722168, 14669.8447265625
162, 7109.740106612444, True, 15.876028060913086, 392, 0, 0, 27201, 44.06024932861328, 14292.669921875
163, 7465.950432866812, True, 12.955081462860107, 297, 0, 0, 27497, 44.79488754272461, 14613.25390625
164, 7699.64929151535, True, 8.826519966125488, 192, 0, 0, 27688, 40.56755447387695, 14880.44140625
165, -8467.540130496025, False, 13.634825944900513, 307, 0, 0, 27994, 42.63356399536133, 14533.529296875
166, 7736.527821063995, True, 7.395393371582031, 152, 0, 0, 28145, 39.666072845458984, 14711.310546875
167, -7633.559095144272, False, 2.2674458026885986, 46, 0, 0, 28190, 45.815120697021484, 15294.0166015625
168, 7827.964334577322, True, 8.875572204589844, 179, 0, 0, 28368, 41.077083587646484, 15142.5361328125
169, -7537.148566484451, False, 2.647078514099121, 54, 0, 0, 28421, 52.74418640136719, 15163.3251953125
170, -7806.034252882004, False, 10.60102391242981, 213, 0, 0, 28633, 44.41159439086914, 15322.2109375
171, 6953.479793608189, True, 19.565277576446533, 401, 0, 0, 29033, 38.964473724365234, 15156.248046875
172, -7515.032162427902, False, 3.35046124458313, 67, 0, 0, 29099, 38.612545013427734, 14845.2216796875
173, -7348.132479071617, False, 5.335545301437378, 103, 0, 0, 29201, 43.28181076049805, 15546.3359375
174, 7100.3742580115795, True, 13.691879510879517, 288, 0, 0, 29488, 46.26066207885742, 15680.58984375
175, -7780.685381650925, False, 2.858931303024292, 62, 0, 0, 29549, 46.218833923339844, 16253.736328125
176, 7481.9694964289665, True, 14.96780800819397, 319, 0, 0, 29867, 46.023277282714844, 16185.8837890625
177, -8756.980778217316, False, 9.327837228775024, 198, 0, 0, 30064, 45.56529235839844, 16230.84375
178, 7840.090185642242, True, 9.336369276046753, 203, 0, 0, 30266, 47.08374786376953, 16179.0751953125
179, -8173.931916713715, False, 3.985868215560913, 71, 0, 0, 30336, 43.78417205810547, 15943.611328125
180, -7630.563545465469, False, 12.330196142196655, 226, 0, 0, 30561, 41.963504791259766, 16920.9296875
181, 6041.221484363079, True, 17.726377964019775, 394, 0, 0, 30954, 46.14825439453125, 16681.091796875
182, 6113.118023693562, True, 26.121012449264526, 519, 0, 0, 31472, 44.110313415527344, 17081.7734375
183, -9423.989717841148, False, 36.3778133392334, 838, 0, 0, 32309, 44.37409591674805, 16854.185546875
184, 7712.486364543438, True, 10.209614515304565, 227, 0, 0, 32535, 44.835472106933594, 16637.86328125
185, -7702.3427439928055, False, 4.921907901763916, 108, 0, 0, 32642, 41.315189361572266, 16499.482421875
186, -7735.750646054745, False, 9.780449628829956, 220, 0, 0, 32861, 41.528900146484375, 16424.2890625
187, 7730.166071861982, True, 10.80721640586853, 242, 0, 0, 33102, 47.98894119262695, 16918.755859375
188, -9718.617119431496, False, 17.706579446792603, 400, 0, 0, 33501, 44.019432067871094, 16178.1435546875
189, 7762.887647002935, True, 7.44509482383728, 134, 0, 0, 33634, 36.16190719604492, 16098.5390625
190, 7245.1861545443535, True, 18.72996973991394, 377, 0, 0, 34010, 46.575069427490234, 16078.458984375
191, -8504.998562395573, False, 19.94369387626648, 427, 0, 0, 34436, 42.94758987426758, 15602.1064453125
192, 7000.986035972834, True, 12.548501253128052, 279, 0, 0, 34714, 41.803287506103516, 15581.28515625
193, 7339.391772985458, True, 15.9338858127594, 364, 0, 0, 35077, 45.01110076904297, 15644.27734375
194, -10047.177442610264, False, 28.070953369140625, 695, 0, 0, 35771, 40.47635269165039, 15087.4677734375
195, -10359.28207552433, False, 16.82015562057495, 362, 0, 0, 36132, 38.23865509033203, 14719.033203125
196, 7336.492948174477, True, 19.943544387817383, 400, 0, 0, 36531, 41.114410400390625, 14721.0263671875
197, 6545.141757041216, True, 25.997965574264526, 564, 0, 0, 37094, 40.647804260253906, 14397.58203125
198, 7596.876019209623, True, 11.62648057937622, 259, 0, 0, 37352, 37.58390808105469, 14690.4736328125
199, 4927.20057657361, True, 25.10992407798767, 555, 0, 0, 37906, 40.725894927978516, 14359.9423828125
200, -9553.299480199814, False, 15.089629173278809, 313, 0, 0, 38218, 40.119873046875, 13763.0
201, -7366.800812721252, False, 4.838388442993164, 107, 0, 0, 38324, 39.896026611328125, 14045.7080078125
202, -7830.779897451401, False, 9.913636445999146, 216, 0, 0, 38539, 46.30497741699219, 13948.9755859375
203, 6941.924404889345, True, 15.167839050292969, 334, 0, 0, 38872, 43.35209274291992, 13316.357421875
204, 7141.815253376961, True, 19.858147621154785, 395, 0, 0, 39266, 39.18148422241211, 13408.09375
205, 5366.232758164406, True, 33.110411167144775, 679, 0, 0, 39944, 39.36375427246094, 13291.759765625
206, -9017.468082726002, False, 12.335556268692017, 244, 0, 0, 40187, 42.88679122924805, 13332.9599609375
207, -11156.949748635292, False, 18.732203722000122, 376, 0, 0, 40562, 39.566524505615234, 13052.9150390625
208, 4754.178763687611, True, 21.47896981239319, 492, 0, 0, 41053, 38.63094711303711, 12898.4462890625
209, -9475.26717710495, False, 9.636953115463257, 238, 0, 0, 41290, 38.88227462768555, 12922.2744140625
210, 7743.936081856489, True, 7.151885271072388, 143, 0, 0, 41432, 43.451969146728516, 12951.087890625
211, -13916.281548559666, False, 34.263267278671265, 749, 0, 0, 42180, 41.258033752441406, 12769.40234375
212, -10683.584211230278, False, 17.804972887039185, 437, 0, 0, 42616, 40.98677062988281, 13076.435546875
213, -7997.770627558231, False, 12.441848278045654, 296, 0, 0, 42911, 39.682247161865234, 12910.373046875
214, 6845.8842250704765, True, 15.399274826049805, 308, 0, 0, 43218, 39.58369445800781, 13142.6943359375
215, -15891.053071260452, False, 25.561201572418213, 505, 0, 0, 43722, 39.865299224853516, 13156.884765625
216, -7741.5773186683655, False, 12.539140939712524, 252, 0, 0, 43973, 38.313106536865234, 13100.27734375
217, 4646.751947283745, True, 14.267029523849487, 296, 0, 0, 44268, 40.293609619140625, 13244.26953125
218, -8396.1352789402, False, 9.220420122146606, 196, 0, 0, 44463, 38.3857536315918, 13236.802734375
219, -9714.708954572678, False, 12.993794441223145, 274, 0, 0, 44736, 39.271141052246094, 13066.732421875
220, 7333.006324470043, True, 17.601373195648193, 374, 0, 0, 45109, 39.09563446044922, 13237.091796875
221, -8015.224408686161, False, 11.662400245666504, 251, 0, 0, 45359, 37.842735290527344, 13232.521484375
222, 7768.276317507029, True, 6.302279472351074, 133, 0, 0, 45491, 36.10514450073242, 12727.96484375
223, -7354.697017669678, False, 2.8593838214874268, 59, 0, 0, 45549, 34.44275665283203, 13347.2919921875
224, 7715.184205636382, True, 10.396413564682007, 222, 0, 0, 45770, 39.154808044433594, 13032.6015625
225, -9907.931285470724, False, 23.90812373161316, 514, 0, 0, 46283, 36.8879508972168, 13290.6591796875
226, 7732.275747448206, True, 7.108760356903076, 150, 0, 0, 46432, 36.54397964477539, 13271.8818359375
227, 7332.103848338127, True, 17.18362283706665, 363, 0, 0, 46794, 37.57242965698242, 13002.435546875
228, -8449.759608745575, False, 16.780144453048706, 358, 0, 0, 47151, 36.79510498046875, 13185.740234375
229, 7732.545861899853, True, 9.967629432678223, 203, 0, 0, 47353, 39.924747467041016, 13002.4892578125
230, -9566.278827667236, False, 26.79849076271057, 564, 0, 0, 47916, 37.25722885131836, 13203.9638671875
231, -17924.372371971607, False, 28.44896912574768, 604, 0, 0, 48519, 37.72544479370117, 13409.2431640625
232, -7417.524379551411, False, 9.307495594024658, 187, 0, 0, 48705, 38.817909240722656, 13955.3154296875
233, 7748.588799774647, True, 7.197240352630615, 144, 0, 0, 48848, 42.711971282958984, 13659.919921875
234, 7146.098741769791, True, 17.54561138153076, 346, 0, 0, 49193, 34.264251708984375, 13755.1630859375
235, 7395.765384674072, True, 12.07116436958313, 259, 0, 0, 49451, 36.42176818847656, 13793.3076171875
236, -8072.378416597843, False, 4.7969958782196045, 104, 0, 0, 49554, 36.33876419067383, 13874.951171875
237, 7807.772183716297, True, 9.119792938232422, 194, 0, 0, 49747, 42.028953552246094, 13557.2587890625
238, -15388.37733900547, False, 35.39041805267334, 756, 0, 0, 50502, 41.28318786621094, 13641.513671875
239, 7687.740289539099, True, 10.64903450012207, 228, 0, 0, 50729, 39.747581481933594, 13864.0751953125
240, 7203.9539397880435, True, 24.054858684539795, 512, 0, 0, 51240, 35.087867736816406, 14072.52734375
241, -4532.660571038723, True, 44.47772264480591, 941, 0, 0, 52180, 38.00182342529297, 14117.1005859375
242, -7620.914830803871, False, 7.2935521602630615, 154, 0, 0, 52333, 38.4263801574707, 13912.0634765625
243, -10690.959250628948, False, 15.978399991989136, 331, 0, 0, 52663, 36.056461334228516, 13991.8955078125
244, -7378.522230267525, False, 9.278776168823242, 191, 0, 0, 52853, 34.29788589477539, 13844.9619140625
245, 7424.6234583854675, True, 16.893803119659424, 337, 0, 0, 53189, 37.85097885131836, 14172.5087890625
246, -11736.897313326597, False, 33.30186581611633, 649, 0, 0, 53837, 36.57339096069336, 14341.3994140625
247, -7576.754802107811, False, 10.12322187423706, 190, 0, 0, 54026, 31.275686264038086, 14509.859375
248, 7846.448054015636, True, 8.992751836776733, 165, 0, 0, 54190, 33.17485427856445, 14348.34375
249, -7568.5894993543625, False, 7.9821693897247314, 144, 0, 0, 54333, 34.896366119384766, 14304.740234375
250, 7749.3218441307545, True, 11.309452295303345, 211, 0, 0, 54543, 38.746673583984375, 14588.0048828125
251, -7675.722445785999, False, 12.895696878433228, 241, 0, 0, 54783, 32.39125442504883, 14274.6357421875
252, 7607.655000925064, True, 14.380295753479004, 267, 0, 0, 55049, 35.640933990478516, 14609.73046875
253, -9429.841128110886, False, 15.883620738983154, 308, 0, 0, 55356, 36.66546630859375, 14392.4853515625
254, 7935.276584506035, True, 4.085235595703125, 85, 0, 0, 55440, 38.10238265991211, 14778.9267578125
255, 4800.639427661896, True, 19.230416774749756, 399, 0, 0, 55838, 34.87201690673828, 14621.8134765625
256, 7595.2566058933735, True, 10.922505140304565, 220, 0, 0, 56057, 34.64382553100586, 14482.900390625
257, -8501.474663972855, False, 13.777851104736328, 254, 0, 0, 56310, 35.70681381225586, 14356.8115234375
258, 7934.225461512804, True, 4.268784523010254, 80, 0, 0, 56389, 40.750335693359375, 14486.810546875
259, -7583.100467920303, False, 2.958329916000366, 58, 0, 0, 56446, 33.103721618652344, 14762.57421875
260, -7323.9339655041695, False, 8.980124235153198, 185, 0, 0, 56630, 43.26686477661133, 14318.8876953125
261, 7179.230584293604, True, 14.651752471923828, 305, 0, 0, 56934, 33.4554443359375, 14875.705078125
262, 7128.339233905077, True, 21.04264807701111, 439, 0, 0, 57372, 34.56614685058594, 14636.876953125
263, -7481.547762274742, False, 2.919642448425293, 59, 0, 0, 57430, 30.41983985900879, 14612.3017578125
264, -8780.466503977776, False, 8.392069101333618, 166, 0, 0, 57595, 35.7521858215332, 14664.06640625
265, 7765.758958995342, True, 10.33787226676941, 214, 0, 0, 57808, 36.37811279296875, 14858.83984375
266, 7300.172482103109, True, 22.297600507736206, 444, 0, 0, 58251, 37.86381530761719, 14899.3837890625
267, 7407.935768947005, True, 22.224047422409058, 410, 0, 0, 58660, 37.87111282348633, 14936.763671875
268, -9186.961779296398, False, 19.147526264190674, 386, 0, 0, 59045, 38.350608825683594, 15029.392578125
269, 7776.135859072208, True, 10.63163447380066, 195, 0, 0, 59239, 34.011444091796875, 14750.53125
270, -7986.600049585104, False, 22.349218130111694, 400, 0, 0, 59638, 36.188629150390625, 14912.8896484375
271, -11645.812521874905, False, 16.389962911605835, 298, 0, 0, 59935, 35.84748840332031, 14859.67578125
272, 6111.815081089735, True, 23.66887664794922, 480, 0, 0, 60414, 33.936588287353516, 15059.125
273, 6794.305754065514, True, 16.212122440338135, 328, 0, 0, 60741, 35.8675651550293, 15048.6572265625
274, -11442.158451348543, False, 24.188799381256104, 494, 0, 0, 61234, 35.01129913330078, 15008.08984375
275, 6864.60750696063, True, 14.63880705833435, 292, 0, 0, 61525, 38.693565368652344, 15196.04296875
276, -7690.440670341253, False, 19.851789236068726, 345, 0, 0, 61869, 38.22426223754883, 15381.1201171875
277, 7607.93125385046, True, 14.551194429397583, 277, 0, 0, 62145, 35.780025482177734, 15156.9619140625
278, -12235.421724528074, False, 31.773881912231445, 677, 0, 0, 62821, 36.13242721557617, 15336.58984375
279, 7496.231308251619, True, 14.657333612442017, 339, 0, 0, 63159, 39.81454086303711, 15511.427734375
280, 7419.077715426683, True, 11.824426651000977, 267, 0, 0, 63425, 38.700992584228516, 15550.1279296875
281, -11826.16273355484, False, 13.372305154800415, 296, 0, 0, 63720, 32.2518196105957, 15549.2939453125
282, -7981.2058671712875, False, 6.719159841537476, 129, 0, 0, 63848, 36.31480407714844, 15278.9365234375
283, 7631.140660881996, True, 13.804232597351074, 256, 0, 0, 64103, 35.382972717285156, 15826.3251953125
284, -9787.71507948637, False, 30.899391889572144, 580, 0, 0, 64682, 36.04479217529297, 15896.1259765625
285, 6940.108944043517, True, 23.385186672210693, 438, 0, 0, 65119, 34.458709716796875, 15926.1298828125
286, -9866.716262221336, False, 24.514065980911255, 486, 0, 0, 65604, 33.69927215576172, 15896.005859375
287, 6263.002209544182, True, 19.832720041275024, 392, 0, 0, 65995, 36.3758430480957, 15954.9921875
288, 4622.42771333456, True, 20.513476610183716, 397, 0, 0, 66391, 36.051795959472656, 16058.2724609375
289, -14969.633397221565, False, 21.75215721130371, 399, 0, 0, 66789, 38.430458068847656, 16290.0234375
290, 7942.387780159712, True, 4.320631504058838, 81, 0, 0, 66869, 35.3825569152832, 16164.8935546875
291, 7630.844501674175, True, 10.654452800750732, 209, 0, 0, 67077, 33.3878059387207, 16316.9248046875
292, -8231.262127757072, False, 15.940330505371094, 316, 0, 0, 67392, 35.343692779541016, 16419.234375
293, 7870.372924879193, True, 8.842230319976807, 174, 0, 0, 67565, 37.3169059753418, 16534.2421875
294, -8211.02736568451, False, 8.245022058486938, 160, 0, 0, 67724, 38.324729919433594, 16233.716796875
295, 6882.986624598503, True, 11.780426025390625, 222, 0, 0, 67945, 36.4279899597168, 16655.302734375
296, -7912.972127139568, False, 15.973570823669434, 307, 0, 0, 68251, 36.879154205322266, 16510.037109375
297, 7710.868222177029, True, 7.6539740562438965, 146, 0, 0, 68396, 30.4947452545166, 16401.771484375
298, -11340.804868519306, False, 22.67786741256714, 442, 0, 0, 68837, 36.33033752441406, 16276.9365234375
299, 6539.88910138607, True, 21.607367038726807, 420, 0, 0, 69256, 37.168006896972656, 16421.755859375
300, 7459.4427295178175, True, 14.11864686012268, 277, 0, 0, 69532, 43.97447967529297, 16869.080078125
301, 6924.425964653492, True, 18.684194326400757, 324, 0, 0, 69855, 35.547027587890625, 16580.232421875
302, -8765.671677052975, False, 19.20829463005066, 329, 0, 0, 70183, 34.99664306640625, 16573.185546875
303, -10535.899313628674, False, 17.962942123413086, 374, 0, 0, 70556, 36.83561325073242, 16831.80078125
304, 7771.0496507287025, True, 10.270194053649902, 188, 0, 0, 70743, 32.11951446533203, 16741.443359375
305, -8315.865839660168, False, 10.584108114242554, 190, 0, 0, 70932, 35.1346549987793, 16624.662109375
306, 7289.9730269908905, True, 18.629498958587646, 333, 0, 0, 71264, 32.81903076171875, 16756.740234375
307, 5868.923657387495, True, 18.139066219329834, 328, 0, 0, 71591, 37.900177001953125, 16875.7890625
308, -12137.934038311243, False, 28.696284294128418, 558, 0, 0, 72148, 34.54317855834961, 16940.177734375
309, 7696.105443120003, True, 7.545856237411499, 164, 0, 0, 72311, 36.83147430419922, 17137.697265625
310, -7702.310851752758, False, 10.423025846481323, 222, 0, 0, 72532, 38.74466323852539, 17227.89453125
311, -16742.796133875847, False, 36.50026488304138, 794, 0, 0, 73325, 35.427303314208984, 17532.849609375
312, -7576.212730199099, False, 11.868916988372803, 216, 0, 0, 73540, 35.54518127441406, 17720.46484375
313, 4469.495999157429, True, 29.265485763549805, 534, 0, 0, 74073, 33.641761779785156, 18025.884765625
314, 6769.8640640378, True, 16.897075414657593, 303, 0, 0, 74375, 35.4517707824707, 17860.79296875
315, -9560.586854815483, False, 27.124073028564453, 474, 0, 0, 74848, 36.17902755737305, 17921.228515625
316, -7789.0580949783325, False, 10.405137538909912, 191, 0, 0, 75038, 33.96612548828125, 17870.08984375
317, 7197.970642983913, True, 18.245200395584106, 336, 0, 0, 75373, 36.39714813232422, 18136.005859375
318, 6652.437075525522, True, 13.9026358127594, 257, 0, 0, 75629, 30.44294548034668, 18008.640625
319, 7651.52752199769, True, 15.576493740081787, 290, 0, 0, 75918, 32.886505126953125, 17971.376953125
320, 7408.716746389866, True, 9.082518100738525, 166, 0, 0, 76083, 32.90732192993164, 17834.0390625
321, 6237.24577152729, True, 33.476454734802246, 578, 0, 0, 76660, 35.388648986816406, 18085.6796875
322, -7857.395354270935, False, 3.5077059268951416, 58, 0, 0, 76717, 34.391136169433594, 17565.345703125
323, 5240.887395977974, True, 18.45348024368286, 298, 0, 0, 77014, 36.27833938598633, 18152.0625
324, -14555.306102573872, False, 30.73626446723938, 529, 0, 0, 77542, 38.62820816040039, 18329.544921875
325, 7685.874434173107, True, 11.697288990020752, 188, 0, 0, 77729, 33.00933837890625, 18452.50390625
326, -7611.626507282257, False, 3.6075408458709717, 59, 0, 0, 77787, 35.28071212768555, 17926.01953125
327, 7426.317385673523, True, 10.792582273483276, 177, 0, 0, 77963, 37.13298797607422, 18434.166015625
328, -11872.388175427914, False, 21.056032180786133, 342, 0, 0, 78304, 37.820194244384766, 18407.18359375
329, 7950.640095084906, True, 4.2538135051727295, 69, 0, 0, 78372, 41.67624282836914, 18896.41015625
330, -8372.017125844955, False, 5.183574438095093, 86, 0, 0, 78457, 34.511497497558594, 18164.298828125
331, 7784.005507141352, True, 10.733139276504517, 182, 0, 0, 78638, 31.200294494628906, 18589.216796875
332, -7608.196192443371, False, 13.374019145965576, 241, 0, 0, 78878, 37.61648178100586, 18340.9140625
333, 7738.125495642424, True, 7.577713966369629, 133, 0, 0, 79010, 34.046566009521484, 18345.978515625
334, -7557.873766064644, False, 10.804512023925781, 195, 0, 0, 79204, 40.767818450927734, 18482.2890625
335, 7629.314116343856, True, 14.82703685760498, 269, 0, 0, 79472, 38.5652961730957, 18511.21484375
336, -13248.34053093195, False, 25.351980924606323, 458, 0, 0, 79929, 31.914775848388672, 18843.107421875
337, -7509.361738920212, False, 12.30236268043518, 221, 0, 0, 80149, 39.672828674316406, 19033.41015625
338, 7043.41738691926, True, 18.433144092559814, 327, 0, 0, 80475, 34.33152770996094, 18663.916015625
339, -10715.082533180714, False, 41.544843435287476, 739, 0, 0, 81213, 35.29240417480469, 18811.654296875
340, 7878.430718809366, True, 9.218703746795654, 163, 0, 0, 81375, 40.164405822753906, 18727.505859375
341, 7415.304814875126, True, 10.913811206817627, 189, 0, 0, 81563, 40.83450698852539, 19149.935546875
342, -11732.753568410873, False, 19.46411895751953, 342, 0, 0, 81904, 37.855281829833984, 18883.38671875
343, 7602.713861882687, True, 11.630609273910522, 207, 0, 0, 82110, 34.42387008666992, 18869.47265625
344, -9255.873740196228, False, 7.980921268463135, 136, 0, 0, 82245, 36.56753921508789, 18798.318359375
345, 7710.167150110006, True, 13.950823307037354, 243, 0, 0, 82487, 38.13628387451172, 19105.220703125
346, 6030.348055362701, True, 32.75602674484253, 573, 0, 0, 83059, 34.661808013916016, 19218.263671875
347, -11121.076222658157, False, 13.732532739639282, 240, 0, 0, 83298, 35.64561080932617, 18957.478515625
348, 7226.355938911438, True, 11.487900495529175, 197, 0, 0, 83494, 39.639156341552734, 19127.775390625
349, -8162.548219203949, False, 5.782620429992676, 95, 0, 0, 83588, 30.638944625854492, 19441.388671875
350, 7810.113027900457, True, 6.129803895950317, 107, 0, 0, 83694, 32.148292541503906, 19518.115234375
351, -7299.990982174873, False, 4.882257461547852, 84, 0, 0, 83777, 36.66835403442383, 19091.453125
352, 7506.455803304911, True, 17.767028093338013, 302, 0, 0, 84078, 38.44294738769531, 19060.55859375
353, 7572.5570041537285, True, 12.858280897140503, 218, 0, 0, 84295, 34.36024475097656, 19224.755859375
354, 6512.842307150364, True, 16.474151849746704, 252, 0, 0, 84546, 36.25220489501953, 18864.33984375
355, -7729.467080235481, False, 14.4312744140625, 217, 0, 0, 84762, 39.381229400634766, 19084.984375
356, 7672.198994010687, True, 14.791529178619385, 230, 0, 0, 84991, 35.46132278442383, 19153.958984375
357, -8857.575334012508, False, 10.694265127182007, 169, 0, 0, 85159, 38.051639556884766, 18727.1484375
358, 7009.910129696131, True, 15.812069416046143, 265, 0, 0, 85423, 34.60588073730469, 18886.361328125
359, -9964.903017908335, False, 22.858885526657104, 387, 0, 0, 85809, 36.33448028564453, 19146.41796875
360, 7165.654764562845, True, 18.803958654403687, 324, 0, 0, 86132, 41.93208312988281, 19302.5859375
361, 7349.479663968086, True, 17.77067756652832, 301, 0, 0, 86432, 35.680763244628906, 18898.044921875
362, -7563.061713695526, False, 3.6532998085021973, 65, 0, 0, 86496, 38.207698822021484, 18862.095703125
363, -7938.33752822876, False, 12.792854309082031, 194, 0, 0, 86689, 36.34696960449219, 19159.544921875
364, 7870.056524068117, True, 9.475808143615723, 145, 0, 0, 86833, 39.95754623413086, 19303.625
365, 7096.513981461525, True, 20.547058820724487, 341, 0, 0, 87173, 35.72611999511719, 19317.865234375
366, 7565.28556573391, True, 16.649723052978516, 282, 0, 0, 87454, 36.85713195800781, 19018.998046875
367, 7658.179757148027, True, 15.170310020446777, 250, 0, 0, 87703, 39.45286178588867, 18811.681640625
368, 7491.707893699408, True, 20.7662992477417, 322, 0, 0, 88024, 37.93100357055664, 19009.66796875
369, -10489.699763059616, False, 21.654646158218384, 335, 0, 0, 88358, 37.154396057128906, 19137.365234375
370, 7797.075293034315, True, 10.138596534729004, 170, 0, 0, 88527, 37.37898254394531, 19215.662109375
371, -8307.949531972408, False, 17.84920334815979, 299, 0, 0, 88825, 36.86779022216797, 18973.78515625
372, 7804.716495871544, True, 6.98231840133667, 117, 0, 0, 88941, 36.50297927856445, 19119.482421875
373, 6109.822473227978, True, 21.7916042804718, 362, 0, 0, 89302, 38.18940353393555, 19137.37109375
374, -10086.961316466331, False, 23.555468559265137, 395, 0, 0, 89696, 38.37704849243164, 19148.09765625
375, 7743.993416815996, True, 10.30649709701538, 170, 0, 0, 89865, 40.21747589111328, 18871.15234375
376, 7388.5374945402145, True, 22.991469621658325, 383, 0, 0, 90247, 38.110618591308594, 19288.1328125
377, -9006.687744230032, False, 26.69770860671997, 452, 0, 0, 90698, 36.88397216796875, 19008.451171875
378, 6978.960468828678, True, 21.066094875335693, 353, 0, 0, 91050, 35.86129379272461, 19042.486328125
379, 6376.09941509366, True, 33.04092216491699, 511, 0, 0, 91560, 39.624454498291016, 18980.376953125
380, 7224.2032198011875, True, 22.089184999465942, 331, 0, 0, 91890, 35.08246612548828, 19083.32421875
381, 7341.713628530502, True, 21.580697298049927, 353, 0, 0, 92242, 31.911102294921875, 19102.630859375
382, 6162.977317884564, True, 31.57276439666748, 524, 0, 0, 92765, 36.34836196899414, 19043.765625
383, 7098.2914009690285, True, 21.158087730407715, 351, 0, 0, 93115, 38.037078857421875, 19006.0625
384, -8982.228771150112, False, 14.46297001838684, 236, 0, 0, 93350, 36.2064094543457, 19070.810546875
385, 7740.814364075661, True, 11.014395236968994, 183, 0, 0, 93532, 37.92456817626953, 18854.337890625
386, 6330.570322334766, True, 30.75444507598877, 502, 0, 0, 94033, 34.925472259521484, 18999.3359375
387, -7328.568119883537, False, 5.296551942825317, 88, 0, 0, 94120, 36.954627990722656, 18746.330078125
388, 5820.4079468250275, True, 32.51627707481384, 540, 0, 0, 94659, 32.90058135986328, 19227.107421875
389, 7193.935326978564, True, 21.632304906845093, 357, 0, 0, 95015, 40.216793060302734, 19088.978515625
390, 7783.366459310055, True, 9.700405359268188, 157, 0, 0, 95171, 42.02790832519531, 18904.8671875
391, -7726.440980017185, False, 11.29551076889038, 187, 0, 0, 95357, 36.91619110107422, 18998.755859375
392, 7755.003435879946, True, 10.640223503112793, 176, 0, 0, 95532, 38.944461822509766, 18999.91796875
393, -9542.178230881691, False, 13.93332576751709, 231, 0, 0, 95762, 39.72431182861328, 19147.595703125
394, -7690.5560113191605, False, 12.456682682037354, 206, 0, 0, 95967, 34.92481994628906, 18890.27734375
395, -7780.270542919636, False, 9.850063800811768, 163, 0, 0, 96129, 35.158042907714844, 19139.841796875
396, 7929.480817198753, True, 4.21356725692749, 70, 0, 0, 96198, 34.218502044677734, 18587.09765625
397, 7765.193616718054, True, 9.52307415008545, 158, 0, 0, 96355, 40.04758071899414, 19048.576171875
398, -7510.197687983513, False, 11.047152519226074, 183, 0, 0, 96537, 35.440650939941406, 18969.560546875
399, 7821.685503274202, True, 9.787768602371216, 163, 0, 0, 96699, 33.324066162109375, 18913.416015625
400, -7804.813631057739, False, 14.194376707077026, 211, 0, 0, 96909, 34.17000198364258, 18928.21875
401, -7328.41279643774, False, 8.743924856185913, 155, 0, 0, 97063, 37.356380462646484, 19065.6953125
402, 7801.2147034704685, True, 6.947986125946045, 123, 0, 0, 97185, 37.75874328613281, 18320.501953125
403, 7536.690946519375, True, 11.71298861503601, 213, 0, 0, 97397, 36.43955612182617, 19086.736328125
404, 7216.015724807978, True, 9.995065450668335, 176, 0, 0, 97572, 39.47121810913086, 18592.904296875
405, -8428.298678815365, False, 8.619329929351807, 152, 0, 0, 97723, 34.66984176635742, 18713.220703125
406, 7424.245167165995, True, 17.074265718460083, 312, 0, 0, 98034, 34.92572784423828, 18835.052734375
407, 7112.823004126549, True, 20.02550721168518, 332, 0, 0, 98365, 30.892757415771484, 18735.111328125
408, 7760.304780870676, True, 10.988250494003296, 167, 0, 0, 98531, 37.724891662597656, 18792.41796875
409, 7429.735503643751, True, 16.23341393470764, 260, 0, 0, 98790, 37.593936920166016, 18810.17578125
410, -10167.370742082596, False, 41.718568563461304, 604, 0, 0, 99393, 34.23164367675781, 18941.767578125
411, 7805.884897559881, True, 6.46479868888855, 121, 0, 0, 99513, 42.2039909362793, 18653.701171875
412, 7557.932184249163, True, 9.973327398300171, 158, 0, 0, 99670, 36.21760559082031, 18778.53515625
413, -7716.347814798355, False, 7.32627534866333, 105, 0, 0, 99774, 33.44125747680664, 18609.5625
414, 7832.1667290478945, True, 10.068986177444458, 138, 0, 0, 99911, 37.910743713378906, 18953.498046875
415, -7706.871770560741, False, 11.640024423599243, 188, 0, 0, 100000, 42.159446716308594, 18893.7109375
416, 7746.172892034054, True, 9.885929346084595, 164, 0, 0, 100000, 40.06046676635742, 18883.849609375
417, 7666.045540183783, True, 9.275979042053223, 152, 0, 0, 100000, 31.247777938842773, 18909.501953125
418, 7669.760091632605, True, 14.084067106246948, 228, 0, 0, 100000, 33.700138092041016, 18929.193359375
419, -8772.712408304214, False, 27.596495389938354, 451, 0, 0, 100000, 37.90706253051758, 18858.408203125
420, 6299.976264953613, True, 24.92113161087036, 412, 0, 0, 100000, 34.510765075683594, 18983.90234375
421, 7060.773898988962, True, 22.75602626800537, 373, 0, 0, 100000, 37.45969772338867, 18912.51171875
422, 7556.409799277782, True, 9.66360068321228, 156, 0, 0, 100000, 41.689048767089844, 18868.2421875
423, -8462.421012043953, False, 8.965265274047852, 146, 0, 0, 100000, 35.84188461303711, 18632.61328125
424, 7877.556856006384, True, 9.02115797996521, 148, 0, 0, 100000, 38.645198822021484, 18783.6484375
425, 6858.853287875652, True, 22.896096229553223, 364, 0, 0, 100000, 36.57292556762695, 18703.484375
426, 7624.877212464809, True, 12.886186599731445, 193, 0, 0, 100000, 37.01523971557617, 18727.65625
427, 7256.08269892633, True, 30.625611543655396, 457, 0, 0, 100000, 39.28380584716797, 18817.146484375
428, -8172.537337005138, False, 16.966976642608643, 254, 0, 0, 100000, 36.66191864013672, 18744.3046875
429, 7751.981248319149, True, 7.2078940868377686, 107, 0, 0, 100000, 37.81361770629883, 18842.025390625
430, 7218.90914618969, True, 17.882545471191406, 265, 0, 0, 100000, 40.9989013671875, 18671.958984375
431, 7453.177046895027, True, 10.342013359069824, 172, 0, 0, 100000, 34.725223541259766, 18716.47265625
432, 2221.665040537715, True, 32.003737926483154, 479, 0, 0, 100000, 35.9628791809082, 18840.775390625
433, -7870.237741291523, False, 19.662344455718994, 300, 0, 0, 100000, 39.28107833862305, 19159.341796875
434, -8007.090670734644, False, 10.381350755691528, 171, 0, 0, 100000, 38.562007904052734, 18893.548828125
435, 7435.84014570713, True, 13.409959316253662, 220, 0, 0, 100000, 38.380767822265625, 18570.212890625
436, 7788.074604451656, True, 12.196054220199585, 180, 0, 0, 100000, 35.72990798950195, 18799.60546875
437, -7551.011558830738, False, 9.523326635360718, 141, 0, 0, 100000, 36.72038269042969, 18941.109375
438, 7831.27014914155, True, 10.014884233474731, 153, 0, 0, 100000, 43.09156799316406, 19119.34375
439, -8219.213966488838, False, 15.366020441055298, 228, 0, 0, 100000, 37.156253814697266, 18845.19921875
440, -7728.917211055756, False, 9.716957092285156, 148, 0, 0, 100000, 41.43672180175781, 18983.712890625
441, 7831.426334246993, True, 6.806235313415527, 112, 0, 0, 100000, 42.105133056640625, 18571.09375
442, -7628.685142278671, False, 6.345604419708252, 105, 0, 0, 100000, 41.205528259277344, 18662.802734375
443, -7619.815193772316, False, 12.479748964309692, 204, 0, 0, 100000, 39.535648345947266, 18703.05078125
444, 7352.888298690319, True, 17.832254648208618, 266, 0, 0, 100000, 38.70930862426758, 18741.787109375
445, 6846.074070394039, True, 25.48228430747986, 385, 0, 0, 100000, 37.62007522583008, 18819.021484375
446, 4345.70415648818, True, 33.184765338897705, 525, 0, 0, 100000, 37.04905319213867, 19024.23828125
447, 7116.447803795338, True, 19.539659023284912, 320, 0, 0, 100000, 39.924808502197266, 18961.216796875
448, 5345.637347102165, True, 36.452826738357544, 555, 0, 0, 100000, 38.072731018066406, 18998.759765625
449, 7696.393963128328, True, 10.556162118911743, 187, 0, 0, 100000, 33.46812057495117, 18848.755859375
450, 7807.601174652576, True, 8.480971813201904, 147, 0, 0, 100000, 36.32809066772461, 18820.400390625
451, 6695.911772340536, True, 27.293174743652344, 437, 0, 0, 100000, 37.56320571899414, 19244.228515625
452, 7416.440013311803, True, 23.615675449371338, 350, 0, 0, 100000, 36.961429595947266, 19007.548828125
453, -7911.865791857243, False, 10.533627271652222, 159, 0, 0, 100000, 39.8043212890625, 18977.931640625
454, -7578.2695853710175, False, 10.531958103179932, 160, 0, 0, 100000, 40.58134841918945, 18651.642578125
455, 7828.85921639204, True, 7.4218528270721436, 111, 0, 0, 100000, 38.77406311035156, 18612.763671875
456, 7593.464976429939, True, 10.229920148849487, 168, 0, 0, 100000, 36.183929443359375, 18646.814453125
457, 4129.633980244398, True, 45.93627905845642, 750, 0, 0, 100000, 39.86750793457031, 18813.15625
458, -7323.7889186143875, False, 1.7937757968902588, 30, 0, 0, 100000, 38.010982513427734, 18615.9609375
459, 7803.293922424316, True, 10.074228525161743, 166, 0, 0, 100000, 35.87688446044922, 18941.515625
460, 1547.3192075788975, True, 52.575875997543335, 861, 0, 0, 100000, 36.5677604675293, 18721.185546875
461, -11212.74546021223, False, 45.865686893463135, 754, 0, 0, 100000, 36.559974670410156, 18928.728515625
462, 7928.0112181305885, True, 4.118176460266113, 69, 0, 0, 100000, 47.32461166381836, 18924.611328125
463, 7354.460658878088, True, 9.7271409034729, 159, 0, 0, 100000, 35.342506408691406, 19016.51171875
464, -12423.479645729065, False, 22.681410312652588, 372, 0, 0, 100000, 39.92325210571289, 18955.205078125
465, 7775.506226062775, True, 10.029346466064453, 166, 0, 0, 100000, 31.01996612548828, 18993.578125
466, 6868.658589839935, True, 24.123872756958008, 397, 0, 0, 100000, 35.69497299194336, 19031.93359375
467, 6906.945258438587, True, 21.82706356048584, 355, 0, 0, 100000, 35.29661560058594, 18964.982421875
468, -7834.48504114151, False, 15.22185754776001, 248, 0, 0, 100000, 36.99552917480469, 18929.912109375
469, 7838.810469686985, True, 10.109484434127808, 167, 0, 0, 100000, 35.976890563964844, 18725.31640625
470, 6879.993630677462, True, 27.942749500274658, 457, 0, 0, 100000, 32.938453674316406, 18918.30859375
471, -7492.448600769043, False, 5.5280351638793945, 91, 0, 0, 100000, 37.403621673583984, 18562.28125
472, 7264.282116055489, True, 15.285100936889648, 251, 0, 0, 100000, 36.90602111816406, 18847.83984375
473, 7603.94538205862, True, 13.332624673843384, 220, 0, 0, 100000, 36.462890625, 18973.037109375
474, 7675.464482575655, True, 9.394364595413208, 154, 0, 0, 100000, 33.18540573120117, 18793.220703125
475, 7263.130618751049, True, 20.797314882278442, 339, 0, 0, 100000, 35.12606430053711, 18817.078125
476, 7364.169607684016, True, 18.14269781112671, 292, 0, 0, 100000, 36.959468841552734, 18992.21484375
477, -7600.586782157421, False, 16.970638036727905, 273, 0, 0, 100000, 37.96323013305664, 18816.693359375
478, 7922.639656364918, True, 4.254584789276123, 70, 0, 0, 100000, 40.67079544067383, 18886.24609375
479, 6992.652813881636, True, 22.96381449699402, 376, 0, 0, 100000, 37.78123092651367, 18929.810546875
480, 7491.235117793083, True, 13.269806623458862, 219, 0, 0, 100000, 38.1960563659668, 18980.7265625
481, 7699.287199348211, True, 16.187984943389893, 263, 0, 0, 100000, 40.618446350097656, 18705.515625
482, 7253.800204277039, True, 20.01362419128418, 328, 0, 0, 100000, 37.11506271362305, 18829.822265625
483, -7189.8764979839325, False, 0.8223142623901367, 15, 0, 0, 100000, 43.10707092285156, 17929.404296875
484, 6996.264525830746, True, 12.89931607246399, 209, 0, 0, 100000, 37.581298828125, 18604.5546875
485, 7515.295362114906, True, 16.750327587127686, 275, 0, 0, 100000, 39.1385612487793, 18817.240234375
486, -8214.600771158934, False, 28.69444513320923, 464, 0, 0, 100000, 36.22696304321289, 18926.669921875
487, 7790.090535223484, True, 6.282215595245361, 105, 0, 0, 100000, 37.85997772216797, 18865.6640625
488, -7610.959566771984, False, 14.304983854293823, 233, 0, 0, 100000, 35.2901611328125, 18603.0390625
489, 7835.619158685207, True, 9.081013441085815, 148, 0, 0, 100000, 40.480934143066406, 18462.236328125
490, 7039.547959655523, True, 28.265777111053467, 460, 0, 0, 100000, 36.863441467285156, 18896.09765625
491, -7738.273648381233, False, 7.363335371017456, 121, 0, 0, 100000, 36.33401107788086, 18678.5625
492, 7231.551054432988, True, 16.766635417938232, 272, 0, 0, 100000, 35.18341064453125, 18805.626953125
493, 3380.4034712314606, True, 53.23125457763672, 873, 0, 0, 100000, 36.091861724853516, 18905.646484375
494, -7688.747236251831, False, 5.186513423919678, 85, 0, 0, 100000, 37.65222930908203, 18838.646484375
495, 7187.927660256624, True, 17.65915036201477, 289, 0, 0, 100000, 37.77008056640625, 18819.654296875
496, -7517.78447663784, False, 12.076613664627075, 198, 0, 0, 100000, 38.533321380615234, 18758.044921875
497, 7786.608576953411, True, 9.651844024658203, 158, 0, 0, 100000, 32.884464263916016, 18859.55078125
498, 6842.300028026104, True, 26.733455181121826, 436, 0, 0, 100000, 33.38454055786133, 18713.962890625
499, 7522.2180289924145, True, 12.071333408355713, 196, 0, 0, 100000, 40.77614212036133, 18839.98046875
500, 7141.423919394612, True, 21.947887420654297, 352, 0, 0, 100000, 39.97952651977539, 19004.80859375
501, 7180.048907130957, True, 23.236097812652588, 374, 0, 0, 100000, 38.759029388427734, 18914.447265625
502, 6883.965921625495, True, 22.288528442382812, 361, 0, 0, 100000, 38.72138214111328, 18907.474609375
503, -8080.895252048969, False, 9.119511365890503, 150, 0, 0, 100000, 30.853031158447266, 18703.232421875
504, 6894.419986784458, True, 14.920400857925415, 243, 0, 0, 100000, 37.3845329284668, 19012.3125
505, 7336.911352276802, True, 21.908490896224976, 357, 0, 0, 100000, 35.09270095825195, 18969.880859375
506, -7861.826335310936, False, 7.521222829818726, 124, 0, 0, 100000, 41.758399963378906, 18753.55859375
507, 7934.962565094233, True, 4.136119842529297, 69, 0, 0, 100000, 30.65763282775879, 18818.271484375
508, 6116.575301408768, True, 28.79550552368164, 470, 0, 0, 100000, 37.8421516418457, 18764.533203125
509, 7334.61643242836, True, 19.207384824752808, 296, 0, 0, 100000, 38.13972091674805, 18870.509765625
510, -7490.203775405884, False, 4.742563962936401, 71, 0, 0, 100000, 33.23850631713867, 18518.26171875
511, 7891.925439178944, True, 9.141761064529419, 137, 0, 0, 100000, 36.38255310058594, 18723.875
512, 7473.470470368862, True, 17.71635866165161, 286, 0, 0, 100000, 36.14006805419922, 18830.19140625
513, 5952.436473876238, True, 24.556548357009888, 401, 0, 0, 100000, 33.72600555419922, 18757.380859375
514, -7134.54390668869, False, 0.2487332820892334, 5, 0, 0, 100000, 40.87605285644531, 14666.9658203125
515, 7325.296242952347, True, 15.581961870193481, 255, 0, 0, 100000, 38.916961669921875, 18803.955078125
516, 6713.329176694155, True, 32.73535943031311, 534, 0, 0, 100000, 32.7657470703125, 18737.759765625
517, 6394.301534533501, True, 35.95084857940674, 586, 0, 0, 100000, 34.97332763671875, 18905.1328125
518, 6129.454721748829, True, 33.494128704071045, 547, 0, 0, 100000, 38.05851364135742, 18812.767578125
519, -8576.108587384224, False, 11.0201895236969, 178, 0, 0, 100000, 38.94275665283203, 18846.765625
520, 7795.076951146126, True, 9.605945348739624, 153, 0, 0, 100000, 36.050140380859375, 18790.68359375
521, 7338.724704295397, True, 22.342366456985474, 354, 0, 0, 100000, 34.049644470214844, 18797.232421875
522, -7976.800026059151, False, 11.167381525039673, 181, 0, 0, 100000, 41.052120208740234, 18773.166015625
523, 7260.762994617224, True, 17.521631956100464, 285, 0, 0, 100000, 33.954341888427734, 18812.431640625
524, -7552.980616986752, False, 11.577592134475708, 190, 0, 0, 100000, 38.57044219970703, 18800.759765625
525, 7578.020226687193, True, 15.199260473251343, 250, 0, 0, 100000, 35.43775177001953, 18912.044921875
526, 6843.123209998012, True, 27.620697736740112, 448, 0, 0, 100000, 38.117652893066406, 18992.439453125
527, 6834.6299662292, True, 23.21460795402527, 378, 0, 0, 100000, 32.01413345336914, 18897.455078125
528, 7200.8491234481335, True, 20.17377996444702, 329, 0, 0, 100000, 33.564022064208984, 18844.328125
529, 6607.659166842699, True, 13.225430727005005, 216, 0, 0, 100000, 32.438350677490234, 18818.263671875
530, -7400.107482910156, False, 1.057713508605957, 18, 0, 0, 100000, 32.69870376586914, 17752.611328125
531, 7235.252003371716, True, 18.07810878753662, 296, 0, 0, 100000, 33.84410858154297, 18805.552734375
532, 7012.532921850681, True, 21.419543981552124, 350, 0, 0, 100000, 31.716018676757812, 18896.76171875
533, 6897.9443757236, True, 17.58361005783081, 283, 0, 0, 100000, 36.918365478515625, 18794.478515625
534, 7504.986503332853, True, 20.410475969314575, 327, 0, 0, 100000, 35.120758056640625, 18802.361328125
535, 7549.552758783102, True, 16.467945098876953, 267, 0, 0, 100000, 34.53355407714844, 18856.0390625
536, 7806.01434469223, True, 9.283934831619263, 153, 0, 0, 100000, 36.59373474121094, 18761.634765625
537, 7152.744616389275, True, 15.732385873794556, 258, 0, 0, 100000, 35.96562957763672, 18790.501953125
538, -9214.0617030859, False, 28.82408046722412, 470, 0, 0, 100000, 35.14445114135742, 18791.1015625
539, 7888.144207835197, True, 9.086985349655151, 148, 0, 0, 100000, 30.285747528076172, 18452.068359375
540, 7385.360082179308, True, 17.35306215286255, 282, 0, 0, 100000, 35.34294891357422, 18959.083984375
541, 7457.865334004164, True, 21.02527928352356, 343, 0, 0, 100000, 35.25737380981445, 18669.958984375
542, 6925.677115857601, True, 15.124728679656982, 246, 0, 0, 100000, 36.63323974609375, 18895.09765625
543, -7208.134303569794, False, 1.2947998046875, 22, 0, 0, 100000, 42.92361831665039, 18658.525390625
544, 5806.016777962446, True, 19.875267505645752, 325, 0, 0, 100000, 35.78513717651367, 18601.162109375
545, 7241.736493349075, True, 21.374286651611328, 349, 0, 0, 100000, 33.956787109375, 18885.08984375
546, 7373.124294221401, True, 17.751457691192627, 288, 0, 0, 100000, 35.486839294433594, 18687.947265625
547, 7776.910013616085, True, 9.899844646453857, 160, 0, 0, 100000, 37.9028434753418, 18926.712890625
548, 7524.0770146250725, True, 13.49030089378357, 218, 0, 0, 100000, 38.36994552612305, 18756.552734375
549, -7390.858103752136, False, 3.4745900630950928, 57, 0, 0, 100000, 27.821531295776367, 18501.76171875
550, 7924.596586823463, True, 4.19665265083313, 69, 0, 0, 100000, 24.880937576293945, 18353.12890625
551, 7775.015415549278, True, 9.686726093292236, 158, 0, 0, 100000, 32.758148193359375, 18469.5625
552, 6695.993323370814, True, 25.86676836013794, 421, 0, 0, 100000, 35.41937255859375, 18666.798828125
553, 6173.418092429638, True, 26.856208562850952, 441, 0, 0, 100000, 35.29695510864258, 18825.099609375
554, 7161.595573425293, True, 19.208988904953003, 315, 0, 0, 100000, 39.29006576538086, 18814.013671875
555, 6177.663371503353, True, 23.40400195121765, 381, 0, 0, 100000, 34.85165023803711, 18645.89453125
556, -7497.819142699242, False, 6.1046905517578125, 100, 0, 0, 100000, 42.907962799072266, 18653.482421875
557, 7694.503887012601, True, 14.270450592041016, 233, 0, 0, 100000, 39.64773178100586, 18955.234375
558, -10219.969166815281, False, 40.564356565475464, 663, 0, 0, 100000, 34.25448989868164, 18553.314453125
559, 7786.171784698963, True, 9.792611598968506, 161, 0, 0, 100000, 33.5903205871582, 18674.6171875
560, 5878.1349313259125, True, 18.395092010498047, 292, 0, 0, 100000, 37.890071868896484, 18675.375
561, 7145.10156416893, True, 15.938762426376343, 253, 0, 0, 100000, 35.86333465576172, 18783.32421875
562, -7702.566110819578, False, 15.758929014205933, 255, 0, 0, 100000, 34.8636360168457, 18643.822265625
563, -7725.957831263542, False, 9.579424619674683, 155, 0, 0, 100000, 32.29585647583008, 18452.37109375
564, 7615.152952328324, True, 12.41866683959961, 203, 0, 0, 100000, 36.70730972290039, 18784.8515625
565, 7121.4945822656155, True, 22.65545630455017, 368, 0, 0, 100000, 34.014007568359375, 18441.595703125
566, 7098.252820968628, True, 10.480626344680786, 171, 0, 0, 100000, 38.195953369140625, 18242.087890625
567, 6935.734474956989, True, 12.366764307022095, 203, 0, 0, 100000, 31.75508689880371, 18303.994140625
568, 6959.563228100538, True, 16.391321897506714, 267, 0, 0, 100000, 29.955059051513672, 18445.794921875
569, 7664.4540702700615, True, 9.708680629730225, 158, 0, 0, 100000, 37.912906646728516, 18065.412109375
570, -7666.425202846527, False, 17.14110827445984, 280, 0, 0, 100000, 36.58179473876953, 18520.859375
571, -7592.242806434631, False, 12.126757860183716, 198, 0, 0, 100000, 30.85346221923828, 18331.802734375
572, 7825.315442226827, True, 10.333194017410278, 169, 0, 0, 100000, 31.323333740234375, 18299.51171875
573, 7697.129029452801, True, 13.314946174621582, 207, 0, 0, 100000, 37.72936248779297, 18521.40625
574, -9358.466197252274, False, 35.98832392692566, 669, 0, 0, 100000, 37.96561050415039, 18313.576171875
575, 7371.99961656332, True, 13.341562986373901, 217, 0, 0, 100000, 36.15446472167969, 18128.38671875
576, 6625.650782495737, True, 21.890965700149536, 344, 0, 0, 100000, 33.36739730834961, 18274.033203125
577, 6598.55849917233, True, 29.09116291999817, 481, 0, 0, 100000, 37.79568099975586, 18032.64453125
578, -10404.746553778648, False, 18.173346519470215, 318, 0, 0, 100000, 34.73735046386719, 17996.615234375
579, -7558.153843104839, False, 13.3223237991333, 213, 0, 0, 100000, 36.17755889892578, 17861.853515625
580, 7178.198178768158, True, 19.663843870162964, 310, 0, 0, 100000, 37.34246063232422, 17819.91015625
581, 6392.409398838878, True, 23.184308767318726, 361, 0, 0, 100000, 36.91109848022461, 17909.7265625
582, 6019.121590137482, True, 33.80090045928955, 495, 0, 0, 100000, 37.84812927246094, 18059.05859375
583, 6821.971097141504, True, 25.80445623397827, 394, 0, 0, 100000, 39.050384521484375, 17853.53125
584, -8345.595952391624, False, 14.542132139205933, 216, 0, 0, 100000, 37.36964416503906, 17826.236328125
585, 7576.729760438204, True, 12.504969358444214, 186, 0, 0, 100000, 38.523983001708984, 17914.19140625
586, 7138.443146884441, True, 25.95537805557251, 382, 0, 0, 100000, 36.14562225341797, 17850.33203125
587, 7172.8174804747105, True, 19.26863169670105, 295, 0, 0, 100000, 38.179351806640625, 17927.25390625
588, 7797.309829235077, True, 7.823819875717163, 118, 0, 0, 100000, 42.31416702270508, 17574.263671875
589, 7760.232305407524, True, 10.910435438156128, 162, 0, 0, 100000, 36.733985900878906, 17803.5078125
590, -8856.393242299557, False, 20.383092164993286, 316, 0, 0, 100000, 34.363590240478516, 17711.326171875
591, 7808.294171229005, True, 10.20483946800232, 167, 0, 0, 100000, 33.396427154541016, 17725.794921875
592, -8755.081650674343, False, 15.680815696716309, 255, 0, 0, 100000, 42.689491271972656, 17844.431640625
593, 7634.55060249567, True, 14.630231142044067, 239, 0, 0, 100000, 36.890533447265625, 17826.228515625
594, 7269.0109088122845, True, 23.43726682662964, 379, 0, 0, 100000, 37.90727233886719, 17697.880859375
595, 7386.292403519154, True, 19.809084177017212, 323, 0, 0, 100000, 39.091087341308594, 17521.794921875
596, -7399.1138916015625, False, 3.575329303741455, 53, 0, 0, 100000, 24.833003997802734, 17175.517578125
597, -7399.1980021595955, False, 9.56580901145935, 143, 0, 0, 100000, 28.305177688598633, 17354.52734375
598, 7636.0309772491455, True, 12.19109559059143, 182, 0, 0, 100000, 31.499727249145508, 17409.69140625
599, 7542.340234935284, True, 13.411688804626465, 220, 0, 0, 100000, 36.32987976074219, 17238.38671875
600, 7078.985320806503, True, 24.566282749176025, 396, 0, 0, 100000, 33.4616813659668, 17548.421875
601, 7205.913095206022, True, 25.96196937561035, 452, 0, 0, 100000, 33.9740104675293, 17398.091796875
602, 7503.124147713184, True, 9.682233810424805, 181, 0, 0, 100000, 36.46377182006836, 17187.626953125
603, 6200.9039997160435, True, 23.217286348342896, 366, 0, 0, 100000, 36.78184509277344, 17342.611328125
604, -7708.910608172417, False, 6.89848256111145, 110, 0, 0, 100000, 43.68136215209961, 17506.6796875
605, 7084.160326361656, True, 20.217098236083984, 319, 0, 0, 100000, 39.4596061706543, 17532.173828125
606, 7335.533500611782, True, 21.223527431488037, 338, 0, 0, 100000, 32.203975677490234, 17409.435546875
607, 7580.049394637346, True, 14.146093130111694, 229, 0, 0, 100000, 36.25567626953125, 17096.8203125
608, 7143.954037308693, True, 24.313629388809204, 393, 0, 0, 100000, 35.99803161621094, 17158.00390625
609, -7324.274397015572, False, 5.227081298828125, 86, 0, 0, 100000, 32.510154724121094, 16686.751953125
610, 7927.092092037201, True, 4.001620292663574, 66, 0, 0, 100000, 34.8236198425293, 16683.1015625
611, 7720.668721735477, True, 9.048936367034912, 148, 0, 0, 100000, 36.90130615234375, 17168.107421875
612, 7572.212075173855, True, 17.021878242492676, 277, 0, 0, 100000, 36.930763244628906, 17094.173828125
613, 7206.627081185579, True, 17.667937517166138, 287, 0, 0, 100000, 36.032527923583984, 17186.814453125
614, -7732.371813595295, False, 15.963778495788574, 259, 0, 0, 100000, 37.31965637207031, 17221.666015625
615, 6559.4264904260635, True, 19.572314739227295, 310, 0, 0, 100000, 37.607669830322266, 17125.328125
616, 7385.7206237614155, True, 15.743408441543579, 249, 0, 0, 100000, 32.70252227783203, 16963.55859375
617, 7630.88154733181, True, 11.659790754318237, 183, 0, 0, 100000, 31.67821502685547, 16943.56640625
618, 7769.312895268202, True, 8.999115228652954, 141, 0, 0, 100000, 34.08892822265625, 16796.3125
619, 7030.628239244223, True, 26.879640340805054, 433, 0, 0, 100000, 37.48412322998047, 16973.23046875
620, 7414.495386570692, True, 20.904890775680542, 339, 0, 0, 100000, 36.27458572387695, 16896.9609375
621, 7826.305497124791, True, 9.320614576339722, 153, 0, 0, 100000, 35.03261184692383, 16975.498046875
622, -7881.980142235756, False, 5.938770294189453, 97, 0, 0, 100000, 35.61084747314453, 17095.2109375
623, 7228.260182082653, True, 17.314462900161743, 281, 0, 0, 100000, 37.51226043701172, 16858.849609375
624, 7118.756411910057, True, 15.570035457611084, 254, 0, 0, 100000, 34.259368896484375, 16932.228515625
625, 7337.568206936121, True, 14.959522247314453, 240, 0, 0, 100000, 35.488441467285156, 16860.724609375
626, 5923.262317985296, True, 31.747064113616943, 516, 0, 0, 100000, 37.26725387573242, 17003.486328125
627, -8174.127253353596, False, 21.721935033798218, 352, 0, 0, 100000, 36.66496276855469, 16703.982421875
628, -9174.041711866856, False, 25.642679452896118, 416, 0, 0, 100000, 36.33609390258789, 16963.505859375
629, 7771.386469334364, True, 10.04501461982727, 163, 0, 0, 100000, 34.14596176147461, 16684.05078125
630, -7602.320798873901, False, 7.731402158737183, 126, 0, 0, 100000, 38.21156311035156, 16839.861328125
631, 7739.111617654562, True, 9.811734199523926, 161, 0, 0, 100000, 36.00111770629883, 16731.048828125
632, 7384.7205008119345, True, 22.351910829544067, 358, 0, 0, 100000, 38.56341552734375, 16682.689453125
633, 6464.652372956276, True, 22.22725820541382, 359, 0, 0, 100000, 33.97211456298828, 16836.109375
634, 7591.206299692392, True, 20.744724988937378, 335, 0, 0, 100000, 37.430633544921875, 16791.841796875
635, 6852.261097967625, True, 22.444605827331543, 361, 0, 0, 100000, 38.57004928588867, 16747.248046875
636, 7138.184135258198, True, 20.644139766693115, 336, 0, 0, 100000, 40.396484375, 16710.50390625
637, 7069.1054982841015, True, 23.124879598617554, 373, 0, 0, 100000, 39.68578338623047, 16911.376953125
638, -7616.541052401066, False, 10.092406988143921, 164, 0, 0, 100000, 31.297203063964844, 16648.857421875
639, -7396.714697539806, False, 9.32491421699524, 152, 0, 0, 100000, 40.453277587890625, 16688.138671875
640, 7731.247470706701, True, 10.093482255935669, 165, 0, 0, 100000, 38.166053771972656, 16606.625
641, -8474.74943369627, False, 17.596503973007202, 287, 0, 0, 100000, 37.23427963256836, 16598.201171875
642, 7345.602425485849, True, 15.671778202056885, 256, 0, 0, 100000, 35.728580474853516, 16777.029296875
643, 7279.1304519325495, True, 21.23663830757141, 347, 0, 0, 100000, 35.93236541748047, 16430.7109375
644, -7396.785483837128, False, 3.783163070678711, 63, 0, 0, 100000, 40.742488861083984, 16309.373046875
645, 7676.065414309502, True, 10.21167778968811, 168, 0, 0, 100000, 45.45441818237305, 16632.16015625
646, -8810.515743017197, False, 15.316606521606445, 236, 0, 0, 100000, 38.5724983215332, 16476.138671875
647, 7477.263894349337, True, 15.834704637527466, 233, 0, 0, 100000, 33.94599914550781, 16472.3359375
648, 6321.7326465547085, True, 25.288628339767456, 376, 0, 0, 100000, 35.2501220703125, 16499.951171875
649, 7110.036541700363, True, 15.50991678237915, 231, 0, 0, 100000, 35.04539489746094, 16569.572265625
650, -7841.622614979744, False, 15.026786804199219, 222, 0, 0, 100000, 40.257808685302734, 16619.189453125
651, 7857.071624994278, True, 9.115291118621826, 143, 0, 0, 100000, 40.44377517700195, 16067.25390625
652, -7835.182973921299, False, 13.409430265426636, 216, 0, 0, 100000, 31.17719268798828, 16634.41015625
653, 7905.97375369072, True, 4.302533149719238, 71, 0, 0, 100000, 42.840999603271484, 16696.017578125
654, -7491.243317246437, False, 6.457578897476196, 107, 0, 0, 100000, 33.24282455444336, 16229.68359375
655, -9365.684175789356, False, 25.002164840698242, 408, 0, 0, 100000, 35.74346923828125, 16499.71484375
656, -7489.966687679291, False, 9.569336891174316, 154, 0, 0, 100000, 38.32178497314453, 16380.1103515625
657, 7282.167777210474, True, 16.9464590549469, 274, 0, 0, 100000, 37.77691650390625, 16507.140625
658, 7159.199256002903, True, 18.722429275512695, 304, 0, 0, 100000, 32.63521194458008, 16380.73046875
659, 7294.301056236029, True, 18.10927152633667, 277, 0, 0, 100000, 41.07087326049805, 16289.36328125
660, -7625.180331647396, False, 14.295532941818237, 212, 0, 0, 100000, 32.920135498046875, 16190.521484375
661, 7341.795176565647, True, 18.906081199645996, 281, 0, 0, 100000, 37.47895431518555, 16230.294921875
662, 7544.1669086664915, True, 19.479175567626953, 290, 0, 0, 100000, 31.03652000427246, 16136.4140625
663, 7535.280635133386, True, 18.07598328590393, 276, 0, 0, 100000, 38.864830017089844, 16269.025390625
664, 7299.545537352562, True, 24.693400621414185, 373, 0, 0, 100000, 37.18052673339844, 16398.65625
665, 7547.4545577168465, True, 15.426131248474121, 243, 0, 0, 100000, 35.138370513916016, 16076.5986328125
666, -9012.24104142189, False, 25.731569051742554, 387, 0, 0, 100000, 35.14112091064453, 16157.7626953125
667, 7267.365018606186, True, 17.28818368911743, 295, 0, 0, 100000, 35.36672592163086, 16086.55078125
668, 7685.976453393698, True, 9.27407717704773, 157, 0, 0, 100000, 43.33890914916992, 15955.5078125
669, -9586.669082462788, False, 36.654865741729736, 666, 0, 0, 100000, 34.713043212890625, 16051.4638671875
670, 6933.185920864344, True, 22.601913928985596, 363, 0, 0, 100000, 36.468597412109375, 16025.3154296875
671, 6946.728849515319, True, 29.655160665512085, 464, 0, 0, 100000, 35.724952697753906, 16054.81640625
672, 7048.492196947336, True, 25.786688566207886, 404, 0, 0, 100000, 40.057857513427734, 15877.0732421875
673, 7156.076246201992, True, 27.433711528778076, 428, 0, 0, 100000, 35.4006233215332, 16037.89453125
674, 7768.63473841548, True, 11.566026449203491, 187, 0, 0, 100000, 32.58882522583008, 15988.458984375
675, 7114.67099443078, True, 20.994711875915527, 341, 0, 0, 100000, 37.856117248535156, 15904.8505859375
676, 7415.287158638239, True, 16.8386709690094, 272, 0, 0, 100000, 34.044315338134766, 15706.8291015625
677, 5453.921709597111, True, 36.04319953918457, 584, 0, 0, 100000, 39.07398223876953, 15943.66796875
678, 7740.284696906805, True, 10.487679719924927, 171, 0, 0, 100000, 35.06193161010742, 15804.3037109375
679, 7329.637263357639, True, 14.827994108200073, 241, 0, 0, 100000, 36.44200897216797, 15618.3271484375
680, 7769.156893521547, True, 9.141833066940308, 150, 0, 0, 100000, 39.427303314208984, 15462.9033203125
681, 7004.700204312801, True, 19.894664764404297, 323, 0, 0, 100000, 34.275962829589844, 15550.873046875
682, 7572.178744316101, True, 18.25355315208435, 297, 0, 0, 100000, 36.23286437988281, 15447.802734375
683, 4515.293665379286, True, 31.390669584274292, 513, 0, 0, 100000, 33.67018127441406, 15545.7646484375
684, -7374.941736698151, False, 0.8687219619750977, 15, 0, 0, 100000, 20.896867752075195, 14554.25
685, 7754.31421482563, True, 9.856815814971924, 162, 0, 0, 100000, 32.96487808227539, 15727.3935546875
686, -8092.383952140808, False, 15.25040864944458, 247, 0, 0, 100000, 37.254188537597656, 15441.76171875
687, 7807.895885586739, True, 10.289398908615112, 168, 0, 0, 100000, 37.04286575317383, 15376.46875
688, 7433.857851147652, True, 11.204429626464844, 181, 0, 0, 100000, 35.93952560424805, 15009.240234375
689, 6654.891669124365, True, 26.302796125411987, 416, 0, 0, 100000, 37.57101058959961, 15152.80859375
690, -7388.244783163071, False, 3.6041126251220703, 59, 0, 0, 100000, 35.9139289855957, 15037.4140625
691, 7417.73321852088, True, 17.507633447647095, 277, 0, 0, 100000, 34.967098236083984, 15144.1484375
692, 7334.990607768297, True, 20.85908555984497, 338, 0, 0, 100000, 36.86268997192383, 15128.01953125
693, 4200.130630970001, True, 24.59809136390686, 402, 0, 0, 100000, 35.11343002319336, 15072.18359375
694, 7253.912854403257, True, 11.525018692016602, 188, 0, 0, 100000, 37.39415740966797, 14958.216796875
695, 7197.372407093644, True, 17.456598043441772, 282, 0, 0, 100000, 35.72422409057617, 15110.2177734375
696, 7452.537710621953, True, 16.798487901687622, 272, 0, 0, 100000, 34.71321487426758, 15232.669921875
697, -7670.882336139679, False, 5.8125081062316895, 96, 0, 0, 100000, 38.53271484375, 15110.7958984375
698, 7784.630566626787, True, 6.989520788192749, 114, 0, 0, 100000, 39.37757110595703, 14775.6572265625
699, 7004.363857775927, True, 16.327736377716064, 267, 0, 0, 100000, 42.388099670410156, 15144.927734375
700, -7771.422087550163, False, 13.526672124862671, 222, 0, 0, 100000, 39.743682861328125, 15264.3798828125
701, 7763.181377977133, True, 7.199498176574707, 118, 0, 0, 100000, 34.03830337524414, 15003.66015625
702, 7395.69038528204, True, 12.98039722442627, 211, 0, 0, 100000, 31.18730354309082, 15172.751953125
703, 7125.202876716852, True, 22.519197463989258, 364, 0, 0, 100000, 33.88347625732422, 14900.89453125
704, 5701.325748234987, True, 18.76448917388916, 297, 0, 0, 100000, 35.424293518066406, 15106.2958984375
705, 6904.014877080917, True, 12.689947128295898, 202, 0, 0, 100000, 34.49447250366211, 14833.9892578125
706, -7407.356003522873, False, 4.8248748779296875, 77, 0, 0, 100000, 35.54331588745117, 14685.9873046875
707, 6762.925097584724, True, 21.59281277656555, 346, 0, 0, 100000, 33.93901443481445, 14786.0546875
708, 7306.053804516792, True, 11.995227098464966, 195, 0, 0, 100000, 29.3529052734375, 14804.2861328125
709, 7675.5003772825, True, 13.723207950592041, 224, 0, 0, 100000, 34.13890075683594, 14809.234375
